0 22
0 38
0 268
0 273
0 752
0 795
0 846
0 860
0 920
1 86
1 262
1 370
1 387
1 504
1 534
1 558
1 677
2 187
2 215
2 232
2 376
2 386
2 885
2 909
3 267
3 313
3 427
3 463
3 614
4 22
4 281
4 421
4 441
4 459
4 520
4 721
4 748
5 58
5 311
5 353
5 426
5 445
5 447
5 531
5 553
5 650
5 656
5 758
6 189
6 238
6 353
6 436
6 440
6 495
6 805
6 831
6 843
6 898
6 929
7 27
7 241
7 260
7 310
7 357
7 476
7 507
7 541
7 560
7 673
7 768
7 779
7 793
7 921
7 954
8 4
8 70
8 853
8 869
8 884
8 910
9 77
9 120
9 323
9 452
9 541
9 761
9 797
10 260
10 272
10 321
10 390
10 396
10 413
10 494
10 614
10 732
10 830
11 31
11 310
11 689
11 711
11 741
11 832
11 845
11 880
11 896
11 942
11 971
12 48
12 79
12 119
12 209
12 308
12 312
12 413
12 445
12 668
12 692
12 754
12 843
12 965
13 246
13 387
13 425
13 430
13 538
13 607
13 621
13 656
13 690
13 759
13 879
13 992
14 6
14 54
14 305
14 380
14 445
14 447
14 476
14 663
14 691
14 723
15 37
15 269
15 412
15 416
15 507
15 511
15 589
15 700
15 787
15 879
16 123
16 191
16 261
16 417
16 424
16 462
16 792
16 861
16 984
17 19
17 54
17 191
17 254
17 284
17 538
17 605
17 653
17 655
17 726
17 886
17 899
17 905
17 974
17 997
18 103
18 145
18 146
18 179
18 265
18 267
18 307
18 328
18 507
18 591
18 701
18 791
18 919
19 775
20 48
20 163
20 767
20 774
20 781
20 870
21 3
21 47
21 179
21 181
21 264
21 286
21 321
21 404
21 422
21 461
21 546
21 748
21 791
21 953
21 956
22 189
22 226
22 496
22 701
22 794
22 820
22 891
23 20
23 32
23 562
23 563
23 600
23 601
23 746
23 769
23 859
23 870
23 898
23 931
24 126
24 131
24 271
24 274
24 323
24 518
24 580
24 718
24 766
24 847
24 867
24 898
24 989
25 56
25 271
25 378
25 388
25 460
25 513
25 605
25 625
25 932
25 970
26 401
26 446
26 796
26 923
27 101
27 161
27 243
27 295
27 315
27 394
27 471
27 557
27 604
27 634
27 733
27 801
27 889
28 182
28 194
28 340
28 385
28 404
28 697
28 741
28 781
28 863
29 6
29 227
29 287
29 397
29 533
29 565
29 623
29 718
30 11
30 23
30 90
30 115
30 150
30 151
30 333
30 363
30 430
30 503
30 522
30 591
30 635
30 906
31 111
31 197
31 274
31 474
31 497
31 500
31 586
31 674
31 920
31 927
32 1
32 36
32 44
32 97
32 375
32 515
32 586
32 688
32 723
32 789
32 849
32 941
33 136
33 218
33 389
33 583
33 661
33 664
33 676
33 786
33 804
33 849
34 281
34 297
34 313
34 417
34 511
34 592
34 606
34 640
34 710
34 887
34 952
34 962
34 973
35 93
35 203
35 211
35 338
35 376
35 382
35 658
35 729
35 767
35 893
36 173
36 358
36 638
36 659
36 949
37 244
37 412
37 569
37 644
37 720
37 899
37 970
38 144
38 269
38 468
38 699
38 727
38 765
38 816
38 822
38 845
38 972
39 42
39 138
39 180
39 549
39 603
39 638
39 692
39 730
39 826
39 940
39 984
40 52
40 114
40 183
40 188
40 234
40 280
40 304
40 431
40 501
40 591
40 608
40 655
40 738
40 739
40 840
40 936
40 942
41 139
41 336
41 359
41 373
41 599
41 602
41 637
41 642
41 650
41 651
41 816
41 858
41 865
42 46
42 302
42 399
42 405
42 513
42 564
42 590
42 821
42 831
43 37
43 44
43 45
43 107
43 139
43 251
43 325
43 345
43 464
43 602
43 770
43 783
43 811
43 835
43 849
43 898
43 920
44 48
44 236
44 326
44 494
44 554
44 645
45 3
45 13
45 327
45 413
45 424
45 500
45 610
45 765
45 939
45 990
46 348
46 403
46 410
46 523
46 536
46 538
46 698
46 753
46 839
46 923
46 947
47 63
47 98
47 209
47 326
47 370
47 497
47 625
47 757
47 765
47 768
47 889
48 21
48 23
48 113
48 128
48 254
48 373
48 381
48 433
48 528
48 561
48 607
48 608
48 739
48 773
48 952
49 297
49 490
49 529
49 549
49 568
49 577
49 584
49 638
49 789
49 946
50 2
50 61
50 181
50 208
50 299
50 354
50 430
50 433
50 466
50 479
50 625
50 711
50 812
50 850
50 851
50 871
50 875
51 184
51 448
51 492
51 621
51 689
51 808
52 157
52 216
52 309
52 334
52 337
52 387
52 799
52 823
52 856
52 912
52 917
52 977
53 401
53 477
53 740
53 800
53 921
53 937
54 30
54 605
54 741
54 755
54 847
54 933
54 991
55 14
55 29
55 49
55 52
55 104
55 197
55 292
55 421
55 426
55 443
55 649
55 773
55 853
55 978
55 995
56 87
56 215
56 496
56 500
56 616
56 642
56 793
57 42
57 46
57 149
57 159
57 229
57 291
57 381
57 403
57 410
57 445
57 578
57 612
57 650
57 686
57 829
57 864
57 876
57 933
57 964
57 992
58 249
58 355
58 359
58 412
58 426
58 472
58 546
58 679
58 892
59 239
59 272
59 352
59 373
59 703
59 759
59 784
59 829
60 130
60 147
60 208
60 219
60 240
60 274
60 410
60 445
60 540
60 576
60 636
60 891
61 35
61 55
61 100
61 301
61 340
61 401
61 562
61 575
61 720
61 821
61 870
62 190
62 288
62 291
62 333
62 336
62 438
62 668
62 705
62 710
62 742
62 788
62 805
62 826
62 912
63 8
63 54
63 61
63 136
63 711
63 826
63 882
64 52
64 332
64 421
64 454
64 472
64 514
64 906
65 123
65 215
65 327
65 545
65 717
65 745
66 7
66 247
66 502
66 537
66 591
66 633
66 948
66 978
67 5
67 92
67 97
67 120
67 163
67 166
67 205
67 447
67 508
67 509
67 831
67 848
68 28
68 29
68 73
68 107
68 122
68 198
68 206
68 580
68 657
68 692
68 717
68 745
68 803
68 901
68 998
69 403
69 480
69 532
69 792
69 946
70 23
70 78
70 155
70 251
70 280
70 470
70 587
70 621
70 688
70 695
70 707
70 777
70 780
71 88
71 158
71 345
71 387
71 622
71 790
71 834
71 835
72 31
72 48
72 81
72 104
72 228
72 279
72 437
72 490
72 928
73 197
73 284
73 401
73 609
73 677
73 811
74 58
74 69
74 129
74 199
74 284
74 425
74 473
74 493
74 569
74 618
74 693
74 715
74 772
74 857
74 951
74 985
75 1
75 77
75 274
75 283
75 430
75 491
75 714
75 804
75 910
76 10
76 81
76 105
76 106
76 314
76 393
76 431
76 477
76 617
76 697
77 54
77 68
77 235
77 270
77 485
77 529
77 550
77 652
77 907
77 922
77 985
78 13
78 111
78 116
78 123
78 220
78 221
78 244
78 248
78 291
78 310
78 515
78 591
78 765
78 891
79 232
79 243
79 444
79 568
79 620
79 643
79 723
79 735
79 778
79 886
80 304
80 481
80 541
80 543
80 591
80 809
80 860
81 7
81 19
81 172
81 300
81 449
81 536
81 663
81 711
81 762
81 773
81 826
81 894
82 202
82 419
82 421
82 528
82 630
82 705
82 719
82 747
82 749
82 821
83 77
83 78
83 264
83 404
83 600
83 734
83 849
83 894
83 958
83 976
84 38
84 152
84 185
84 224
84 245
84 345
84 371
84 447
84 496
84 611
84 627
84 639
85 170
85 212
85 308
85 340
85 560
85 588
85 630
85 718
85 736
86 25
86 121
86 151
86 172
86 217
86 325
86 332
86 507
86 554
86 629
86 770
86 820
87 39
87 44
87 108
87 250
87 386
87 497
87 556
87 575
87 597
87 626
87 985
88 108
88 200
88 396
88 634
88 817
88 864
88 971
89 36
89 45
89 56
89 137
89 252
89 278
89 394
89 468
89 536
89 597
89 674
89 714
89 721
89 826
89 866
89 890
90 59
90 111
90 226
90 290
90 483
90 560
90 660
90 667
90 698
90 769
90 835
91 92
91 226
91 435
91 530
91 679
91 717
91 836
91 981
92 396
92 485
92 511
92 658
92 695
92 866
92 891
92 943
93 1
93 215
93 222
93 306
93 519
93 604
93 613
93 704
93 815
93 830
93 865
93 951
94 99
94 131
94 322
94 336
94 590
94 653
94 794
94 839
94 855
94 872
94 913
94 970
95 219
95 388
95 417
95 519
95 633
95 826
95 892
95 943
96 131
96 154
96 273
96 338
96 377
96 801
96 847
96 975
97 26
97 58
97 98
97 123
97 236
97 378
97 464
97 585
97 699
98 311
98 639
98 642
98 705
98 829
98 970
99 356
99 360
99 474
99 481
99 727
99 932
100 193
100 255
100 363
100 423
100 460
100 662
100 719
100 786
101 22
101 57
101 67
101 243
101 252
101 334
101 462
101 543
101 590
101 842
102 110
102 147
102 206
102 282
102 371
102 403
102 636
102 721
102 890
103 15
103 31
103 173
103 236
103 247
103 296
103 513
103 563
103 591
103 714
103 719
103 757
103 768
103 774
103 893
103 911
103 948
104 97
104 285
104 398
104 416
104 484
104 522
104 599
104 627
104 726
105 120
105 287
105 298
105 364
105 542
105 547
105 565
105 664
105 693
105 944
106 29
106 144
106 375
106 525
106 606
106 650
106 677
106 747
106 856
106 962
107 88
107 258
107 350
107 355
107 450
107 517
107 520
107 566
107 614
107 627
107 646
107 770
107 938
108 169
108 404
108 473
108 500
108 541
108 587
108 595
108 603
108 800
109 22
109 40
109 52
109 173
109 188
109 357
109 399
109 409
109 420
109 449
109 970
110 18
110 155
110 199
110 339
110 359
110 381
110 753
110 861
111 205
111 265
111 671
111 728
111 754
112 76
112 81
112 273
112 361
112 517
112 582
112 955
113 116
113 461
113 573
113 619
113 698
113 704
113 755
113 820
113 853
113 898
113 943
113 995
114 5
114 53
114 127
114 388
114 399
114 468
114 540
114 657
114 825
114 856
115 82
115 103
115 227
115 242
115 247
115 765
115 836
115 943
115 986
116 204
116 254
116 401
116 454
116 459
116 605
116 932
117 283
117 545
117 575
117 673
117 715
117 726
117 856
118 66
118 113
118 156
118 230
118 321
118 325
118 451
118 685
118 783
118 993
119 99
119 175
119 220
119 323
119 366
119 446
119 748
120 18
120 73
120 301
120 498
120 552
120 606
120 642
120 761
120 937
120 970
120 985
121 0
121 147
121 410
121 529
121 587
121 713
121 800
122 265
122 588
122 596
122 653
122 942
122 962
123 47
123 196
123 209
123 277
123 759
123 779
123 838
124 20
124 140
124 160
124 197
124 438
124 456
124 651
124 727
124 736
124 773
124 853
124 872
124 961
124 999
125 64
125 114
125 164
125 234
125 327
125 334
125 442
125 450
125 663
125 701
125 830
125 962
126 129
126 165
126 166
126 183
126 227
126 357
126 364
126 469
126 522
126 658
126 717
126 788
127 96
127 142
127 234
127 400
127 618
127 694
127 706
127 775
128 239
128 287
128 382
128 622
128 854
129 19
129 37
129 46
129 143
129 149
129 283
129 316
129 709
129 794
130 92
130 258
130 316
130 363
130 419
130 525
130 691
130 779
130 900
130 903
130 924
131 182
131 198
131 226
131 331
131 441
131 545
131 562
131 582
131 939
131 943
131 979
131 983
132 126
132 160
132 192
132 218
132 267
132 384
132 534
132 682
132 694
132 960
133 359
133 559
133 659
133 691
133 743
133 830
133 953
134 71
134 96
134 246
134 293
134 371
134 441
134 465
134 576
134 599
134 798
134 805
134 807
134 921
134 929
134 991
135 9
135 406
135 464
135 472
135 518
135 576
135 804
135 815
135 834
136 141
136 302
136 309
136 881
137 72
137 84
137 112
137 201
137 279
137 437
137 495
137 553
137 613
137 919
138 44
138 147
138 494
138 657
138 773
138 845
138 905
138 991
139 117
139 148
139 224
139 227
139 309
139 429
139 503
139 545
139 599
139 710
139 723
140 104
140 117
140 244
140 292
140 576
140 594
140 716
141 25
141 94
141 118
141 194
141 288
141 412
141 531
142 37
142 99
142 310
142 345
142 403
142 534
142 707
143 49
143 122
143 189
143 190
143 198
143 275
143 310
143 395
143 516
143 549
143 612
143 622
143 627
143 768
143 794
143 862
143 895
143 921
144 93
144 94
144 420
144 529
144 661
144 734
144 753
144 764
144 819
144 832
144 929
145 3
145 19
145 89
145 264
145 278
145 280
145 291
145 313
145 342
145 653
145 677
145 693
145 915
145 934
146 87
146 165
146 486
146 530
146 713
146 768
146 820
146 836
146 890
147 64
147 118
147 125
147 209
147 245
147 523
147 663
147 671
147 689
147 697
147 708
147 766
147 997
148 33
148 129
148 156
148 308
148 588
148 592
148 671
148 712
148 719
149 248
149 687
149 839
149 918
149 955
149 977
150 199
150 216
150 290
150 448
150 505
150 508
150 573
150 601
150 760
150 763
150 846
150 903
150 926
151 12
151 29
151 160
151 209
151 272
151 418
151 564
151 629
151 805
152 120
152 155
152 240
152 293
152 354
152 365
152 384
152 431
152 513
152 528
152 533
152 541
152 627
152 756
152 806
152 895
152 930
152 939
152 959
153 21
153 36
153 117
153 571
153 596
153 666
153 766
153 777
153 784
153 964
153 984
154 2
154 252
154 721
154 968
155 97
155 200
155 599
155 686
155 732
155 737
155 827
155 831
155 980
156 129
156 239
156 320
156 388
156 498
156 551
156 562
156 928
157 24
157 53
157 112
157 290
157 572
157 715
157 746
157 847
157 898
158 2
158 322
158 520
158 531
158 569
158 571
158 599
158 601
158 635
158 698
158 746
158 747
158 759
158 860
158 887
159 111
159 126
159 236
159 308
159 423
159 468
159 691
159 722
159 769
159 852
160 236
160 260
160 437
160 739
160 857
160 883
161 80
161 183
161 248
161 263
161 299
161 388
161 702
161 793
161 813
161 841
161 911
162 145
162 311
162 441
162 579
162 611
162 898
162 948
162 962
163 241
163 363
163 377
163 528
163 826
163 839
163 846
164 153
164 158
164 257
164 315
164 674
165 29
165 216
165 295
165 434
165 447
165 475
165 484
165 509
165 585
165 596
165 852
165 927
165 955
165 984
166 16
166 176
166 220
166 481
166 697
167 282
167 315
167 432
167 513
167 667
167 817
167 835
167 865
167 880
167 967
168 45
168 96
168 125
168 379
168 393
168 411
168 436
168 752
168 817
168 823
168 860
169 179
169 189
169 319
169 326
169 339
169 363
169 374
169 422
169 493
169 542
169 559
169 573
169 679
169 819
169 825
169 925
169 983
170 24
170 185
170 188
170 189
170 609
170 679
170 850
170 854
171 20
171 97
171 155
171 192
171 328
171 364
171 479
171 655
171 965
172 194
172 198
172 246
172 316
172 362
172 533
172 570
172 574
172 634
172 685
172 696
172 730
172 793
172 914
172 926
173 113
173 270
173 356
173 507
173 620
173 856
173 927
174 108
174 135
174 148
174 189
174 216
174 251
174 275
174 412
174 492
174 519
174 561
174 622
174 639
174 801
174 869
174 933
175 193
175 232
175 296
175 301
175 315
175 509
175 526
175 634
175 647
175 653
175 866
175 877
176 100
176 221
176 232
176 259
176 267
176 387
176 527
176 611
176 721
176 805
176 876
176 899
177 129
177 269
177 274
177 445
177 792
177 799
178 56
178 217
178 230
178 539
178 668
178 700
178 766
179 161
179 232
179 519
179 546
179 669
179 890
179 955
180 233
180 248
180 272
180 389
180 493
180 503
180 545
180 651
180 727
180 776
180 807
180 873
180 877
181 20
181 25
181 195
181 257
181 344
181 363
181 394
181 562
181 639
181 645
181 740
181 862
182 86
182 215
182 218
182 249
182 281
182 390
182 634
182 975
183 27
183 32
183 483
183 545
183 559
183 595
183 705
183 801
184 45
184 53
184 293
184 381
184 508
184 653
184 710
184 811
184 898
184 936
185 97
185 202
185 407
185 472
185 566
185 893
186 32
186 362
186 767
186 833
187 377
187 477
187 483
187 576
187 725
187 741
187 769
187 794
187 816
187 845
188 0
188 13
188 105
188 156
188 245
188 291
188 479
188 838
189 64
189 256
189 320
189 324
189 377
189 503
189 959
189 984
190 99
190 126
190 169
190 182
190 193
190 237
190 356
190 442
190 462
190 464
190 497
190 556
190 627
190 648
190 748
191 218
191 398
191 485
191 657
191 682
192 213
192 314
192 404
192 445
192 532
192 537
192 773
192 817
192 835
192 954
193 39
193 141
193 319
193 357
193 362
193 441
193 520
193 615
193 662
193 783
193 954
193 955
194 13
194 419
194 486
194 776
194 869
194 888
194 963
195 96
195 117
195 225
195 304
195 422
195 473
195 496
195 552
195 634
195 940
196 41
196 139
196 168
196 454
196 520
196 684
196 698
196 717
196 821
196 882
196 930
196 996
197 536
197 627
197 740
197 965
197 974
198 214
198 759
198 791
198 855
199 12
199 65
199 380
199 422
199 501
199 561
199 628
199 666
199 708
199 714
199 754
199 812
199 867
199 905
200 42
200 75
200 152
200 207
200 309
200 405
200 480
200 530
200 540
200 610
200 645
200 695
200 703
200 760
200 811
201 168
201 485
201 633
201 779
201 879
202 58
202 90
202 274
202 581
202 624
202 682
202 736
202 740
202 794
202 866
202 907
202 975
203 66
203 136
203 275
203 571
203 646
203 684
203 737
203 782
203 813
203 991
204 1
204 59
204 163
204 347
204 426
204 456
204 487
204 561
204 780
204 936
205 209
205 241
205 472
205 547
205 625
205 733
205 762
206 33
206 375
206 401
206 405
206 528
206 548
206 641
206 704
206 880
207 43
207 72
207 138
207 175
207 179
207 245
207 275
207 426
207 582
207 600
207 729
207 872
207 881
208 171
208 247
208 327
208 740
208 772
209 156
209 250
209 346
209 411
209 644
209 817
209 825
209 838
209 904
209 923
210 20
210 96
210 211
210 230
210 247
210 287
210 522
210 758
210 871
210 892
210 968
211 36
211 66
211 117
211 126
211 375
211 403
211 407
211 446
211 537
211 580
211 594
211 773
211 800
211 893
211 972
212 3
212 321
212 428
212 471
212 482
212 521
212 540
212 592
212 631
212 732
212 777
212 870
212 917
213 260
213 374
213 453
213 460
213 489
213 515
213 538
213 937
213 962
214 172
214 241
214 382
214 397
214 427
214 428
214 799
214 973
214 989
215 97
215 115
215 126
215 189
215 207
215 224
215 338
215 507
215 740
215 896
215 967
216 29
216 134
216 207
216 417
216 451
216 480
216 552
216 573
216 644
216 832
216 971
217 94
217 117
217 125
217 586
217 882
218 163
218 242
218 243
218 558
218 645
218 700
218 713
218 739
218 751
218 839
218 883
218 888
219 155
219 315
219 464
219 683
219 684
219 833
219 955
219 994
220 32
220 51
220 233
220 599
220 652
220 942
220 973
220 980
221 128
221 240
221 298
221 321
221 428
221 476
221 536
221 547
221 617
221 703
221 720
221 893
222 343
222 416
222 419
222 453
222 525
222 604
222 620
222 914
222 926
222 997
223 20
223 377
223 493
223 599
223 871
224 372
224 387
224 401
224 417
224 504
224 744
224 883
224 922
224 961
225 41
225 130
225 391
225 416
225 499
225 550
225 564
225 585
225 629
225 709
225 805
226 36
226 45
226 164
226 216
226 634
226 711
226 831
226 948
227 155
227 158
227 350
227 388
227 492
227 497
227 608
227 704
227 705
227 792
227 801
227 829
227 966
228 30
228 75
228 79
228 198
228 261
228 270
228 306
228 320
228 684
228 694
228 926
228 957
229 218
229 257
229 444
229 450
229 647
229 685
229 734
229 968
230 52
230 152
230 521
230 547
230 622
230 740
230 851
230 987
231 14
231 223
231 306
231 326
231 346
231 364
231 369
231 444
231 559
231 617
231 705
231 865
232 64
232 66
232 110
232 117
232 281
232 454
232 610
232 752
232 821
233 126
233 363
233 403
233 469
233 483
233 640
233 784
233 896
234 9
234 27
234 211
234 248
234 340
234 403
234 491
234 498
234 718
234 802
234 809
234 854
234 904
235 12
235 194
235 274
235 377
235 462
235 509
235 516
235 735
235 769
235 822
235 840
236 67
236 154
236 213
236 567
236 624
236 701
236 818
236 881
237 79
237 80
237 129
237 132
237 204
237 208
237 240
237 288
237 438
237 695
237 749
237 793
237 799
237 858
237 970
238 251
238 399
238 407
238 671
238 974
239 22
239 82
239 197
239 352
239 533
239 598
239 647
239 650
239 707
240 379
240 485
240 496
240 558
240 749
240 772
240 786
240 863
240 904
240 990
241 30
241 118
241 258
241 289
241 358
241 682
241 744
241 804
241 843
242 32
242 119
242 427
242 491
242 507
242 541
242 547
242 580
242 603
242 604
242 712
242 732
242 750
242 840
243 5
243 76
243 198
243 233
243 399
243 542
243 658
243 691
243 883
244 313
244 366
244 401
244 409
244 479
244 512
244 722
244 847
244 909
244 954
244 966
245 205
245 215
245 400
245 411
245 424
245 647
245 806
245 852
245 955
246 32
246 53
246 66
246 78
246 94
246 221
246 263
246 431
246 478
246 514
246 583
246 723
246 763
247 1
247 49
247 255
247 277
247 316
247 406
247 513
247 642
247 726
247 757
247 888
247 974
247 987
248 67
248 69
248 138
248 203
248 274
248 725
248 758
248 779
248 817
248 886
248 980
248 987
249 122
249 188
249 224
249 327
249 367
249 431
249 514
249 550
249 552
249 593
249 680
249 689
249 869
249 956
250 80
250 173
250 193
250 215
250 292
250 500
250 530
250 638
250 687
251 26
251 28
251 50
251 126
251 128
251 346
251 542
251 648
251 668
251 701
251 737
251 796
251 834
252 120
252 145
252 371
252 380
252 507
252 579
252 588
252 752
253 25
253 81
253 193
253 405
253 423
253 497
253 745
253 751
253 855
253 862
253 884
254 280
254 326
254 483
254 549
254 618
254 701
254 960
255 230
255 282
255 567
255 581
255 604
255 891
255 993
256 50
256 344
256 384
256 433
256 528
256 603
256 607
256 696
256 760
257 12
257 97
257 114
257 121
257 189
257 263
257 337
257 373
257 374
257 468
257 482
257 590
257 914
258 31
258 72
258 84
258 134
258 184
258 329
258 730
258 939
258 963
259 13
259 18
259 91
259 203
259 310
259 366
259 422
259 425
259 568
259 570
259 634
259 701
259 789
259 792
259 852
259 862
259 867
260 31
260 115
260 144
260 230
260 242
260 347
260 363
260 383
260 501
260 527
260 591
260 703
260 752
260 839
260 953
261 123
261 339
261 439
261 543
261 710
261 789
261 852
261 860
261 994
262 340
262 345
262 470
262 593
262 853
262 940
263 35
263 55
263 171
263 697
263 698
263 882
264 23
264 105
264 147
264 179
264 475
264 877
264 983
265 126
265 326
265 389
265 406
265 782
265 826
265 830
265 913
265 975
266 110
266 144
266 175
266 353
266 377
266 471
266 524
266 679
266 802
266 870
266 915
266 964
266 989
267 35
267 54
267 113
267 389
267 496
267 651
267 670
267 673
267 866
267 951
268 35
268 38
268 121
268 175
268 280
268 296
268 344
268 395
268 450
268 452
268 457
268 505
268 536
268 875
268 984
269 9
269 11
269 35
269 51
269 177
269 207
269 330
269 359
269 562
269 619
269 628
269 661
269 832
269 958
269 965
270 43
270 90
270 143
270 409
270 411
270 663
270 733
270 807
270 824
270 880
270 908
270 946
270 984
270 999
271 9
271 238
271 397
271 428
271 432
271 446
271 665
271 854
271 987
272 73
272 211
272 353
272 388
272 417
272 514
272 555
272 688
272 750
272 855
272 888
272 921
273 107
273 186
273 231
273 356
273 359
273 428
273 454
273 476
273 482
273 524
273 527
273 575
273 624
273 775
273 993
274 257
274 313
274 320
274 350
274 437
274 471
274 610
274 619
274 781
274 859
274 912
275 80
275 138
275 144
275 229
275 287
275 305
275 321
275 338
275 369
275 371
275 498
275 608
275 771
275 899
275 952
276 62
276 93
276 190
276 392
276 639
276 688
276 728
276 845
276 894
277 54
277 62
277 68
277 275
277 380
277 476
277 643
277 664
277 761
277 789
277 895
278 99
278 309
278 313
278 350
278 400
278 417
278 580
278 607
278 735
278 899
279 46
279 211
279 316
279 429
279 580
279 583
279 617
279 687
280 149
280 209
280 271
280 284
280 304
280 476
280 493
280 494
280 515
280 688
280 890
280 984
280 987
281 174
281 193
281 350
281 390
281 528
281 561
281 660
281 673
281 741
281 925
281 937
282 250
282 775
282 980
283 192
283 232
283 404
283 465
283 527
283 677
283 702
283 739
283 959
284 8
284 180
284 260
284 265
284 370
284 371
284 476
284 519
284 752
284 894
285 356
285 371
285 429
285 438
285 502
285 531
285 654
285 711
285 718
285 797
286 216
286 284
286 385
286 404
286 447
286 452
286 568
286 636
286 667
286 792
286 833
286 865
286 891
287 18
287 415
287 609
287 670
287 689
287 881
287 929
288 26
288 188
288 521
288 542
288 562
288 744
288 915
289 5
289 16
289 21
289 76
289 263
289 303
289 374
289 375
289 436
289 485
289 544
289 635
289 756
289 812
289 886
289 947
289 980
290 34
290 95
290 334
290 435
290 440
290 513
290 731
290 782
290 867
290 904
291 21
291 88
291 146
291 200
291 342
291 415
291 596
291 613
291 632
291 901
291 927
292 70
292 303
292 442
292 498
292 575
292 599
292 653
292 817
292 923
293 111
293 371
293 589
293 723
293 795
293 916
293 941
293 974
294 8
294 19
294 99
294 289
294 392
294 398
294 399
294 406
294 509
294 616
294 630
294 696
294 807
294 905
295 38
295 204
295 288
295 516
295 571
295 604
295 622
295 652
295 711
295 930
296 103
296 107
296 215
296 380
296 560
296 622
296 638
296 767
296 888
297 149
297 306
297 431
297 588
297 634
297 670
297 905
297 958
298 11
298 16
298 18
298 200
298 208
298 209
298 387
298 514
298 626
298 838
298 875
299 23
299 123
299 295
299 314
299 341
299 510
299 512
299 717
299 747
299 946
300 49
300 85
300 335
300 476
300 565
300 844
300 961
300 994
301 313
301 380
301 497
301 614
301 957
302 73
302 173
302 289
302 313
302 426
302 488
302 659
302 666
302 759
302 799
302 808
302 840
302 931
303 37
303 110
303 244
303 429
303 515
303 543
303 618
303 652
303 703
303 718
303 964
304 29
304 75
304 131
304 445
304 622
304 804
304 898
304 908
304 944
305 127
305 372
305 492
305 945
306 317
306 343
306 546
306 558
306 886
306 909
306 951
307 114
307 126
307 160
307 166
307 168
307 221
307 246
307 450
307 517
307 618
307 713
307 734
307 767
307 885
307 899
307 969
308 106
308 241
308 449
308 457
308 524
308 622
308 690
309 220
309 260
309 464
309 525
309 807
310 16
310 110
310 253
310 437
310 875
311 46
311 217
311 271
311 316
311 351
311 357
311 494
311 591
311 626
311 634
311 787
311 858
312 40
312 42
312 108
312 169
312 196
312 406
312 452
312 671
312 782
312 907
312 919
313 77
313 104
313 222
313 349
313 515
313 641
313 763
313 923
314 137
314 138
314 188
314 243
314 304
314 307
314 312
314 559
314 582
314 641
314 643
314 773
314 915
315 122
315 126
315 226
315 354
315 394
315 447
315 766
315 894
315 938
315 941
315 970
316 27
316 58
316 163
316 197
316 434
316 564
316 572
316 580
316 594
316 771
316 804
316 967
317 56
317 68
317 347
317 387
317 436
317 453
317 487
317 511
317 617
317 746
317 753
317 763
317 897
318 71
318 90
318 200
318 226
318 495
318 505
318 661
318 839
318 965
319 141
319 227
319 441
319 572
319 794
319 949
319 965
320 173
320 332
320 434
320 557
320 578
320 587
320 628
320 661
320 703
320 801
320 936
321 9
321 65
321 86
321 91
321 672
321 675
321 828
321 857
321 958
321 977
322 233
322 824
322 906
323 205
323 240
323 368
323 518
323 567
323 688
324 34
324 490
324 586
324 729
324 776
325 226
325 424
325 492
325 601
325 690
325 696
325 699
325 710
325 821
325 913
325 988
326 368
326 575
326 606
326 778
326 854
327 138
327 235
327 285
327 456
327 528
327 530
327 597
328 64
328 118
328 190
328 209
328 220
328 392
328 400
328 454
328 638
328 881
328 944
329 39
329 225
329 514
329 596
329 703
329 771
330 200
330 313
330 359
330 454
330 571
330 641
330 782
330 847
331 5
331 115
331 174
331 188
331 264
331 365
331 615
331 646
331 745
331 969
332 27
332 77
332 153
332 183
332 251
332 312
332 315
332 345
332 409
332 521
332 540
332 803
332 860
332 863
332 936
333 2
333 158
333 189
333 190
333 331
333 371
333 501
333 521
333 771
333 776
333 779
334 22
334 113
334 206
334 330
334 346
334 623
334 627
334 651
334 795
334 978
335 68
335 73
335 93
335 129
335 373
335 701
335 977
335 994
336 31
336 367
336 769
336 829
336 894
337 109
337 114
337 192
337 214
337 239
337 261
337 305
337 472
337 510
337 582
337 629
337 638
338 55
338 243
338 303
338 480
338 485
338 601
338 717
338 738
338 947
338 993
338 995
339 100
339 138
339 275
339 396
339 398
339 445
339 500
339 598
339 653
339 665
339 770
339 809
339 878
339 917
339 931
340 116
340 352
340 361
340 535
340 611
340 718
340 872
340 947
341 58
341 195
341 366
341 440
341 449
341 528
341 558
341 579
341 669
341 711
341 761
341 776
341 823
341 866
341 890
341 964
341 980
342 9
342 87
342 246
342 397
342 629
343 1
343 253
343 353
343 397
343 471
343 476
343 494
343 560
343 564
343 594
343 790
343 838
343 967
344 55
344 65
344 83
344 233
344 263
344 324
344 337
344 407
344 643
344 665
344 676
344 717
345 5
345 43
345 49
345 231
345 240
345 282
345 305
345 309
345 311
345 438
345 496
345 520
345 724
345 775
345 828
345 888
345 896
345 946
346 45
346 211
346 216
346 227
346 274
346 470
346 477
346 506
346 707
346 748
346 889
346 954
346 973
346 996
347 24
347 93
347 215
347 217
347 403
347 529
347 594
347 677
347 742
347 820
347 843
347 983
348 115
348 259
348 395
348 445
348 481
348 551
348 653
348 754
348 883
348 901
348 935
348 955
349 45
349 102
349 114
349 128
349 134
349 181
349 216
349 244
349 413
349 430
349 458
349 477
349 591
349 710
349 841
350 173
350 216
350 227
350 295
350 380
350 465
350 534
350 543
350 570
350 647
350 709
350 790
350 844
350 964
351 282
351 349
351 450
351 503
351 575
351 898
351 903
352 11
352 38
352 124
352 489
352 500
352 525
352 618
352 662
352 741
352 965
353 28
353 64
353 109
353 119
353 128
353 153
353 188
353 419
353 465
353 467
353 631
353 926
353 998
354 8
354 64
354 89
354 561
354 647
354 666
354 695
354 744
354 886
354 963
354 981
355 225
355 227
355 254
355 547
355 698
355 832
355 979
356 133
356 234
356 320
356 335
356 446
356 488
356 594
356 784
356 923
357 27
357 126
357 139
357 276
357 484
357 534
357 638
357 723
357 865
357 908
358 167
358 256
358 299
358 369
358 475
358 482
358 487
358 662
358 706
358 754
358 786
358 851
358 898
359 169
359 225
359 255
359 272
359 310
359 609
359 639
359 789
359 866
360 187
360 194
360 304
360 411
360 681
360 757
360 773
360 785
360 826
360 868
360 972
361 26
361 51
361 59
361 113
361 240
361 257
361 391
361 434
361 487
361 626
361 630
361 789
361 793
361 817
361 830
361 856
361 947
361 949
362 67
362 154
362 180
362 200
362 271
362 393
362 589
362 620
362 741
362 750
362 753
362 813
362 827
362 838
362 867
362 964
362 996
363 84
363 353
363 439
363 703
363 815
363 884
363 923
364 284
364 487
364 538
364 684
364 952
365 120
365 406
365 565
365 798
365 803
365 983
366 199
366 200
366 264
366 343
366 413
366 451
366 491
366 511
366 592
366 907
366 944
366 975
367 97
367 145
367 484
367 717
367 831
367 874
367 961
367 966
368 16
368 139
368 143
368 163
368 286
368 389
368 462
368 518
368 529
368 712
368 781
368 796
368 867
369 92
369 329
369 574
369 585
369 753
369 776
369 807
369 860
369 920
369 990
370 253
370 266
370 279
370 367
370 406
370 417
370 458
370 522
370 818
370 821
370 861
370 912
370 973
371 188
371 260
371 297
371 370
371 401
371 615
371 824
371 951
372 51
372 68
372 254
372 309
372 318
372 341
372 588
372 611
372 646
372 679
372 845
372 906
373 352
373 371
373 408
373 461
373 566
373 684
373 692
373 780
374 150
374 229
374 233
374 279
374 286
374 448
374 463
374 667
374 680
374 850
374 980
375 3
375 135
375 255
375 366
375 497
375 591
375 607
375 800
375 873
375 894
376 143
376 346
376 408
376 433
376 756
376 853
376 913
377 307
377 370
377 401
377 421
377 459
377 517
377 555
377 637
377 764
377 774
377 863
377 909
377 999
378 51
378 168
378 180
378 191
378 260
378 522
378 607
378 636
378 637
378 899
378 917
378 993
378 999
379 147
379 217
379 243
379 324
379 334
379 615
379 623
379 664
379 708
379 809
379 862
379 927
379 935
379 988
380 77
380 162
380 264
380 290
380 312
380 361
380 364
380 415
380 424
380 443
380 582
380 861
380 905
380 994
381 15
381 145
381 212
381 335
381 395
381 450
381 524
381 561
381 628
381 658
381 729
381 770
381 773
381 882
382 11
382 165
382 248
382 316
382 319
382 420
382 436
382 462
382 511
382 663
382 771
382 788
382 845
383 137
383 145
383 218
383 234
383 280
383 367
383 454
383 545
383 571
383 616
383 974
383 993
384 77
384 229
384 271
384 390
384 448
384 456
384 580
384 649
384 834
384 917
385 281
385 409
385 437
385 472
385 514
386 23
386 144
386 207
386 309
386 467
386 560
386 820
386 855
386 862
386 893
386 982
387 106
387 269
387 406
387 482
387 659
387 672
387 791
387 883
387 889
388 50
388 197
388 418
388 475
388 518
388 615
388 859
388 909
388 957
389 124
389 125
389 167
389 347
389 515
389 671
389 688
389 701
389 873
389 892
390 30
390 45
390 135
390 240
390 356
390 386
390 546
390 666
390 795
390 882
390 915
390 960
391 122
391 290
391 369
391 370
391 413
391 673
391 678
391 687
391 703
391 740
391 793
391 813
391 844
391 901
392 70
392 108
392 110
392 196
392 228
392 277
392 288
392 304
392 522
392 648
392 742
392 777
392 833
392 911
393 31
393 231
393 259
393 312
393 321
393 344
393 345
393 441
393 625
393 732
393 777
393 992
394 255
394 465
394 551
394 638
394 649
394 743
394 745
394 788
394 952
394 987
395 113
395 218
395 229
395 275
395 282
395 377
395 388
395 402
395 470
395 627
395 628
395 666
395 718
395 870
396 285
396 389
396 442
396 518
396 551
396 592
396 704
396 894
396 962
397 8
397 140
397 178
397 292
397 503
397 663
397 815
397 828
397 837
397 895
397 956
398 65
398 212
398 362
398 415
398 454
398 488
398 580
398 635
398 798
398 806
399 93
399 111
399 163
399 179
399 374
399 498
399 612
399 658
399 898
399 991
400 46
400 268
400 279
400 299
400 327
400 456
400 473
400 594
400 640
400 863
400 895
400 936
400 957
400 961
400 967
401 69
401 71
401 75
401 178
401 261
401 290
401 358
401 422
401 459
401 464
401 488
401 605
401 624
401 759
401 779
401 964
402 104
402 188
402 327
402 640
402 668
402 892
402 924
402 927
402 955
403 59
403 76
403 161
403 236
403 364
403 452
403 567
403 701
403 706
403 759
404 13
404 137
404 176
404 298
404 309
404 440
404 619
404 665
404 687
404 755
404 758
404 782
404 864
404 942
405 130
405 245
405 249
405 774
405 786
406 60
406 180
406 218
406 361
406 378
406 478
406 502
406 711
406 778
406 863
407 22
407 41
407 345
407 668
407 911
407 925
407 934
408 298
408 301
408 810
408 821
408 873
408 966
408 971
409 12
409 57
409 396
409 568
409 704
409 836
409 885
409 890
410 108
410 275
410 344
410 536
410 718
410 865
411 149
411 200
411 235
411 433
411 488
411 578
411 584
411 776
411 954
412 47
412 241
412 648
412 659
412 944
413 67
413 277
413 283
413 303
413 344
413 459
413 516
413 531
413 713
413 754
414 366
414 476
414 483
414 574
414 926
414 956
415 14
415 71
415 98
415 168
415 171
415 362
415 456
415 459
415 471
415 748
415 750
415 815
415 829
415 868
415 901
416 128
416 230
416 342
416 678
416 693
416 706
416 762
416 813
416 843
416 856
416 897
416 953
416 971
417 158
417 162
417 175
417 325
417 332
417 443
417 465
417 671
417 890
418 290
418 348
418 743
418 826
419 87
419 370
419 555
419 566
419 865
419 978
420 39
420 224
420 313
420 359
420 447
420 565
420 596
420 716
420 732
420 733
420 803
420 853
420 866
420 960
420 963
421 56
421 77
421 140
421 355
421 468
421 605
421 681
421 710
421 931
422 30
422 50
422 193
422 259
422 319
422 423
422 513
422 583
422 601
422 604
422 679
422 731
423 20
423 30
423 191
423 219
423 276
423 654
423 862
423 865
424 75
424 226
424 229
424 325
424 341
424 382
424 455
424 838
424 870
425 512
425 610
425 866
425 869
425 873
425 882
425 930
425 945
426 268
426 287
426 302
426 345
426 649
426 762
426 812
426 835
427 19
427 23
427 73
427 167
427 355
427 523
427 547
427 613
428 30
428 231
428 457
428 462
428 760
428 828
429 330
429 537
429 719
429 898
429 987
430 350
430 516
430 585
430 695
430 775
430 995
431 83
431 87
431 92
431 129
431 217
431 236
431 256
431 272
431 277
431 369
431 377
431 457
431 584
431 644
431 645
431 886
432 106
432 228
432 238
432 411
432 481
432 568
432 577
432 627
432 719
432 754
432 898
432 987
433 15
433 196
433 339
433 564
433 749
433 939
433 958
434 25
434 214
434 309
434 331
434 347
434 529
434 595
434 734
434 771
434 902
434 957
435 75
435 160
435 240
435 345
435 407
435 557
435 709
435 730
435 805
435 821
435 843
435 978
436 269
436 355
436 387
436 458
436 602
436 660
436 888
437 19
437 188
437 189
437 243
437 300
437 321
437 388
437 404
437 500
437 521
437 757
437 799
437 806
437 831
438 23
438 25
438 38
438 42
438 185
438 204
438 308
438 367
438 466
438 539
438 782
438 828
438 855
438 866
438 986
438 996
439 29
439 94
439 105
439 115
439 176
439 179
439 300
439 323
439 433
439 566
439 567
439 714
439 965
440 9
440 116
440 126
440 160
440 494
440 664
440 858
441 27
441 55
441 61
441 71
441 133
441 277
441 341
441 390
441 417
441 498
441 533
441 792
441 806
441 841
441 842
441 901
441 920
442 46
442 384
442 490
442 655
442 714
442 833
443 26
443 79
443 90
443 510
443 542
443 846
444 87
444 195
444 213
444 453
444 496
444 526
444 530
444 624
444 838
444 917
444 939
445 78
445 91
445 222
445 289
445 387
445 410
445 522
445 559
445 724
446 51
446 132
446 296
446 312
446 327
446 601
446 724
446 729
446 758
446 820
446 905
446 907
446 924
447 8
447 122
447 151
447 245
447 247
447 310
447 409
447 420
447 627
447 802
447 823
447 843
447 853
448 130
448 190
448 215
448 245
448 351
448 379
448 411
448 499
448 519
448 818
448 843
449 14
449 21
449 100
449 298
449 335
449 518
449 643
449 691
449 800
449 811
450 40
450 239
450 268
450 350
450 362
450 435
450 454
450 499
450 658
450 791
450 849
450 952
451 522
451 793
451 812
451 817
451 980
452 60
452 152
452 481
452 580
452 638
452 842
452 892
453 141
453 162
453 171
453 315
453 358
453 371
453 452
453 547
453 617
453 628
453 896
454 312
454 316
454 327
454 390
454 590
454 735
454 820
454 835
454 862
455 32
455 127
455 141
455 160
455 173
455 382
455 521
455 619
455 723
455 732
455 966
455 987
456 8
456 75
456 362
456 403
456 443
456 449
456 614
456 645
456 844
456 929
456 939
456 946
457 86
457 165
457 360
457 576
457 745
457 966
457 992
458 127
458 160
458 233
458 238
458 387
458 435
458 509
458 609
458 701
458 849
459 8
459 85
459 130
459 151
459 153
459 336
459 392
459 461
459 468
459 471
459 683
459 705
459 782
459 804
459 867
459 907
460 81
460 144
460 241
460 271
460 307
460 416
460 439
460 538
460 579
460 617
460 711
460 738
460 868
460 910
460 965
461 87
461 252
461 473
461 489
461 535
461 667
461 698
461 720
461 724
461 759
461 831
461 842
461 867
461 893
462 176
462 188
462 195
462 198
462 292
462 661
462 711
462 804
462 847
462 931
462 938
462 940
462 948
462 987
463 260
463 364
463 598
463 663
463 723
463 735
463 846
464 204
464 321
464 586
464 600
464 635
464 645
464 670
464 864
464 934
464 950
464 970
465 163
465 250
465 475
465 503
465 565
465 571
465 609
465 858
465 920
465 941
465 963
465 987
466 140
466 193
466 282
466 296
466 362
466 368
466 455
466 527
466 538
466 623
466 736
466 850
466 921
467 294
467 570
467 594
467 735
467 921
467 934
467 937
468 89
468 293
468 360
468 459
468 671
468 673
468 726
468 757
468 860
468 871
468 949
469 147
469 167
469 359
469 444
469 519
469 640
470 13
470 40
470 367
470 392
470 414
470 418
470 674
470 686
470 814
470 953
470 961
471 49
471 283
471 565
471 843
471 845
471 855
471 988
472 39
472 152
472 220
472 222
472 303
472 332
472 354
472 365
472 482
472 587
472 652
472 733
472 759
472 819
473 112
473 331
473 410
473 450
473 514
473 822
473 823
473 830
473 831
473 851
473 861
473 865
474 143
474 216
474 370
474 424
474 455
474 517
474 623
474 681
474 698
474 708
474 718
474 751
474 754
474 899
474 927
474 931
474 936
474 954
474 979
475 75
475 117
475 126
475 356
475 531
475 776
475 867
476 163
476 164
476 166
476 232
476 255
476 368
476 463
476 850
476 863
476 869
477 112
477 283
477 349
477 392
477 425
477 855
477 934
478 131
478 136
478 142
478 272
478 298
478 593
478 629
478 699
478 804
478 909
478 952
478 989
478 999
479 13
479 104
479 174
479 189
479 203
479 336
479 449
479 481
479 525
479 651
479 846
479 865
480 1
480 52
480 149
480 216
480 329
480 445
480 458
480 563
480 585
480 603
480 822
480 881
480 925
480 961
481 42
481 304
481 314
481 406
481 692
481 951
482 60
482 122
482 124
482 304
482 397
482 566
482 677
482 725
482 805
482 893
482 941
483 47
483 122
483 152
483 192
483 478
483 492
483 510
484 8
484 486
484 610
485 72
485 98
485 114
485 233
485 242
485 396
485 419
485 531
485 630
485 710
485 870
485 873
485 965
486 99
486 292
486 321
486 443
486 535
486 546
486 752
486 779
486 906
487 74
487 138
487 297
487 353
487 476
487 507
487 561
487 597
487 599
487 713
487 759
487 803
487 807
487 959
488 190
488 275
488 361
488 383
488 421
488 453
488 495
488 500
488 528
488 553
488 779
488 856
488 886
489 2
489 36
489 260
489 276
489 305
489 464
489 624
489 698
490 37
490 51
490 66
490 135
490 300
490 452
490 759
490 778
490 781
490 791
491 273
491 309
491 483
491 618
491 675
491 679
491 682
491 797
491 830
491 885
491 903
491 978
492 211
492 263
492 426
492 489
492 544
492 547
492 570
492 603
492 611
492 696
492 902
493 445
493 505
493 557
493 678
493 721
493 763
493 803
493 889
493 942
493 997
494 213
494 281
494 301
494 313
494 382
494 397
494 412
494 429
494 516
494 542
494 604
494 659
494 693
494 711
494 726
494 780
494 990
495 127
495 208
495 247
495 296
495 408
495 478
495 480
495 506
495 582
495 694
495 703
495 768
495 980
496 99
496 122
496 131
496 165
496 357
496 602
496 916
497 202
497 375
497 432
497 672
497 786
497 832
497 900
498 64
498 102
498 305
498 445
498 488
498 822
498 948
498 971
499 73
499 77
499 233
499 371
499 724
499 734
499 744
499 824
499 875
500 119
500 204
500 217
500 256
500 259
500 308
500 651
500 680
500 774
501 199
501 242
501 451
501 540
502 38
502 139
502 223
502 475
502 788
502 863
502 969
503 5
503 189
503 294
503 304
503 315
503 345
503 494
503 695
503 758
503 986
504 404
504 532
504 559
505 196
505 361
505 470
505 562
505 683
505 739
505 828
505 872
505 956
505 988
506 20
506 292
506 307
506 333
506 436
506 482
506 643
506 905
506 912
506 963
506 970
507 110
507 129
507 242
507 403
507 443
507 559
507 562
507 701
507 828
507 834
507 875
508 17
508 73
508 188
508 232
508 272
508 418
508 502
508 514
508 800
508 829
508 855
508 916
509 68
509 137
509 229
509 231
509 235
509 239
509 246
509 262
509 300
509 373
509 512
509 535
509 621
509 711
509 957
509 972
510 120
510 214
510 233
510 404
510 542
510 565
510 644
510 648
510 783
510 797
510 988
511 10
511 41
511 226
511 326
511 371
511 520
511 539
511 633
511 677
511 722
511 798
511 878
511 889
511 955
511 988
512 20
512 134
512 154
512 261
512 286
512 484
512 559
512 581
512 692
512 862
513 33
513 55
513 63
513 118
513 138
513 232
513 367
513 370
513 453
513 686
513 883
513 904
513 934
514 493
514 700
514 810
514 824
514 835
514 859
514 920
515 54
515 80
515 81
515 112
515 194
515 230
515 258
515 303
515 476
515 616
515 759
515 835
515 936
515 937
515 952
516 184
516 224
516 284
516 544
516 662
516 789
516 867
516 919
517 445
517 453
517 614
517 687
517 906
518 173
518 457
518 593
518 625
518 921
519 88
519 102
519 205
519 310
519 340
519 431
519 557
519 590
519 593
519 769
519 848
519 940
520 199
520 208
520 344
520 348
520 404
520 422
520 584
520 689
520 729
520 810
520 849
520 883
520 991
521 157
521 332
521 340
521 484
521 531
521 653
521 836
521 945
521 996
522 41
522 47
522 94
522 105
522 230
522 440
522 475
522 534
522 688
522 845
523 18
523 76
523 188
523 380
523 444
523 715
523 885
523 995
524 333
524 372
524 496
524 667
524 766
524 798
525 235
525 358
525 605
525 723
525 766
525 926
525 964
526 46
526 399
526 515
526 522
526 684
526 762
526 781
526 801
526 938
527 158
527 177
527 216
527 573
527 578
527 679
527 827
527 832
527 956
528 56
528 61
528 177
528 184
528 195
528 261
528 265
528 315
528 418
528 521
528 558
528 843
528 907
529 119
529 127
529 507
529 531
529 544
529 622
529 630
529 671
529 685
529 738
529 746
529 833
529 893
530 45
530 161
530 171
530 195
530 304
530 365
530 383
530 943
531 22
531 42
531 211
531 344
531 459
531 463
531 499
531 794
531 847
531 969
532 83
532 214
532 440
532 634
532 789
532 799
532 838
532 840
532 842
532 921
532 952
532 973
533 36
533 260
533 405
533 445
533 502
533 571
533 580
533 609
533 646
533 726
533 727
533 789
533 920
533 924
534 15
534 121
534 183
534 197
534 301
534 318
534 530
534 558
534 583
534 605
534 671
534 922
535 111
535 282
535 306
535 427
535 471
535 529
535 746
535 764
535 885
536 84
536 241
536 401
536 440
536 793
536 875
537 123
537 131
537 335
537 398
537 461
537 504
537 635
537 786
537 814
537 825
537 852
538 115
538 126
538 127
538 143
538 178
538 327
538 405
538 643
538 918
538 951
539 229
539 258
539 283
539 289
539 392
539 421
539 443
539 535
539 563
539 578
539 594
539 668
539 766
539 800
539 842
539 913
540 10
540 36
540 93
540 560
540 571
540 605
540 815
541 17
541 141
541 198
541 490
541 551
541 579
541 753
541 804
541 905
541 974
542 14
542 131
542 226
542 268
542 273
542 312
542 609
542 731
542 827
542 870
542 928
543 40
543 191
543 240
543 366
543 747
543 978
544 32
544 35
544 260
544 379
544 556
544 568
544 824
544 861
544 897
545 46
545 251
545 450
545 483
545 620
545 637
545 778
545 782
546 17
546 91
546 142
546 153
546 334
546 594
546 778
546 810
546 985
547 54
547 137
547 293
547 355
547 444
547 467
547 867
547 941
547 942
548 20
548 85
548 177
548 281
548 325
548 507
548 632
548 700
548 745
548 781
548 894
549 56
549 67
549 145
549 181
549 193
549 351
549 426
549 591
549 645
549 884
550 43
550 117
550 192
550 334
550 430
550 497
550 740
550 901
551 33
551 74
551 183
551 248
551 303
551 419
551 452
551 763
551 946
551 981
552 94
552 97
552 363
552 449
552 531
552 615
552 625
552 955
553 90
553 219
553 272
553 355
553 356
553 488
553 520
553 733
553 747
553 756
553 836
553 850
553 885
554 72
554 104
554 233
554 454
554 511
554 512
554 699
554 724
554 748
554 858
555 18
555 136
555 330
555 337
555 422
555 424
555 655
555 667
555 710
555 854
555 857
555 880
555 963
556 7
556 86
556 108
556 394
556 440
556 505
556 590
556 775
556 798
556 906
557 50
557 125
557 156
557 297
557 351
557 550
557 628
557 825
558 102
558 207
558 371
558 575
558 600
558 721
558 740
558 745
558 921
559 244
559 248
559 484
559 759
559 771
559 777
559 948
560 18
560 43
560 926
561 63
561 92
561 117
561 343
561 384
561 488
561 508
561 693
561 802
561 861
561 973
562 50
562 159
562 191
562 413
562 610
562 646
562 708
562 771
562 781
562 826
562 875
563 41
563 185
563 195
563 200
563 385
563 452
563 463
563 522
563 539
563 599
563 733
563 812
563 880
564 108
564 232
564 420
564 551
564 599
564 646
564 782
564 814
564 870
564 996
565 38
565 106
565 175
565 326
565 339
565 399
565 487
565 664
565 760
565 841
565 942
565 952
565 960
566 120
566 175
566 239
566 241
566 287
566 323
566 347
566 378
566 410
566 461
566 470
566 471
566 477
566 545
566 564
566 935
567 73
567 268
567 286
567 325
567 491
567 513
567 682
567 701
567 953
568 175
568 239
568 287
568 368
568 505
568 574
568 612
568 635
568 776
568 968
568 993
569 155
569 319
569 683
569 707
569 879
569 916
569 987
570 272
570 325
570 351
570 369
570 403
570 583
570 957
570 959
571 126
571 224
571 251
571 297
571 540
571 550
571 590
571 702
571 826
571 989
572 32
572 156
572 192
572 382
572 397
572 404
572 423
572 435
572 472
572 569
572 667
572 698
572 705
572 761
572 838
572 907
573 38
573 558
573 611
573 709
573 715
573 731
573 891
573 946
574 21
574 49
574 77
574 79
574 131
574 240
574 256
574 276
574 324
574 444
574 569
574 921
575 36
575 217
575 241
575 474
575 595
575 611
575 748
575 818
575 879
576 187
576 265
576 278
576 320
576 423
576 434
576 456
576 523
576 658
576 663
576 703
576 921
577 378
577 698
577 719
577 755
577 854
578 2
578 11
578 43
578 80
578 142
578 222
578 245
578 365
578 541
578 576
578 681
578 756
578 824
578 927
579 162
579 217
579 297
579 337
579 382
579 680
579 734
579 763
579 790
580 174
580 307
580 375
580 416
580 559
580 573
580 604
580 895
581 20
581 178
581 195
581 239
581 260
581 305
581 505
581 722
581 763
581 777
582 182
582 220
582 248
582 400
582 433
582 488
582 545
582 716
582 772
582 861
582 876
583 260
583 399
583 510
583 603
583 767
583 819
583 913
583 936
584 78
584 291
584 309
584 336
584 458
584 488
584 754
585 18
585 26
585 326
585 380
585 590
585 762
586 16
586 63
586 301
586 335
586 348
586 435
586 478
586 479
587 25
587 147
587 320
587 325
587 335
587 429
587 500
587 581
587 609
587 847
588 13
588 27
588 60
588 62
588 131
588 204
588 257
588 262
588 404
588 433
588 436
588 453
588 501
588 550
588 570
588 605
588 649
588 663
588 680
588 846
588 947
588 984
589 38
589 99
589 193
589 237
589 429
589 538
589 654
589 714
589 740
589 769
589 799
589 880
589 926
590 48
590 142
590 202
590 449
590 483
590 505
590 509
590 622
590 628
590 689
590 889
590 917
590 975
591 59
591 184
591 256
591 302
591 371
591 536
591 538
591 554
591 747
591 927
591 949
592 23
592 298
592 325
592 350
592 386
592 785
592 786
592 803
592 972
593 10
593 34
593 147
593 322
593 409
593 522
593 571
593 821
594 88
594 170
594 181
594 204
594 244
594 533
594 583
594 590
595 103
595 152
595 153
595 242
595 249
595 419
595 483
595 530
595 837
596 185
596 210
596 423
596 484
596 496
596 997
597 67
597 205
597 279
597 506
597 693
597 743
597 831
597 972
598 334
598 537
598 801
598 816
598 842
598 938
598 952
599 57
599 115
599 117
599 137
599 147
599 180
599 199
599 309
599 545
599 589
599 727
599 815
599 826
599 834
599 954
599 964
600 47
600 69
600 226
600 561
600 671
600 694
600 719
600 746
600 782
600 851
600 881
600 947
601 87
601 141
601 239
601 469
601 491
601 586
601 639
601 887
601 953
601 992
602 174
602 543
602 640
602 670
602 704
602 776
602 833
603 27
603 135
603 231
603 249
603 432
603 465
603 734
603 764
603 801
603 867
603 917
604 65
604 123
604 151
604 243
604 271
604 314
604 380
604 402
604 450
604 533
604 630
604 675
604 737
604 772
604 836
604 838
604 910
605 31
605 75
605 90
605 97
605 165
605 246
605 377
605 694
606 137
606 142
606 161
606 175
606 273
606 282
606 288
606 520
606 535
606 538
606 554
606 598
606 806
606 828
606 987
606 988
607 153
607 180
607 224
607 257
607 349
607 401
607 586
607 655
607 661
607 819
608 155
608 167
608 188
608 280
608 316
608 339
608 349
608 462
608 507
608 666
608 815
608 982
608 992
609 54
609 103
609 153
609 209
609 262
609 476
609 674
609 728
609 876
609 940
609 976
610 50
610 75
610 142
610 252
610 496
610 561
610 627
611 77
611 124
611 238
611 282
611 468
611 694
611 702
611 727
611 774
611 797
611 811
611 928
612 28
612 153
612 175
612 286
612 287
612 304
612 358
612 566
612 609
612 784
612 798
612 857
612 888
612 943
613 51
613 104
613 223
613 224
613 264
613 607
613 758
613 993
614 73
614 104
614 218
614 219
614 381
614 461
614 468
614 486
614 574
615 6
615 222
615 274
615 453
615 569
615 670
615 753
615 933
616 26
616 50
616 373
616 558
616 625
616 765
617 15
617 19
617 100
617 335
617 359
617 510
617 513
617 576
617 603
618 2
618 48
618 591
618 594
618 637
618 692
618 727
619 14
619 90
619 184
619 215
619 482
619 513
619 645
619 693
619 857
619 908
619 909
619 944
619 953
620 47
620 136
620 273
620 480
620 527
620 530
620 626
620 658
620 678
620 732
620 821
620 822
620 849
620 938
621 9
621 112
621 195
621 243
621 325
621 462
621 480
621 673
621 805
621 821
621 859
622 295
622 424
622 475
622 549
622 564
622 628
622 660
622 879
622 889
622 955
622 959
623 204
623 220
623 221
623 384
623 413
623 448
623 471
623 483
623 651
623 659
623 691
623 769
623 857
623 922
624 105
624 120
624 125
624 136
624 145
624 232
624 360
624 742
624 808
625 168
625 201
625 242
625 304
625 642
625 694
626 148
626 196
626 377
626 380
626 417
626 587
626 636
626 668
626 840
626 871
626 969
627 8
627 41
627 121
627 270
627 442
627 465
627 569
627 577
627 674
627 821
627 835
627 848
628 34
628 94
628 97
628 104
628 114
628 126
628 196
628 336
628 444
628 669
628 923
629 85
629 97
629 345
629 565
629 665
629 722
629 777
629 788
629 981
630 487
630 488
630 494
630 532
630 811
630 824
630 995
631 3
631 326
631 343
631 581
631 781
631 898
631 948
631 961
632 127
632 221
632 274
632 305
632 402
632 416
632 440
632 582
632 601
632 749
633 9
633 71
633 452
633 458
633 507
633 573
633 676
633 723
633 883
633 903
634 7
634 25
634 41
634 43
634 149
634 156
634 333
634 351
634 438
634 463
634 711
634 735
634 759
634 820
634 882
634 980
635 182
635 342
635 479
635 604
635 703
635 720
635 737
635 739
635 796
635 883
635 918
636 4
636 7
636 192
636 254
636 294
636 671
636 718
636 770
636 845
637 387
637 735
637 939
637 987
638 100
638 591
638 632
638 686
638 776
638 899
638 909
638 910
639 10
639 100
639 252
639 399
639 438
639 468
639 509
639 559
639 570
639 746
639 768
639 785
639 947
639 950
639 960
640 264
640 347
640 392
640 414
640 433
640 472
640 492
640 501
640 537
640 541
640 759
640 821
640 878
641 132
641 141
641 337
641 514
641 566
641 746
641 838
641 936
641 946
642 28
642 34
642 288
642 360
642 364
642 485
642 489
642 574
642 577
642 615
642 664
642 782
642 881
642 956
643 8
643 131
643 194
643 327
643 336
643 464
643 468
643 485
643 595
643 631
643 647
643 701
643 793
643 921
643 946
644 26
644 27
644 85
644 114
644 154
644 163
644 201
644 507
644 675
644 768
644 780
644 809
644 814
644 899
644 918
644 978
645 118
645 207
645 239
645 246
645 404
645 444
645 513
645 806
645 890
645 944
646 211
646 312
646 699
646 707
646 858
646 866
646 888
646 908
646 919
646 944
646 992
647 69
647 85
647 159
647 160
647 304
647 377
647 540
647 712
647 837
648 50
648 64
648 476
648 480
648 555
648 588
648 639
648 954
649 51
649 211
649 353
649 405
649 443
649 472
649 579
649 721
649 784
649 920
649 958
650 65
650 240
650 310
650 348
650 429
650 506
650 652
650 735
650 817
650 910
650 942
651 67
651 82
651 130
651 454
651 500
651 744
651 765
651 798
651 817
651 906
651 945
652 51
652 468
652 480
652 590
652 643
652 744
652 987
653 40
653 74
653 582
653 712
653 766
653 808
653 895
653 978
654 36
654 189
654 213
654 285
654 323
654 561
654 887
654 894
655 59
655 113
655 184
655 211
655 312
655 529
655 550
655 558
655 582
655 736
655 849
655 937
656 38
656 75
656 213
656 248
656 266
656 284
656 415
656 545
656 569
656 593
656 677
656 750
656 792
656 929
657 8
657 111
657 293
657 488
657 829
657 879
657 923
657 946
658 84
658 99
658 166
658 174
658 326
658 332
658 547
658 865
658 918
658 954
659 50
659 216
659 318
659 325
659 431
659 460
659 484
659 526
659 543
659 590
659 621
659 647
659 880
659 983
660 366
660 494
660 602
660 618
660 775
660 885
660 921
661 114
661 508
661 570
661 623
661 716
661 775
661 860
661 908
662 72
662 391
662 480
662 489
662 710
662 823
662 861
663 3
663 18
663 181
663 274
663 444
663 455
663 473
663 673
663 714
663 797
663 921
664 171
664 203
664 238
664 447
664 475
664 495
664 500
664 515
664 566
664 579
664 742
664 781
664 800
664 849
665 18
665 153
665 269
665 278
665 363
665 372
665 461
665 575
665 797
665 901
665 931
666 74
666 80
666 105
666 160
666 185
666 537
666 566
666 684
666 740
666 922
666 973
667 396
667 598
667 811
667 869
667 940
668 72
668 213
668 258
668 843
668 872
668 952
669 67
669 143
669 209
669 300
669 522
669 615
669 639
669 647
669 722
669 778
669 973
670 65
670 219
670 248
670 288
670 520
670 554
670 570
670 680
670 704
670 912
671 287
671 340
671 548
671 558
671 563
671 610
671 711
671 762
671 786
672 107
672 138
672 307
672 312
672 340
672 341
672 412
672 416
672 571
672 582
672 803
673 80
673 137
673 165
673 224
673 227
673 526
673 645
673 648
673 653
673 699
673 881
674 41
674 347
674 365
674 381
674 396
674 404
674 470
674 535
674 554
674 624
674 637
674 774
674 857
674 859
674 903
675 37
675 112
675 130
675 149
675 261
675 412
675 426
675 564
675 649
675 662
675 786
675 842
675 948
676 72
676 100
676 632
676 653
676 657
676 752
676 887
677 26
677 353
677 372
677 388
677 465
677 519
677 526
677 559
677 707
677 775
677 786
677 860
677 902
677 931
677 959
677 978
678 64
678 262
678 274
678 430
678 566
678 601
678 881
678 990
679 247
679 270
679 294
679 296
679 321
679 332
679 365
679 418
679 433
679 494
679 565
679 750
679 875
679 926
679 970
679 976
679 977
680 122
680 367
680 405
680 757
680 874
680 927
680 943
681 67
681 391
681 460
681 523
681 580
681 582
681 859
681 989
682 282
682 337
682 382
682 524
682 627
682 820
682 834
682 836
682 886
682 966
683 47
683 117
683 203
683 391
683 456
683 606
683 748
683 931
684 88
684 143
684 252
684 343
684 358
684 449
684 643
684 710
684 744
684 934
684 993
685 81
685 532
685 565
685 566
685 578
685 616
685 766
685 782
685 881
685 986
686 545
686 811
686 833
686 883
686 947
687 12
687 127
687 153
687 222
687 282
687 298
687 311
687 391
687 486
687 566
687 678
687 679
687 693
687 700
687 716
687 783
687 849
687 937
687 957
687 975
688 76
688 95
688 434
688 809
688 849
689 116
689 131
689 155
689 185
689 464
689 542
689 724
689 870
689 906
689 998
690 130
690 294
690 339
690 489
690 541
690 873
690 880
690 881
691 159
691 886
691 926
692 6
692 115
692 178
692 350
692 376
692 412
692 687
692 700
692 800
693 218
693 229
693 243
693 284
693 336
693 377
693 660
693 731
693 758
693 796
693 942
693 959
694 337
694 507
694 636
694 848
695 11
695 369
695 607
695 635
695 791
695 908
696 178
696 227
696 259
696 321
696 346
696 449
696 510
696 555
696 753
696 822
696 859
696 952
697 13
697 43
697 55
697 401
697 440
697 527
697 784
697 874
697 968
698 31
698 110
698 183
698 186
698 495
698 560
698 582
698 607
698 630
698 676
698 820
698 864
698 896
698 908
698 983
699 54
699 65
699 444
699 457
699 754
699 780
700 79
700 93
700 275
700 564
700 567
700 928
700 949
700 958
701 255
701 265
701 382
701 591
701 764
701 880
701 909
702 10
702 19
702 268
702 291
702 294
702 318
702 528
702 529
702 695
702 727
702 889
702 954
703 79
703 274
703 283
703 331
703 367
703 389
703 435
703 585
703 608
703 730
703 762
703 771
704 109
704 324
704 401
704 428
704 912
704 930
705 23
705 27
705 233
705 430
705 595
705 609
705 651
705 716
705 907
705 949
706 13
706 141
706 167
706 182
706 238
706 289
706 414
706 541
706 595
706 628
706 640
706 658
706 866
706 906
706 981
707 49
707 55
707 392
707 429
707 477
707 672
707 684
707 771
707 913
707 950
708 221
708 437
708 460
708 536
708 566
708 646
708 671
708 793
708 919
709 310
709 485
709 543
709 594
709 757
710 29
710 87
710 162
710 324
710 336
710 339
710 455
710 535
710 571
710 581
710 620
710 739
710 776
710 937
711 128
711 148
711 338
711 462
711 614
711 790
711 804
711 818
711 879
712 23
712 223
712 250
712 256
712 445
712 499
712 561
712 569
712 640
712 759
712 791
712 853
712 907
713 40
713 47
713 246
713 259
713 381
713 387
713 448
713 449
713 479
713 697
713 820
713 864
713 903
713 939
714 25
714 143
714 419
714 442
714 498
714 679
714 745
714 863
714 928
714 954
715 8
715 87
715 141
715 480
715 609
715 617
715 761
715 836
715 840
716 48
716 59
716 156
716 158
716 183
716 320
716 329
716 340
716 585
716 671
716 806
716 889
716 948
717 130
717 190
717 235
717 241
717 397
717 682
718 81
718 191
718 276
718 328
718 531
718 534
718 565
718 618
718 691
719 215
719 260
719 390
719 432
719 690
719 701
719 727
719 820
720 165
720 248
720 390
720 409
720 519
720 717
720 908
720 983
720 996
721 25
721 86
721 210
721 325
721 502
721 503
721 607
721 615
721 711
721 778
721 797
721 822
721 864
721 880
721 983
722 128
722 227
722 230
722 390
722 488
722 496
722 548
722 567
722 633
722 674
722 688
722 767
722 811
722 933
723 81
723 259
723 409
723 421
723 444
723 450
723 458
723 568
723 593
723 687
723 762
723 951
724 132
724 161
724 180
724 181
724 257
724 436
724 603
724 819
725 115
725 126
725 129
725 152
725 500
725 708
725 709
725 719
725 769
725 840
726 224
726 241
726 262
726 325
726 379
726 537
726 634
726 648
726 687
726 763
726 831
726 896
727 115
727 245
727 317
727 481
727 592
728 116
728 332
728 391
728 483
728 620
728 680
728 685
728 912
728 920
729 5
729 88
729 109
729 128
729 193
729 480
729 722
729 826
729 828
729 912
729 982
730 35
730 381
730 392
730 577
730 822
731 79
731 233
731 326
731 555
731 596
731 914
731 946
731 951
732 46
732 124
732 198
732 379
732 442
732 517
732 798
732 927
733 36
733 153
733 235
733 297
733 313
733 442
733 607
733 656
733 664
733 686
733 912
733 948
734 25
734 341
734 572
734 621
734 630
734 633
734 652
734 814
734 988
734 990
735 24
735 128
735 198
735 404
735 408
735 449
735 467
735 551
735 786
735 908
735 928
735 955
736 37
736 338
736 340
736 370
736 375
736 477
736 667
736 673
736 747
736 837
736 983
736 986
737 283
737 388
737 407
737 423
737 581
737 643
737 740
737 776
737 896
738 20
738 120
738 427
738 461
738 658
738 854
739 152
739 205
739 395
739 435
739 529
739 545
739 559
739 567
739 800
739 864
740 266
740 364
740 401
740 623
740 663
740 820
740 830
740 879
740 946
740 974
741 18
741 25
741 92
741 207
741 667
742 51
742 130
742 143
742 196
742 205
742 330
742 345
742 429
742 541
742 554
742 621
742 632
742 809
742 903
742 983
742 989
743 22
743 42
743 252
743 305
743 317
743 327
743 619
743 628
743 652
743 733
743 954
743 992
744 0
744 46
744 52
744 254
744 309
744 367
744 467
744 626
744 649
744 970
745 54
745 146
745 167
745 173
745 204
745 287
745 310
745 364
745 378
745 646
745 761
745 882
746 310
746 361
746 379
746 566
746 596
746 625
746 696
746 728
746 781
746 819
746 849
746 926
747 62
747 172
747 212
747 309
747 555
747 602
747 645
747 658
747 784
747 791
747 795
747 838
747 932
747 936
747 962
748 59
748 107
748 219
748 329
748 494
748 525
748 567
748 583
748 614
748 727
748 753
748 766
748 829
748 852
748 982
748 995
749 119
749 297
749 303
749 398
749 406
749 465
749 526
749 697
749 700
750 91
750 133
750 163
750 366
750 426
750 450
750 516
750 531
750 583
750 721
750 967
751 4
751 84
751 95
751 110
751 499
751 605
751 722
751 756
751 789
751 961
752 200
752 328
752 332
752 399
752 512
752 536
752 585
752 800
752 835
752 841
752 846
752 967
753 26
753 83
753 156
753 175
753 599
753 670
753 676
753 716
753 763
753 850
753 929
753 992
754 23
754 46
754 72
754 74
754 84
754 393
754 527
754 648
754 690
754 774
754 822
754 999
755 95
755 204
755 369
755 477
755 489
755 599
755 604
755 647
755 662
755 713
755 756
755 824
755 831
755 932
756 73
756 269
756 407
756 879
757 33
757 92
757 96
757 150
757 360
757 516
757 592
757 914
757 923
757 968
758 38
758 95
758 264
758 408
758 540
758 576
758 673
758 777
758 778
758 887
759 7
759 57
759 176
759 417
759 457
759 649
759 925
760 67
760 69
760 249
760 478
760 525
760 674
760 882
761 140
761 262
761 338
761 350
761 473
761 567
761 617
761 681
761 710
761 867
761 960
762 27
762 46
762 138
762 218
762 279
762 418
762 622
762 624
762 627
762 738
762 863
762 901
763 29
763 100
763 105
763 160
763 255
763 315
763 340
763 401
763 405
763 422
763 464
763 619
763 909
763 980
764 2
764 7
764 13
764 201
764 272
764 319
764 329
764 332
764 473
764 490
764 532
764 610
764 681
764 826
764 887
764 984
765 12
765 91
765 147
765 153
765 393
765 490
766 29
766 81
766 97
766 359
766 390
766 459
766 520
766 850
766 865
766 969
767 45
767 57
767 92
767 646
767 802
767 881
768 65
768 98
768 122
768 174
768 208
768 251
768 336
768 454
768 526
768 741
769 67
769 349
769 522
769 596
769 653
769 696
769 726
769 749
769 851
769 947
769 983
770 117
770 182
770 205
770 218
770 321
770 428
770 616
770 707
770 776
770 816
771 276
771 304
771 371
771 372
771 686
771 758
771 830
772 241
772 261
772 338
772 462
772 707
772 827
773 131
773 452
773 603
773 626
773 752
773 844
773 893
773 903
773 967
774 94
774 255
774 263
774 468
774 605
774 636
774 701
774 768
774 780
774 988
774 997
775 37
775 52
775 239
775 300
775 327
775 346
775 468
775 702
775 707
775 722
775 738
776 116
776 236
776 289
776 307
776 585
776 647
776 749
776 854
776 967
777 70
777 203
777 237
777 276
777 567
777 837
777 873
777 892
777 902
777 906
777 920
777 927
778 191
778 275
778 457
778 545
778 641
778 765
778 945
778 979
778 993
779 28
779 43
779 450
779 464
779 708
779 901
779 936
779 992
780 8
780 297
780 381
780 473
780 661
780 676
780 822
780 895
780 934
781 328
781 450
781 548
781 644
781 702
782 32
782 42
782 81
782 124
782 136
782 166
782 406
782 479
782 592
782 646
782 744
783 158
783 176
783 199
783 225
783 504
783 635
783 645
783 758
784 42
784 79
784 284
784 453
784 474
784 606
784 656
784 788
784 814
784 956
785 19
785 70
785 179
785 261
785 292
785 347
785 495
785 577
785 655
785 853
785 935
785 968
786 95
786 110
786 236
786 392
786 426
786 467
786 491
786 760
786 772
786 888
787 64
787 247
787 317
787 401
787 467
787 615
787 703
787 812
787 954
788 90
788 126
788 229
788 237
788 380
788 412
788 511
788 515
788 702
788 777
788 861
788 881
789 475
789 478
789 623
789 681
789 682
789 713
789 816
790 222
790 298
790 472
790 501
790 594
790 703
790 741
790 810
790 901
790 944
791 47
791 76
791 145
791 160
791 408
791 500
791 592
791 705
791 726
791 859
791 907
791 951
791 953
792 101
792 153
792 524
792 637
792 759
792 867
793 60
793 120
793 261
793 365
793 820
794 191
794 193
794 398
794 428
794 575
794 959
795 94
795 103
795 185
795 263
795 297
795 504
795 510
795 528
795 555
795 625
795 691
795 852
795 988
796 71
796 186
796 207
796 310
796 360
796 613
796 658
796 964
797 168
797 202
797 330
797 679
797 829
797 948
798 12
798 18
798 63
798 155
798 196
798 288
798 386
798 422
798 658
798 665
798 779
798 784
798 943
798 958
798 974
799 22
799 149
799 197
799 257
799 386
799 479
799 504
799 571
799 598
799 649
799 665
799 796
800 327
800 388
800 610
800 731
800 757
800 883
801 85
801 103
801 135
801 173
801 209
801 345
801 368
801 446
801 474
801 506
801 629
801 709
802 76
802 559
802 675
802 692
802 713
802 721
802 840
802 889
802 925
802 957
803 18
803 32
803 65
803 265
803 286
803 368
803 369
803 427
803 522
803 601
803 800
803 829
803 870
804 278
804 302
804 328
804 506
804 727
804 730
804 769
804 861
804 964
805 4
805 45
805 128
805 207
805 241
805 260
805 371
805 381
805 446
805 476
805 727
805 897
806 12
806 91
806 200
806 203
806 259
806 394
806 523
806 583
806 784
806 904
807 9
807 29
807 193
807 225
807 259
807 435
807 461
807 587
807 690
807 812
807 826
807 927
807 972
807 991
808 100
808 122
808 223
808 287
808 506
808 509
808 598
808 601
808 719
808 738
808 940
809 82
809 104
809 178
809 194
809 247
809 308
809 518
809 584
809 722
809 746
809 753
809 856
810 244
810 344
810 453
810 548
810 555
810 573
810 588
810 840
811 47
811 111
811 319
811 462
811 481
811 501
811 709
811 725
811 747
811 764
811 901
811 930
811 965
812 18
812 25
812 68
812 100
812 179
812 347
812 371
812 418
812 457
812 544
812 679
812 707
812 866
812 923
812 993
813 67
813 107
813 109
813 217
813 364
813 371
813 404
813 414
813 537
813 604
814 23
814 152
814 205
814 260
814 271
814 417
814 488
814 595
814 628
814 653
814 654
814 681
814 813
815 190
815 227
815 294
815 311
815 444
815 468
815 534
815 626
815 639
816 257
816 324
816 365
816 430
816 664
816 672
816 757
816 819
817 52
817 89
817 108
817 135
817 150
817 248
817 300
817 485
817 513
817 620
817 757
817 800
818 281
818 303
818 343
818 546
818 822
818 896
818 980
819 107
819 128
819 424
819 470
819 912
820 14
820 105
820 124
820 263
820 351
820 627
820 740
820 746
820 875
820 894
820 978
821 98
821 228
821 366
821 398
821 423
821 438
821 678
822 121
822 136
822 217
822 445
822 459
822 553
822 730
822 741
822 760
822 863
822 911
822 975
823 56
823 215
823 326
823 411
823 434
823 581
823 594
823 727
823 811
823 819
823 837
823 879
823 885
823 886
823 968
824 324
824 359
824 419
824 601
824 687
824 722
824 830
824 869
824 903
824 951
824 973
825 149
825 180
825 187
825 325
825 375
825 412
825 491
825 504
825 717
825 721
825 723
825 912
825 948
825 950
825 974
826 184
826 199
826 292
826 329
826 418
826 426
826 694
826 729
826 743
826 776
826 867
826 904
826 988
826 997
827 112
827 199
827 610
827 790
827 796
827 799
827 851
827 997
828 230
828 266
828 390
828 512
828 636
828 816
828 881
828 978
829 7
829 279
829 770
829 772
829 867
829 872
830 110
830 208
830 404
830 440
830 608
830 835
830 906
830 990
831 235
831 277
831 350
831 704
831 762
831 794
831 891
832 68
832 111
832 143
832 157
832 236
832 259
832 513
832 658
832 694
832 700
832 752
832 941
832 958
833 38
833 79
833 174
833 179
833 185
833 189
833 208
833 242
833 381
833 591
833 610
833 628
833 723
833 803
833 855
833 897
833 990
834 71
834 123
834 179
834 233
834 265
834 304
834 373
834 407
834 449
834 585
834 778
835 21
835 42
835 364
835 503
835 521
835 637
835 695
835 734
835 840
835 850
835 933
835 990
836 29
836 55
836 239
836 299
836 309
836 340
836 404
836 441
836 455
836 506
836 512
836 518
836 530
836 650
836 666
836 781
836 797
836 865
836 969
837 43
837 179
837 297
837 303
837 450
837 609
837 705
837 711
837 720
837 803
837 835
837 947
837 955
837 966
837 989
838 61
838 243
838 345
838 426
838 678
838 718
838 772
838 979
839 32
839 99
839 166
839 185
839 362
839 384
839 433
839 617
839 623
839 639
840 438
840 693
840 759
840 780
840 814
840 888
840 896
841 181
841 194
841 269
841 351
841 370
841 424
841 484
841 560
841 874
841 895
841 910
841 953
842 48
842 78
842 105
842 179
842 423
842 767
842 898
842 910
843 27
843 155
843 200
843 242
843 403
843 433
843 947
844 94
844 118
844 258
844 359
844 547
844 697
844 735
844 854
844 856
845 280
845 476
845 600
845 851
846 105
846 275
846 277
846 279
846 379
846 494
846 543
846 755
846 769
846 782
846 870
846 886
847 26
847 163
847 274
847 579
847 595
847 642
847 698
847 746
847 802
847 840
848 108
848 301
848 333
848 360
848 384
848 477
848 486
848 573
848 632
848 717
848 972
849 215
849 438
849 454
849 501
849 519
849 544
849 577
849 861
850 6
850 72
850 98
850 153
850 241
850 340
850 422
850 489
850 647
851 127
851 403
851 508
851 561
851 568
851 592
851 773
851 788
851 914
851 925
852 144
852 151
852 152
852 178
852 279
852 332
852 739
853 43
853 102
853 497
853 687
853 693
853 801
853 804
854 90
854 124
854 208
854 244
854 245
854 259
854 518
854 708
854 716
854 808
854 922
855 261
855 262
855 284
855 289
855 364
855 469
855 488
855 615
855 733
855 905
856 72
856 119
856 206
856 221
856 276
856 373
856 453
856 556
856 699
856 735
856 851
856 891
856 933
856 972
857 224
857 491
857 519
857 676
857 751
857 876
858 2
858 243
858 246
858 487
858 532
858 534
858 677
858 841
858 850
858 903
859 67
859 330
859 512
859 668
859 745
859 816
859 848
860 0
860 156
860 299
860 344
860 347
860 459
860 485
860 728
860 800
860 865
860 885
860 962
861 41
861 43
861 57
861 305
861 413
861 438
861 588
861 676
861 706
861 979
862 221
862 258
862 612
862 655
862 674
862 729
862 857
863 18
863 58
863 390
863 480
863 701
863 809
864 34
864 135
864 221
864 223
864 251
864 420
864 424
864 432
864 465
864 488
864 624
864 732
864 867
865 22
865 231
865 625
865 660
865 965
866 63
866 174
866 200
866 292
866 294
866 612
866 642
866 760
866 766
866 772
866 789
866 791
866 798
866 916
866 945
867 14
867 119
867 227
867 263
867 361
867 531
867 580
867 710
867 806
867 809
867 820
867 878
867 927
868 131
868 249
868 281
868 290
868 399
868 423
868 566
868 758
868 767
868 831
868 945
868 960
869 7
869 12
869 172
869 367
869 408
869 632
869 636
869 688
869 907
870 115
870 200
870 538
870 571
870 582
870 790
870 839
870 920
871 3
871 76
871 189
871 220
871 355
871 413
871 488
871 503
871 521
871 527
871 548
871 549
871 825
871 827
871 864
871 938
871 996
872 49
872 189
872 343
872 380
872 745
873 11
873 16
873 150
873 392
873 421
873 549
873 579
873 636
873 673
873 771
873 827
873 834
873 921
873 999
874 255
874 491
874 700
874 757
874 769
874 805
874 860
874 890
875 86
875 566
875 832
875 897
876 55
876 428
876 457
876 664
876 866
877 192
877 267
877 308
877 610
877 641
877 909
877 998
878 83
878 105
878 189
878 294
878 319
878 366
878 485
878 767
878 848
879 79
879 209
879 328
879 345
879 418
879 485
879 509
879 916
880 175
880 242
880 248
880 251
880 299
880 391
880 396
880 867
881 35
881 78
881 153
881 299
881 385
881 404
881 498
881 525
881 714
881 766
881 940
882 106
882 129
882 303
882 354
882 417
882 423
882 545
882 879
882 886
883 22
883 255
883 352
883 451
883 506
883 517
883 525
883 722
883 741
883 921
883 989
884 91
884 486
884 679
884 780
884 785
884 937
885 23
885 254
885 291
885 302
885 316
885 347
885 381
885 461
885 749
885 955
886 406
886 474
886 479
886 483
886 599
886 641
886 642
886 695
886 772
887 48
887 105
887 228
887 236
887 367
887 517
887 913
887 917
887 927
887 952
888 47
888 76
888 126
888 212
888 231
888 232
888 345
888 517
888 523
888 534
888 538
888 634
888 769
888 772
888 856
888 924
889 74
889 99
889 221
889 270
889 279
889 282
889 304
889 664
889 687
889 701
889 860
889 904
889 905
889 944
890 81
890 112
890 135
890 335
890 361
890 362
890 371
890 416
890 488
890 782
890 830
890 831
890 834
890 876
890 909
890 946
891 3
891 10
891 49
891 53
891 99
891 197
891 219
891 246
891 388
891 486
891 491
891 528
891 573
891 628
891 694
891 819
891 824
891 887
892 18
892 24
892 49
892 176
892 396
892 414
892 426
892 444
892 489
892 576
892 897
892 960
892 973
892 984
893 106
893 116
893 217
893 292
893 315
893 428
893 480
893 608
893 718
893 817
893 855
894 13
894 68
894 125
894 258
894 272
894 316
894 535
894 613
894 675
894 736
894 788
894 838
894 929
894 995
895 17
895 360
895 486
895 497
895 650
895 656
895 893
896 21
896 247
896 393
896 423
896 562
896 597
896 730
896 734
896 755
896 786
896 823
896 838
896 841
897 183
897 261
897 262
897 323
897 334
897 349
897 352
897 488
897 545
897 604
897 752
897 791
897 919
897 987
898 51
898 92
898 350
898 614
898 679
898 685
898 812
898 847
899 13
899 42
899 166
899 199
899 204
899 274
899 333
899 336
899 363
899 475
899 489
899 595
899 730
899 862
899 884
900 9
900 408
900 556
900 675
900 747
900 862
900 866
901 4
901 71
901 270
901 277
901 342
901 380
901 443
901 567
901 660
901 697
901 844
901 974
901 999
902 119
902 369
902 431
902 561
902 645
902 654
902 709
902 871
902 888
902 969
902 995
903 92
903 180
903 186
903 238
903 270
903 295
903 451
903 505
903 538
903 655
903 768
903 819
904 22
904 28
904 163
904 205
904 399
904 806
904 820
904 994
905 192
905 354
905 367
905 389
905 420
905 470
905 730
905 868
906 3
906 230
906 248
906 263
906 303
906 311
906 329
906 449
906 727
906 734
906 826
907 39
907 188
907 251
907 361
907 574
907 611
907 787
907 978
908 301
908 771
908 787
908 811
909 5
909 420
909 427
909 433
909 458
909 730
909 808
909 884
910 194
910 198
910 340
910 405
910 443
910 552
910 572
910 659
910 712
910 759
910 960
911 13
911 44
911 88
911 117
911 326
911 361
911 456
911 523
911 539
911 540
911 563
911 576
911 666
911 779
911 928
912 282
912 643
912 655
912 691
912 747
912 780
913 139
913 285
913 478
913 497
913 532
913 594
913 956
913 971
914 83
914 101
914 104
914 206
914 387
914 416
914 450
914 530
914 570
915 50
915 158
915 162
915 395
915 569
915 941
916 10
916 24
916 142
916 145
916 150
916 180
916 192
916 201
916 288
916 585
916 977
917 16
917 50
917 67
917 92
917 127
917 149
917 420
917 572
917 643
917 793
917 825
917 852
917 968
918 84
918 335
918 575
918 690
918 730
918 937
918 941
918 947
918 962
919 67
919 249
919 357
919 408
919 467
919 493
919 543
919 618
919 670
919 799
919 877
919 909
920 71
920 118
920 122
920 182
920 207
920 231
920 355
920 375
920 391
920 500
920 586
920 642
920 690
920 738
920 760
920 795
920 877
920 976
921 163
921 493
921 544
921 938
922 64
922 152
922 652
922 662
922 787
922 789
923 179
923 218
923 457
923 627
923 874
924 74
924 321
924 479
924 557
924 608
924 690
924 810
924 862
924 994
925 323
925 784
925 877
926 158
926 445
926 548
926 625
926 700
926 743
926 840
926 960
927 61
927 74
927 148
927 197
927 257
927 387
927 483
927 587
927 826
927 964
927 965
928 51
928 97
928 298
928 406
928 609
928 643
928 783
928 855
928 933
929 2
929 60
929 227
929 477
929 675
929 720
929 813
929 816
929 835
930 20
930 58
930 91
930 109
930 158
930 211
930 341
930 444
930 458
930 574
930 763
931 68
931 111
931 504
931 576
931 593
931 974
931 995
932 2
932 113
932 131
932 182
932 370
932 461
932 654
932 731
932 910
933 367
933 370
933 925
934 21
934 38
934 266
934 273
934 362
934 476
934 665
934 764
934 867
934 888
935 95
935 207
935 211
935 214
935 244
935 402
935 412
935 525
935 528
935 730
935 785
935 880
935 991
936 136
936 265
936 277
936 341
936 450
936 489
936 575
936 589
936 597
936 627
936 797
936 844
937 20
937 36
937 99
937 248
937 317
937 376
937 445
937 653
937 869
938 175
938 183
938 291
938 494
938 558
938 970
939 39
939 297
939 439
939 450
939 467
939 492
939 551
939 604
939 606
939 639
939 734
939 779
939 811
939 829
939 938
939 959
940 4
940 171
940 208
940 432
940 659
940 725
940 862
941 139
941 262
941 596
941 714
941 870
941 939
941 973
942 5
942 61
942 154
942 239
942 258
942 441
942 639
942 685
942 746
942 979
943 71
943 116
943 279
943 359
943 432
943 442
943 509
943 629
943 720
943 728
943 930
944 67
944 129
944 188
944 195
944 368
944 420
944 548
944 580
944 591
944 732
944 847
944 863
944 906
945 89
945 170
945 417
945 434
945 546
945 550
945 559
945 602
945 729
945 872
945 913
945 918
946 0
946 113
946 231
946 329
946 360
946 598
946 727
946 751
946 978
947 288
947 369
947 412
947 445
947 461
947 529
947 692
947 716
947 801
947 811
948 159
948 185
948 314
948 498
948 527
948 670
948 775
948 790
948 841
948 902
948 913
948 920
948 999
949 16
949 306
949 365
949 366
949 480
949 651
949 823
949 833
949 840
950 239
950 250
950 278
950 317
950 336
950 382
950 393
950 420
950 495
950 604
950 714
950 818
950 853
950 895
951 7
951 32
951 33
951 450
951 549
951 584
951 631
951 642
951 677
951 760
951 772
951 925
951 980
951 988
952 22
952 24
952 68
952 101
952 248
952 457
952 694
952 904
953 64
953 85
953 173
953 230
953 371
953 478
953 497
953 552
953 762
953 791
953 800
953 866
954 73
954 84
954 241
954 367
954 386
954 480
954 569
954 833
954 878
955 170
955 187
955 225
955 241
955 251
955 262
955 277
955 379
955 483
955 545
955 587
955 777
955 835
955 990
956 50
956 138
956 146
956 649
956 839
956 952
957 81
957 95
957 100
957 122
957 125
957 300
957 705
957 772
957 851
957 999
958 18
958 138
958 234
958 262
958 337
958 353
958 584
958 687
958 786
958 856
958 859
958 961
959 136
959 170
959 349
959 364
959 406
959 415
959 454
959 601
959 620
959 748
960 102
960 275
960 491
960 641
960 642
960 647
960 668
960 734
960 911
961 318
961 323
961 464
961 481
961 601
961 672
961 729
961 755
961 862
961 913
962 8
962 51
962 179
962 190
962 199
962 407
962 474
962 528
962 553
962 872
962 917
963 412
963 516
963 529
963 657
963 669
963 692
963 711
963 922
963 986
964 22
964 37
964 123
964 132
964 158
964 175
964 368
964 441
964 518
964 521
964 545
964 587
964 595
964 706
964 805
964 958
965 11
965 58
965 133
965 154
965 471
965 472
965 562
965 569
965 652
965 744
965 785
966 29
966 327
966 385
966 404
966 486
966 570
966 750
966 825
966 900
967 73
967 85
967 121
967 122
967 309
967 437
967 490
967 580
967 609
967 629
967 655
967 673
967 815
967 846
967 961
968 257
968 303
968 317
968 327
968 543
968 571
968 617
968 627
968 663
968 737
968 920
969 109
969 239
969 475
969 613
969 624
969 685
970 116
970 231
970 436
970 655
971 253
971 334
971 373
971 467
971 579
971 648
971 769
971 877
972 6
972 120
972 502
972 603
972 806
972 837
973 35
973 152
973 206
973 228
973 274
973 321
973 389
973 418
973 627
973 634
973 921
973 963
974 220
974 344
974 891
974 982
975 146
975 151
975 170
975 275
975 512
975 610
975 619
975 645
975 738
975 819
975 998
976 45
976 50
976 68
976 295
976 297
976 313
976 359
976 411
976 495
976 619
976 621
976 650
976 869
976 944
977 60
977 191
977 218
977 236
977 308
977 370
977 442
977 521
977 558
977 830
977 835
978 4
978 310
978 314
978 337
978 440
978 451
978 642
978 643
978 683
978 812
978 826
979 155
979 170
979 350
979 485
979 609
979 637
979 844
979 921
979 998
980 58
980 66
980 421
980 555
980 823
981 197
981 310
981 328
981 501
981 551
981 579
981 606
981 665
981 791
981 887
981 911
981 922
981 950
982 40
982 112
982 220
982 256
982 374
982 834
982 920
982 927
982 971
982 974
983 18
983 32
983 504
983 639
983 726
983 899
983 909
983 944
983 956
984 9
984 117
984 383
984 388
984 422
984 691
984 739
985 4
985 47
985 78
985 112
985 144
985 286
985 308
985 656
985 707
985 742
985 802
985 861
985 960
985 971
986 13
986 111
986 117
986 143
986 152
986 159
986 269
986 774
986 944
987 10
987 97
987 617
987 736
987 882
988 158
988 197
988 295
988 318
988 333
988 493
988 513
988 530
988 585
988 595
988 677
988 721
988 746
988 762
988 919
988 949
989 322
989 608
989 780
989 809
989 901
990 31
990 64
990 164
990 166
990 209
990 219
990 495
990 509
990 641
990 729
990 992
991 68
991 207
991 215
991 235
991 418
991 443
991 631
991 912
991 971
991 985
992 174
992 250
992 438
992 575
992 629
992 716
992 856
993 19
993 27
993 72
993 224
993 275
993 370
993 457
993 468
993 544
993 586
993 617
993 816
994 126
994 261
994 313
994 345
994 346
994 742
994 933
994 962
995 251
995 441
995 447
995 601
995 652
995 773
995 841
995 842
996 102
996 197
996 382
996 425
996 505
996 632
996 679
996 938
996 956
996 994
997 63
997 71
997 102
997 140
997 272
997 388
997 502
997 595
997 684
997 756
997 887
997 941
997 969
998 80
998 146
998 360
998 487
998 624
998 648
998 742
998 748
998 836
998 973
999 356
999 420
999 429
999 490
999 568
999 587
999 770
999 866
999 906
999 942
