0 222
0 361
0 503
0 556
0 559
0 586
0 699
0 796
1 46
1 243
1 272
1 569
1 666
1 670
1 777
1 809
1 926
2 167
2 235
2 262
2 336
2 429
2 533
2 541
2 678
2 732
2 873
2 910
2 982
3 8
3 54
3 117
3 152
3 183
3 314
3 330
3 388
3 642
4 15
4 47
4 96
4 130
4 212
4 586
4 759
5 58
5 242
5 345
5 440
5 466
5 479
5 594
5 666
5 687
5 802
5 836
6 208
6 399
6 570
6 573
6 621
6 737
6 777
6 838
6 853
6 881
6 932
6 973
7 126
7 197
7 286
7 408
7 415
7 522
7 583
7 603
7 604
7 626
7 718
7 769
7 865
7 939
8 93
8 242
8 264
8 348
8 362
8 415
8 472
8 474
8 568
8 588
8 608
8 780
8 784
8 787
8 796
8 932
8 939
9 228
9 268
9 390
9 451
9 456
9 464
9 476
9 541
9 708
9 954
10 51
10 176
10 262
10 668
10 750
10 816
10 832
10 836
11 35
11 90
11 108
11 334
11 364
11 394
11 413
11 569
11 668
11 683
11 753
11 800
11 802
11 888
12 3
12 70
12 110
12 120
12 131
12 233
12 444
12 522
12 527
12 543
12 672
12 813
12 985
13 31
13 218
13 355
13 580
13 896
13 908
14 74
14 81
14 219
14 287
14 594
14 696
14 699
14 707
14 751
14 815
14 926
15 106
15 506
15 582
15 591
15 621
15 789
15 882
16 171
16 405
16 452
16 541
16 695
16 713
16 752
17 111
17 122
17 161
17 185
17 317
17 460
17 819
17 843
17 861
17 958
18 116
18 140
18 549
18 716
18 793
19 103
19 131
19 377
19 619
19 662
19 676
19 834
19 913
20 38
20 256
20 373
20 487
20 537
20 539
20 695
20 770
20 901
21 31
21 49
21 123
21 128
21 171
21 265
21 364
21 549
22 30
22 65
22 87
22 90
22 146
22 206
22 277
22 374
22 488
22 786
22 815
22 871
23 142
23 154
23 184
23 353
23 488
23 826
23 847
23 870
24 89
24 125
24 127
24 207
24 241
24 329
24 333
24 502
24 506
24 515
24 717
24 833
24 866
25 38
25 39
25 100
25 150
25 281
25 344
25 447
25 473
25 491
25 693
25 729
25 816
25 892
25 961
26 21
26 102
26 112
26 188
26 239
26 384
26 398
26 426
26 524
26 560
26 609
26 682
26 707
26 723
26 893
27 78
27 118
27 121
27 201
27 278
27 438
27 491
27 565
27 802
27 851
28 242
28 303
28 400
28 533
28 669
28 801
28 892
28 978
29 12
29 148
29 164
29 176
29 220
29 378
29 389
29 488
29 522
29 626
29 977
29 994
29 995
30 294
30 309
30 337
30 374
30 376
30 378
30 406
30 715
30 838
31 6
31 17
31 353
31 356
31 422
31 605
31 659
31 708
31 759
31 812
32 110
32 195
32 198
32 201
32 443
32 579
32 589
32 702
32 792
32 812
32 852
32 961
33 52
33 87
33 391
33 447
33 524
33 887
33 953
33 975
34 7
34 16
34 89
34 149
34 246
34 399
34 446
34 447
34 551
34 636
34 837
34 879
35 29
35 183
35 302
35 354
35 375
35 686
35 712
35 776
35 926
36 141
36 156
36 158
36 335
36 428
36 585
36 714
36 837
37 77
37 79
37 155
37 226
37 246
37 255
37 314
37 539
37 559
37 564
37 567
37 646
37 910
38 2
38 209
38 282
38 590
38 648
38 701
38 714
38 784
38 956
39 181
39 541
39 558
39 601
39 706
39 829
39 832
40 13
40 233
40 259
40 299
40 391
40 410
40 414
40 478
40 670
40 691
40 771
40 875
40 903
40 944
40 982
41 57
41 58
41 113
41 207
41 448
41 537
41 706
41 788
41 957
41 965
42 98
42 176
42 325
42 342
42 430
42 431
42 437
42 552
42 654
42 672
42 898
42 920
43 199
43 246
43 446
43 483
43 501
43 550
43 600
43 605
43 739
43 769
43 774
44 136
44 491
44 534
44 547
44 552
44 617
44 633
44 693
44 739
44 792
44 946
44 973
45 41
45 88
45 183
45 253
45 359
45 371
45 375
45 764
45 884
45 904
45 906
46 37
46 58
46 165
46 217
46 485
46 642
46 770
46 873
46 915
47 67
47 191
47 356
47 493
47 588
47 618
47 776
47 812
48 6
48 276
48 388
48 494
48 533
48 658
48 789
48 944
49 16
49 69
49 79
49 182
49 271
49 435
49 591
49 703
49 729
49 792
49 952
49 968
50 3
50 20
50 56
50 236
50 588
50 610
50 638
50 827
50 984
51 83
51 149
51 193
51 264
51 321
51 551
51 663
51 801
51 831
51 882
52 57
52 111
52 240
52 361
52 387
52 397
52 414
52 545
52 687
52 710
52 849
52 876
52 982
53 25
53 77
53 88
54 94
54 140
54 226
54 249
54 318
54 346
54 382
54 485
54 564
54 690
54 710
54 871
54 874
55 60
55 153
55 181
55 207
55 231
55 375
55 414
55 454
55 486
55 636
55 740
55 927
55 988
56 280
56 330
56 351
56 640
56 645
56 669
56 915
56 986
57 11
57 74
57 223
57 308
57 321
57 408
57 435
57 486
57 509
57 616
57 635
57 676
57 807
57 827
57 856
57 943
58 45
58 121
58 128
58 232
58 277
58 294
58 523
58 621
58 672
58 813
58 825
58 970
59 102
59 105
59 143
59 149
59 165
59 265
59 454
59 491
59 565
59 594
59 596
59 599
59 627
59 784
59 962
59 994
60 73
60 197
60 220
60 278
60 291
60 388
60 411
60 445
60 566
60 585
60 665
60 684
60 784
61 140
61 302
61 402
61 476
61 482
61 575
61 879
62 30
62 210
62 308
62 429
62 508
62 518
62 656
62 791
62 843
62 867
62 953
63 117
63 124
63 181
63 286
63 514
63 559
63 563
63 701
63 779
63 881
64 101
64 188
64 273
64 281
64 301
64 376
64 405
64 469
64 524
64 582
64 584
64 681
64 737
64 751
64 781
64 959
65 33
65 115
65 160
65 218
65 615
65 623
65 681
65 961
66 68
66 100
66 191
66 285
66 287
66 316
66 397
66 581
66 616
66 626
66 666
66 757
66 781
66 797
66 835
66 874
66 876
66 894
67 7
67 50
67 119
67 221
67 260
67 512
67 571
67 782
67 924
67 949
68 63
68 500
68 677
68 807
68 877
68 914
68 931
68 934
68 938
69 55
69 404
69 416
69 669
69 692
69 843
69 941
69 997
70 43
70 86
70 327
70 402
70 578
70 622
70 640
70 766
70 821
70 904
70 917
70 978
71 118
71 209
71 274
71 275
71 541
71 585
71 599
71 753
71 863
71 963
72 5
72 113
72 192
72 422
72 425
72 538
72 571
72 617
72 696
72 731
72 872
72 964
73 133
73 193
73 228
73 390
73 557
73 583
73 666
73 689
73 726
73 771
73 868
74 73
74 557
74 662
74 730
74 805
74 901
74 914
75 50
75 119
75 157
75 367
75 457
76 11
76 61
76 116
76 183
76 392
76 463
76 496
76 573
76 743
76 954
77 82
77 322
77 342
77 376
77 486
77 525
77 575
77 746
77 897
77 966
78 27
78 114
78 447
78 771
78 799
78 827
79 105
79 117
79 124
79 166
79 309
79 423
79 494
79 503
79 687
79 708
79 712
79 866
79 883
80 67
80 76
80 128
80 136
80 189
80 363
80 510
80 516
80 547
80 637
80 763
80 854
80 991
80 999
81 106
81 189
81 229
81 236
81 254
81 395
81 641
81 688
81 693
81 781
82 218
82 271
82 281
82 609
82 701
82 709
82 752
82 777
82 831
82 833
82 904
82 952
83 9
83 48
83 71
83 94
83 332
83 413
83 661
83 693
83 971
84 28
84 238
84 343
84 361
84 371
84 627
84 643
84 710
85 45
85 81
85 126
85 167
85 364
85 422
85 461
85 593
85 602
85 632
85 696
85 713
85 790
85 804
85 944
86 131
86 186
86 423
86 433
86 486
86 682
86 778
86 846
86 995
87 39
87 124
87 269
87 299
87 335
87 374
87 481
87 842
87 934
88 99
88 118
88 188
88 209
88 283
88 377
88 699
88 724
88 934
89 42
89 65
89 142
89 199
89 448
89 524
89 554
89 722
89 823
90 52
90 76
90 84
90 114
90 275
90 546
90 688
90 735
90 789
91 24
91 138
91 165
91 328
91 474
91 522
91 544
91 631
91 895
91 961
92 97
92 98
92 266
92 348
92 476
92 487
92 736
92 786
92 872
93 249
93 383
93 476
93 555
93 603
93 828
94 69
94 76
94 654
94 833
95 74
95 75
95 106
95 164
95 460
95 543
95 597
95 922
96 260
96 261
96 302
96 317
96 364
96 665
96 701
96 835
96 908
97 52
97 72
97 186
97 226
97 253
97 471
97 473
97 714
97 722
97 771
97 804
97 906
98 74
98 96
98 137
98 219
98 223
98 449
98 543
98 629
98 744
98 859
98 945
99 53
99 222
99 356
99 611
99 619
99 775
100 18
100 29
100 147
100 175
100 255
100 307
100 436
100 464
100 566
100 747
100 944
101 29
101 54
101 163
101 385
101 390
101 630
101 707
101 719
101 777
101 941
102 43
102 138
102 174
102 516
102 581
102 655
102 695
102 789
102 806
102 858
103 222
103 241
103 302
103 406
103 419
103 538
103 544
103 607
103 672
103 675
103 783
103 992
104 235
104 260
104 497
104 526
104 561
104 568
104 589
104 667
104 719
104 976
105 306
105 352
105 430
105 436
105 442
105 559
105 576
105 723
105 828
105 943
106 20
106 272
106 325
106 437
106 573
107 297
107 622
107 638
107 850
107 880
108 18
108 27
108 109
108 144
108 252
108 360
108 379
108 741
108 793
108 905
109 2
109 103
109 143
109 606
110 84
110 161
110 240
110 461
110 501
110 564
110 583
110 620
110 684
110 791
111 17
111 71
111 82
111 256
111 355
111 414
111 451
111 633
111 650
111 741
111 849
111 934
111 962
112 259
112 365
112 377
112 401
112 418
112 595
112 626
112 696
112 796
112 817
112 862
112 932
113 79
113 175
113 336
113 452
113 529
113 536
113 634
113 975
114 197
114 299
114 380
114 692
114 817
115 67
115 91
115 132
115 167
115 168
115 579
115 591
115 650
115 987
115 993
116 87
116 124
116 259
116 325
116 511
116 582
116 597
116 604
116 728
116 908
117 138
117 160
117 269
117 534
117 561
117 595
117 684
117 699
117 825
118 52
118 113
118 266
118 378
118 424
118 581
118 656
118 748
118 751
118 855
118 869
118 880
119 101
119 205
119 213
119 383
119 396
119 480
119 791
120 123
120 201
120 228
120 321
120 423
120 537
120 588
120 589
120 676
121 140
121 208
121 356
121 432
121 457
121 560
121 563
121 604
121 761
122 175
122 209
122 259
122 409
122 488
122 598
122 613
122 638
122 670
122 846
122 978
122 983
123 38
123 229
123 305
123 457
123 503
123 569
123 655
123 702
123 705
123 961
124 16
124 81
124 133
124 170
124 409
124 462
124 573
124 593
124 663
124 714
124 865
124 880
124 909
125 198
125 381
125 421
125 523
125 814
126 45
126 63
126 285
126 338
126 504
126 528
126 574
126 606
126 732
126 939
126 956
126 970
127 17
127 143
127 296
127 381
127 585
127 684
128 320
128 409
128 557
128 755
128 833
128 835
128 927
129 47
129 57
129 339
129 394
129 480
129 516
129 551
129 605
129 615
129 672
129 707
129 709
129 817
129 846
129 868
129 891
129 933
130 298
130 443
130 498
130 528
130 553
130 568
130 595
130 621
130 716
130 975
130 988
131 244
131 338
131 619
131 634
131 729
132 29
132 54
132 167
132 171
132 334
132 354
132 402
132 626
132 793
132 865
132 920
133 38
133 71
133 211
133 550
133 656
133 663
133 832
133 934
134 16
134 25
134 85
134 299
134 353
134 405
134 459
134 786
134 793
134 799
134 955
134 985
135 318
135 530
135 807
135 855
135 856
135 910
135 945
135 946
136 144
136 640
136 658
136 712
136 727
136 809
136 831
136 870
137 655
137 771
137 826
138 88
138 193
138 275
138 427
138 466
138 554
138 694
138 742
138 831
138 894
138 932
139 70
139 282
139 332
139 371
139 712
139 762
140 35
140 113
140 279
140 318
140 335
140 389
140 437
140 443
140 548
140 576
140 655
140 697
140 761
140 900
141 150
141 211
141 226
141 241
141 264
141 350
141 376
141 479
141 563
141 639
141 703
141 711
141 772
141 871
141 900
141 953
142 23
142 103
142 116
142 134
142 153
142 281
142 643
142 692
142 778
142 823
142 876
143 145
143 308
143 416
143 434
143 445
143 683
143 685
143 704
143 718
143 849
143 902
143 912
144 124
144 203
144 239
144 260
144 283
144 313
144 389
144 459
144 461
144 497
144 515
144 571
144 809
144 959
145 38
145 86
145 295
145 474
145 572
145 594
145 667
145 732
146 59
146 202
146 264
146 368
146 398
146 431
146 448
146 462
146 525
146 676
146 764
146 882
147 10
147 211
147 241
147 330
147 349
147 529
147 599
147 675
147 754
147 775
147 965
148 79
148 127
148 151
148 233
148 393
148 458
148 547
148 552
148 756
148 802
148 874
149 234
149 348
149 403
149 415
149 437
149 454
149 506
149 623
149 777
149 924
149 934
150 93
150 100
150 118
150 224
150 604
150 700
150 827
150 875
151 4
151 95
151 116
151 139
151 153
151 160
151 324
151 487
151 533
151 669
151 709
151 856
151 927
151 977
152 23
152 137
152 299
152 351
152 547
152 552
152 569
152 630
152 753
152 893
153 23
153 84
153 189
153 249
153 260
153 295
153 491
153 537
153 701
153 729
153 770
153 792
153 834
153 872
153 920
153 977
153 992
154 41
154 305
154 459
154 518
154 568
154 920
155 52
155 81
155 209
155 278
155 327
155 427
155 530
155 584
155 589
155 636
155 673
155 735
155 818
156 2
156 88
156 92
156 205
156 206
156 217
156 233
156 441
156 447
156 455
156 616
156 688
156 703
156 773
157 16
157 145
157 379
157 380
157 423
157 437
157 776
157 798
157 868
158 90
158 127
158 319
158 353
158 377
158 385
158 424
158 467
158 551
158 558
158 714
158 829
158 846
158 851
158 942
158 996
159 4
159 19
159 31
159 189
159 352
159 537
159 558
159 581
159 604
159 735
160 39
160 132
160 292
160 380
160 449
160 503
160 647
160 775
160 780
160 848
160 918
160 919
160 926
161 13
161 58
161 97
161 119
161 143
161 148
161 193
161 287
161 292
161 365
161 456
161 573
161 635
161 655
161 685
161 881
161 994
162 134
162 137
162 242
162 391
162 395
162 508
162 526
162 564
162 619
162 901
162 930
162 946
163 8
163 44
163 103
163 314
163 328
163 420
163 430
163 477
163 484
163 487
163 732
163 798
163 900
164 46
164 173
164 177
164 349
164 592
164 601
164 762
164 805
164 807
165 271
165 351
165 477
165 681
165 922
166 61
166 207
166 287
166 613
166 715
166 888
166 890
166 902
166 932
167 122
167 778
167 796
167 893
168 203
168 268
168 297
168 408
168 743
168 820
168 997
169 220
169 274
169 387
169 502
169 527
169 568
169 893
170 201
170 308
170 454
170 482
170 512
170 539
170 553
170 653
170 690
170 779
170 897
170 917
171 135
171 319
171 396
171 453
171 594
171 740
171 882
171 901
171 968
172 12
172 34
172 174
172 181
172 220
172 313
172 721
172 854
172 914
172 947
172 986
173 54
173 204
173 256
173 322
173 380
173 511
173 647
173 743
173 805
173 980
174 14
174 59
174 103
174 153
174 227
174 325
174 333
174 361
174 404
174 467
174 533
174 553
174 847
174 853
174 871
175 90
175 185
175 254
175 317
175 349
175 395
175 547
175 648
175 682
176 196
176 224
176 277
176 356
176 497
176 629
176 691
176 803
176 809
176 946
176 978
177 43
177 130
177 204
177 356
177 460
177 475
177 507
177 553
177 642
177 826
177 980
178 74
178 95
178 289
178 317
178 454
178 970
179 113
179 230
179 243
179 268
179 272
179 351
179 391
179 470
179 674
179 703
179 867
179 916
180 16
180 520
180 597
180 659
180 780
180 845
180 886
181 36
181 172
181 353
181 404
181 513
181 603
181 739
181 786
181 922
181 993
182 5
182 51
182 285
182 294
182 457
182 579
182 597
182 893
182 945
183 298
183 609
183 714
184 18
184 87
184 122
184 217
184 257
184 261
184 366
184 531
184 580
184 937
184 970
184 977
185 312
185 688
185 765
185 812
185 899
186 4
186 54
186 92
186 114
186 147
186 160
186 189
186 191
186 275
186 292
186 295
186 310
186 507
186 555
186 585
186 645
186 680
186 683
186 709
186 710
186 773
186 846
186 860
187 22
187 80
187 177
187 205
187 372
187 379
187 552
187 931
188 55
188 127
188 512
188 720
189 70
189 113
189 118
189 150
189 188
189 231
189 253
189 442
189 536
189 612
189 968
189 987
190 135
190 318
190 323
190 397
190 441
190 595
190 725
190 953
191 298
191 444
191 532
191 886
192 68
192 320
192 346
192 375
192 428
192 493
192 906
192 945
193 14
193 18
193 132
193 283
193 307
193 384
193 414
193 446
193 621
193 823
193 842
193 924
194 163
194 539
194 745
194 971
195 43
195 189
195 217
195 274
195 315
195 349
195 418
195 456
195 464
195 475
195 482
195 496
195 522
195 542
195 554
195 572
195 578
195 588
195 637
195 659
195 850
196 101
196 339
196 380
196 427
196 671
196 821
196 882
197 16
197 147
197 191
197 259
197 307
197 464
197 490
197 577
197 584
198 33
198 96
198 495
198 610
198 625
198 706
198 964
199 132
199 137
199 255
199 279
199 581
199 627
199 750
199 792
199 898
199 903
200 182
200 190
200 257
200 401
200 409
200 427
200 436
200 450
200 498
200 538
200 550
200 613
200 663
200 668
200 698
200 710
201 27
201 91
201 172
201 256
201 302
201 398
201 439
201 555
201 703
201 739
201 774
201 824
201 845
201 885
201 916
202 119
202 166
202 226
202 254
202 332
202 490
202 566
202 572
202 654
202 749
202 846
202 857
202 867
202 906
202 983
203 10
203 44
203 45
203 117
203 143
203 144
203 164
203 279
203 506
203 518
203 540
203 668
203 728
203 851
203 884
203 951
204 216
204 234
204 330
204 363
204 398
204 403
204 417
204 519
204 586
204 639
204 671
204 975
205 39
205 49
205 59
205 139
205 313
205 445
205 529
205 611
205 791
205 969
206 95
206 208
206 284
206 417
206 418
206 432
206 469
206 516
206 542
206 644
206 714
206 928
206 984
207 272
207 290
207 339
207 470
207 513
207 668
207 741
207 751
207 795
207 866
207 981
208 6
208 41
208 82
208 89
208 206
208 348
208 392
208 447
208 576
208 627
208 636
208 713
209 5
209 32
209 125
209 280
209 566
209 871
209 890
210 140
210 189
210 223
210 289
210 351
210 398
210 473
210 539
210 548
210 661
210 821
210 826
210 877
210 901
211 124
211 189
211 222
211 245
211 329
211 351
211 675
211 704
211 729
211 739
211 793
211 823
212 28
212 493
212 721
213 6
213 175
213 206
213 296
213 347
213 378
213 473
213 583
213 674
213 675
213 909
214 269
214 445
214 508
214 884
215 237
215 244
215 254
215 261
215 279
215 372
215 373
215 379
215 398
215 442
215 510
215 659
215 674
215 683
215 757
215 784
215 788
215 830
216 144
216 259
216 322
216 382
216 679
216 700
216 725
216 828
216 976
217 126
217 173
217 295
217 297
217 302
217 353
217 356
217 445
217 577
217 610
217 721
217 885
218 243
218 318
218 332
218 366
218 554
218 556
218 736
218 835
218 989
219 176
219 273
219 408
219 495
219 546
219 898
219 980
220 363
220 427
220 554
220 556
220 609
220 725
220 841
220 924
221 302
221 396
221 398
221 442
221 584
221 657
221 928
221 975
221 978
221 993
222 44
222 153
222 194
222 353
222 383
222 433
222 497
222 674
222 727
222 756
222 811
222 826
222 842
222 847
223 38
223 138
223 236
223 240
223 349
223 383
223 506
223 723
223 759
223 796
223 956
223 987
224 218
224 223
224 281
224 677
225 0
225 249
225 354
225 370
225 416
225 746
225 858
225 868
225 912
225 927
225 983
226 27
226 185
226 253
226 272
226 409
226 458
226 593
226 661
226 769
226 847
226 887
226 951
227 60
227 98
227 193
227 225
227 356
227 432
227 619
227 738
227 850
227 967
228 316
228 323
228 342
228 477
228 658
228 702
229 82
229 140
229 438
229 449
229 541
229 612
229 626
229 635
229 778
229 796
229 870
229 910
230 199
230 250
230 332
230 337
230 769
230 808
231 135
231 193
231 387
231 394
231 423
231 767
232 52
232 60
232 132
232 402
232 660
232 840
233 42
233 223
233 241
233 300
233 313
233 350
233 400
233 533
233 726
233 752
233 859
234 12
234 102
234 106
234 175
234 409
234 443
234 535
234 554
234 763
234 823
234 922
234 992
235 137
235 178
235 206
235 225
235 287
235 316
235 490
235 518
235 776
235 818
235 938
235 965
235 975
236 80
236 223
236 418
236 531
236 574
236 656
236 761
237 5
237 301
237 321
237 338
237 370
237 380
237 484
237 497
237 644
237 761
238 1
238 41
238 215
238 308
238 497
238 643
238 712
238 911
239 60
239 98
239 107
239 235
239 348
239 376
239 425
239 469
239 531
239 593
239 620
239 820
240 81
240 141
240 173
240 343
240 362
240 383
240 470
240 482
240 635
240 723
240 910
240 924
241 125
241 308
241 339
241 535
241 557
241 618
241 664
241 674
241 745
241 777
241 793
242 64
242 72
242 151
242 169
242 277
242 343
242 382
242 437
242 507
242 589
242 742
242 754
242 766
242 793
242 839
242 872
243 52
243 134
243 157
243 208
243 219
243 375
243 575
243 771
243 921
244 28
244 53
244 70
244 117
244 362
244 375
244 475
244 650
244 756
244 759
244 865
245 2
245 20
245 143
245 357
245 434
245 505
245 578
245 785
245 892
245 909
246 129
246 198
246 214
246 362
246 585
246 643
246 648
246 802
246 834
246 842
246 882
247 68
247 343
247 411
247 586
247 789
247 797
247 824
247 849
247 884
247 894
247 913
247 923
247 953
247 978
248 162
248 194
248 321
248 411
248 515
248 549
248 589
248 696
248 762
248 888
249 96
249 242
249 391
249 510
249 521
249 542
249 667
249 824
249 847
249 860
249 901
249 911
249 938
249 971
249 995
250 82
250 137
250 147
250 209
250 294
250 324
250 333
250 599
250 611
250 665
250 819
250 972
251 53
251 59
251 166
251 360
251 542
251 703
251 818
251 831
251 950
252 13
252 36
252 62
252 904
252 988
253 122
253 131
253 158
253 288
254 18
254 78
254 103
254 251
254 317
254 487
254 608
254 716
254 939
254 951
254 974
255 22
255 407
255 669
255 698
255 745
255 830
256 234
256 246
256 569
256 628
256 636
256 679
256 707
256 722
256 746
256 841
257 0
257 14
257 75
257 188
257 259
257 263
257 309
257 387
257 395
257 436
257 455
257 499
257 541
257 713
257 719
257 755
257 891
257 918
258 93
258 182
258 213
258 249
258 377
258 416
258 475
258 565
258 631
258 767
259 121
259 124
259 129
259 247
259 396
259 529
259 545
259 559
259 660
259 910
259 982
260 41
260 67
260 75
260 494
260 529
260 603
260 871
260 936
261 95
261 266
261 325
261 374
261 386
261 433
261 575
261 691
261 998
262 7
262 210
262 247
262 434
262 575
262 659
262 708
262 733
262 768
262 774
263 27
263 156
263 228
263 261
263 370
263 506
263 637
263 648
263 863
263 888
264 94
264 138
264 279
264 303
264 311
264 442
264 753
264 883
264 960
264 976
264 991
265 135
265 190
265 268
265 312
265 336
265 350
265 501
265 838
265 864
265 901
265 958
265 962
265 967
266 143
266 176
266 315
266 389
266 670
266 708
266 740
266 758
267 26
267 64
267 339
267 348
267 403
267 447
267 581
267 819
267 980
268 35
268 132
268 139
268 140
268 146
268 258
268 274
268 655
268 773
268 839
268 951
268 968
269 100
269 108
269 292
269 365
269 384
269 522
269 678
269 702
269 751
269 877
269 936
269 965
270 47
270 70
270 134
270 201
270 268
270 293
270 306
270 405
270 423
270 472
270 564
270 597
270 664
270 793
270 895
270 962
271 12
271 67
271 147
271 180
271 208
271 245
271 313
271 317
271 422
271 546
271 623
271 867
271 892
272 102
272 127
272 291
272 391
272 620
272 747
272 846
273 1
273 65
273 447
273 755
273 891
273 893
273 912
273 918
274 1
274 372
274 414
274 447
274 448
274 534
274 570
274 635
274 679
274 698
274 705
274 830
274 996
275 30
275 87
275 187
275 344
275 528
275 552
275 728
276 12
276 120
276 200
276 207
276 260
276 266
276 302
276 432
276 466
276 469
276 656
276 875
276 993
277 71
277 185
277 347
278 28
278 73
278 84
278 350
278 375
278 380
278 466
278 530
278 903
278 912
279 186
279 424
279 484
279 490
279 553
279 566
279 717
279 734
279 907
279 993
280 27
280 93
280 137
280 298
280 397
280 407
280 512
280 555
280 724
280 781
281 64
281 66
281 170
281 275
281 290
281 373
281 426
281 619
281 764
281 914
281 977
282 132
282 234
282 501
282 538
282 656
282 767
283 120
283 125
283 306
283 370
283 404
283 615
283 671
283 898
284 75
284 149
284 230
284 335
284 372
284 611
284 788
284 850
284 894
285 60
285 113
285 243
285 245
285 353
285 458
285 493
285 584
285 652
285 704
285 851
285 903
285 905
285 929
285 954
285 971
286 290
286 436
286 439
286 477
286 572
286 573
286 691
286 762
286 869
286 871
286 882
287 17
287 87
287 116
287 189
287 230
287 361
287 407
287 482
287 505
287 587
287 673
287 898
287 911
287 967
287 995
288 80
288 149
288 313
288 438
288 504
288 634
288 807
288 829
288 873
288 936
288 948
289 25
289 52
289 84
289 157
289 199
289 968
289 997
290 51
290 82
290 109
290 135
290 248
290 254
290 269
290 394
290 572
290 651
290 724
290 753
290 773
290 817
290 982
291 159
291 373
291 506
291 520
291 553
291 843
291 847
291 943
291 954
291 962
292 244
292 259
292 407
292 533
292 596
292 805
292 810
292 866
293 30
293 222
293 434
293 465
293 528
293 569
293 598
293 821
293 945
293 950
294 35
294 43
294 315
294 354
294 458
294 469
294 509
294 567
294 641
294 646
294 697
294 716
294 944
294 949
295 37
295 219
295 222
295 294
295 304
295 314
295 399
295 445
295 447
295 658
295 826
296 280
296 351
296 364
296 470
296 727
296 790
296 891
297 108
297 162
297 231
297 253
297 493
297 538
297 541
297 551
297 818
298 60
298 130
298 257
298 370
298 699
298 766
298 789
298 975
299 77
299 157
299 176
299 206
299 225
299 263
299 278
299 522
299 552
299 659
299 661
299 825
299 861
299 969
300 85
300 127
300 133
300 152
300 188
300 228
300 286
300 636
300 694
300 837
300 861
300 924
300 958
300 974
301 114
301 343
301 392
301 714
301 794
301 921
301 973
302 43
302 187
302 334
302 401
302 619
302 731
302 918
302 986
303 20
303 107
303 178
303 483
303 720
303 841
304 10
304 29
304 149
304 333
304 401
304 470
304 741
304 748
304 827
304 844
305 49
305 473
305 501
305 535
305 624
305 693
305 935
306 15
306 18
306 176
306 417
306 444
306 479
306 491
306 618
306 673
306 823
306 878
307 211
307 278
307 353
307 455
307 517
307 585
307 617
307 687
307 773
307 988
308 177
308 201
308 282
308 305
308 334
308 357
308 364
308 390
308 422
308 456
308 828
308 861
309 98
309 169
309 230
309 321
309 454
309 456
309 513
309 540
309 571
309 611
309 773
309 790
309 919
309 991
310 28
310 36
310 66
310 169
310 182
310 344
310 575
310 592
310 599
310 767
310 872
310 998
311 95
311 215
311 375
311 396
311 401
311 453
311 564
311 838
311 862
312 181
312 334
312 394
312 552
312 655
312 824
312 850
313 115
313 202
313 219
313 282
313 428
313 522
313 580
313 762
313 797
313 913
314 264
314 603
314 616
314 717
314 876
314 908
315 230
315 247
315 289
315 482
315 489
315 519
315 651
315 856
315 961
316 193
316 202
316 468
316 510
316 540
316 554
316 559
316 563
317 20
317 490
317 535
317 716
317 885
317 901
317 972
318 186
318 314
318 316
318 321
318 349
318 363
318 646
318 722
318 887
318 957
318 988
319 47
319 52
319 57
319 141
319 333
319 342
319 400
319 445
319 505
319 510
319 563
319 567
319 631
319 645
319 700
319 777
319 788
319 807
320 179
320 295
320 297
320 316
320 331
320 333
320 553
320 791
320 865
321 430
321 599
321 827
321 849
321 918
322 10
322 19
322 351
322 580
322 586
322 595
322 758
322 767
322 848
323 45
323 187
323 287
323 371
323 463
323 476
323 513
323 726
324 55
324 258
324 322
324 337
324 483
324 670
324 775
325 8
325 34
325 41
325 144
325 526
325 557
325 566
325 707
325 846
325 952
326 211
326 218
326 221
326 241
326 284
326 346
326 447
326 934
326 944
327 148
327 160
327 286
327 301
327 496
327 498
327 665
327 729
327 788
327 904
327 927
327 945
327 963
328 124
328 144
328 534
328 549
328 579
329 77
329 320
329 358
329 778
329 820
329 935
330 10
330 24
330 41
330 55
330 103
330 117
330 140
330 160
330 168
330 398
330 456
330 516
330 613
330 655
330 916
331 156
331 177
331 194
331 219
331 457
331 476
331 509
331 594
331 603
332 18
332 130
332 203
332 479
332 566
332 663
332 803
332 912
333 74
333 107
333 158
333 294
333 317
333 348
333 418
333 461
333 489
333 576
333 651
333 766
333 803
333 973
334 61
334 84
334 192
334 531
334 868
335 10
335 75
335 180
335 253
335 334
335 378
335 418
335 529
335 548
335 590
335 780
335 805
335 829
336 14
336 32
336 93
336 561
336 619
336 680
336 806
336 935
336 953
337 297
337 306
337 330
337 424
337 431
337 476
337 513
337 877
337 892
337 923
338 160
338 181
338 358
338 746
339 28
339 201
339 540
339 813
339 851
339 882
339 990
339 994
340 46
340 48
340 232
340 329
340 366
340 550
340 557
340 648
340 786
340 880
340 927
341 24
341 57
341 81
341 121
341 195
341 295
341 319
341 386
341 426
341 550
341 581
341 628
341 703
341 781
341 865
341 994
342 27
342 75
342 125
342 129
342 250
342 339
342 387
342 402
342 504
342 518
342 570
342 617
342 649
342 803
342 964
343 83
343 87
343 230
343 426
343 813
343 818
343 849
343 916
343 939
343 953
344 2
344 168
344 217
344 270
344 276
344 493
344 933
345 0
345 12
345 246
345 404
345 482
345 496
345 680
345 692
345 709
345 727
345 788
345 837
345 972
346 56
346 70
346 130
346 342
346 427
346 516
346 585
346 805
346 841
346 984
347 28
347 288
347 439
347 504
347 557
347 570
347 776
347 832
347 840
347 904
347 963
348 161
348 297
348 319
348 405
348 473
348 625
348 850
348 953
349 75
349 247
349 747
349 796
349 827
349 830
349 855
349 977
350 62
350 191
350 245
350 336
350 435
350 489
350 525
350 621
350 652
350 887
351 53
351 67
351 265
351 356
351 496
351 516
351 705
351 849
351 930
352 134
352 210
352 324
352 338
352 348
352 353
352 443
352 582
352 736
352 777
352 921
353 118
353 182
353 195
353 269
353 271
353 311
353 335
353 413
353 441
353 479
353 574
353 609
353 715
353 919
354 23
354 54
354 184
354 186
354 347
354 351
354 363
354 403
354 491
354 597
354 656
354 684
354 718
354 724
354 746
354 895
354 926
354 940
354 992
355 79
355 140
355 178
355 181
355 463
355 629
355 685
355 720
355 816
355 821
355 867
355 924
356 31
356 153
356 166
356 261
356 455
356 756
357 63
357 82
357 91
357 271
357 272
357 296
357 364
357 504
358 21
358 24
358 27
358 67
358 103
358 130
358 134
358 329
358 561
358 587
358 651
358 693
358 932
358 957
359 38
359 214
359 310
359 329
359 356
359 447
359 509
359 558
359 766
359 827
359 947
359 987
360 256
360 348
360 463
360 573
360 600
360 602
360 666
360 862
361 82
361 197
361 242
361 249
361 330
361 579
361 623
361 883
362 23
362 201
362 291
362 373
362 431
362 462
362 495
362 527
362 546
362 654
362 717
362 845
362 896
363 271
363 582
363 683
363 808
363 849
364 53
364 345
364 649
364 695
364 735
364 806
364 859
364 925
365 143
365 187
365 236
365 243
365 315
365 352
365 577
365 595
365 751
365 779
365 814
366 37
366 136
366 272
366 295
366 305
366 326
366 575
366 649
366 701
366 726
366 895
367 13
367 221
367 263
367 390
367 421
367 573
367 660
367 781
368 4
368 30
368 105
368 129
368 133
368 144
368 207
368 305
368 459
368 535
368 536
368 543
369 54
369 367
369 587
369 703
369 813
369 871
370 112
370 202
370 235
370 394
370 487
370 774
370 965
371 99
371 160
371 208
371 344
371 487
371 550
371 573
371 684
371 763
371 772
372 113
372 179
372 218
372 280
372 317
372 392
372 547
372 764
372 779
372 870
372 948
372 977
373 52
373 54
373 73
373 133
373 400
373 407
373 632
373 648
373 866
373 889
373 908
373 933
374 190
374 286
374 293
374 366
374 517
374 518
374 523
374 538
374 584
374 599
374 813
374 861
374 880
374 928
375 131
375 153
375 251
375 281
375 364
375 391
375 889
375 890
375 902
375 925
375 939
375 946
376 64
376 69
376 78
376 115
376 138
376 299
376 757
376 769
376 972
377 177
377 455
377 527
377 555
377 560
377 748
378 81
378 270
378 467
378 470
378 552
378 795
378 805
378 835
379 217
379 247
379 259
379 308
379 461
379 527
379 649
379 670
379 691
379 921
380 289
380 329
380 458
380 589
380 661
380 797
380 872
380 879
381 12
381 472
381 495
381 508
381 581
381 661
381 699
381 884
381 900
382 52
382 86
382 120
382 128
382 141
382 166
382 326
382 471
382 525
382 905
383 56
383 130
383 155
383 235
383 496
383 587
383 981
383 993
384 62
384 296
384 491
384 573
384 671
384 680
384 923
384 943
384 963
385 15
385 35
385 71
385 181
385 221
385 285
385 332
385 413
385 525
385 648
385 726
386 340
386 363
386 454
386 522
386 774
386 826
386 999
387 59
387 113
387 284
387 462
387 509
387 558
387 573
387 650
387 678
387 761
387 860
387 942
387 970
388 9
388 11
388 130
388 248
388 422
388 491
388 605
388 674
388 778
388 904
389 185
389 253
389 331
389 336
389 468
389 500
389 567
389 588
389 662
389 748
389 858
389 923
389 972
390 248
390 378
390 436
390 453
390 466
390 781
390 872
390 990
391 5
391 32
391 45
391 139
391 221
391 230
391 334
391 603
391 610
391 682
391 701
391 872
392 68
392 74
392 178
392 275
392 514
392 536
392 550
392 711
392 912
392 983
393 17
393 45
393 177
393 345
393 412
393 512
393 572
393 603
393 605
393 729
393 745
393 867
394 391
394 482
394 493
394 650
394 746
395 36
395 118
395 150
395 176
395 267
395 380
395 634
395 717
395 912
395 961
396 36
396 334
396 483
396 734
396 860
396 986
397 89
397 137
397 184
397 233
397 242
397 563
397 579
397 688
397 701
397 869
397 924
397 947
398 96
398 599
398 653
398 713
399 113
399 147
399 199
399 212
399 227
399 346
399 562
399 803
399 808
399 914
399 960
400 332
400 363
400 417
400 562
400 613
400 674
400 751
401 58
401 325
401 471
401 553
401 577
401 749
401 782
401 812
401 903
401 927
401 965
401 967
402 277
402 312
402 439
402 459
402 483
402 553
402 586
402 675
402 744
402 812
403 29
403 207
403 381
403 442
403 468
403 549
403 569
403 971
404 72
404 635
404 712
404 781
404 812
404 905
404 921
405 26
405 278
405 305
405 428
405 487
405 494
405 516
405 523
405 534
405 728
405 904
405 956
406 128
406 134
406 168
406 174
406 179
406 215
406 271
406 310
406 313
406 335
407 74
407 173
407 192
407 236
407 337
407 403
407 497
407 606
407 670
407 852
407 954
408 6
408 13
408 46
408 71
408 307
408 342
408 391
408 492
408 521
409 159
409 313
409 337
409 428
409 904
409 936
409 999
410 17
410 96
410 110
410 126
410 132
410 164
410 289
410 376
410 508
410 615
410 616
410 619
410 768
410 805
410 919
410 942
411 29
411 75
411 171
411 195
411 260
411 271
411 357
411 549
411 652
412 24
412 27
412 102
412 143
412 518
412 539
412 996
413 121
413 275
413 283
413 288
413 516
413 542
413 572
413 821
414 94
414 174
414 267
414 297
414 316
414 331
414 355
414 565
414 635
414 801
414 882
414 895
414 942
415 32
415 117
415 155
415 193
415 266
415 314
415 447
415 501
415 514
415 922
416 34
416 85
416 460
416 599
416 807
416 895
417 11
417 149
417 293
417 628
417 696
417 771
417 784
417 903
418 270
418 307
418 371
418 461
418 546
418 685
419 93
419 258
419 288
419 383
419 406
419 432
419 436
419 445
419 499
419 508
419 525
419 578
419 609
419 623
419 651
419 760
419 799
419 941
419 968
419 989
420 8
420 88
420 90
420 199
420 260
420 263
420 337
420 361
420 379
420 670
420 729
420 769
420 934
421 60
421 94
421 113
421 221
421 335
421 688
421 902
421 961
422 186
422 191
422 232
422 446
422 449
422 456
422 462
422 490
422 495
422 560
422 683
422 708
422 754
422 790
423 166
423 303
423 307
423 364
423 696
423 833
423 888
424 35
424 36
424 255
424 618
424 639
424 729
424 775
424 871
424 877
425 87
425 101
425 216
425 238
425 351
425 371
425 489
425 674
425 779
425 932
425 963
425 964
426 105
426 166
426 181
426 297
426 301
426 325
426 345
426 408
426 602
426 764
427 50
427 105
427 111
427 154
427 177
427 388
427 510
427 803
427 848
428 302
428 427
428 556
428 596
428 639
428 646
429 13
429 16
429 171
429 257
429 328
429 441
429 452
429 670
429 700
429 807
429 940
430 275
430 276
430 282
430 453
430 458
430 571
430 590
430 626
430 639
430 832
430 912
430 949
430 972
431 172
431 321
431 477
431 485
431 550
431 605
431 983
432 17
432 91
432 113
432 199
432 204
432 343
432 355
432 395
432 398
432 557
432 632
432 692
432 758
432 814
432 900
432 926
432 930
433 21
433 54
433 82
433 299
433 332
433 369
433 500
433 585
433 699
433 746
433 772
433 863
434 57
434 343
434 374
434 415
434 441
434 460
434 489
434 649
434 850
434 925
435 467
435 524
435 571
435 848
436 145
436 404
436 579
436 737
436 994
437 298
437 340
437 630
437 775
437 783
437 824
437 890
438 159
438 239
438 334
438 594
438 601
438 662
438 762
438 775
438 803
438 961
438 971
439 37
439 80
439 89
439 152
439 173
439 189
439 298
439 368
439 464
439 687
439 693
439 707
439 840
439 971
439 974
439 975
439 988
440 44
440 152
440 255
440 260
440 444
440 489
440 510
440 515
440 526
440 692
440 698
440 918
441 99
441 149
441 161
441 329
441 348
441 392
441 667
441 757
441 780
442 25
442 131
442 236
442 258
442 559
442 578
442 693
442 812
443 12
443 123
443 204
443 296
443 379
444 58
444 83
444 170
444 179
444 252
444 260
444 295
444 367
444 402
444 441
444 531
444 613
444 621
444 732
444 920
445 91
445 405
445 471
445 499
445 607
445 713
445 833
446 18
446 103
446 324
446 406
446 458
446 507
446 621
446 624
446 662
446 803
447 44
447 125
447 235
447 325
447 416
447 421
447 451
447 519
447 625
447 726
448 160
448 201
448 216
448 487
448 623
448 698
448 716
448 722
448 755
448 847
448 911
448 968
449 96
449 320
449 433
449 769
449 807
450 176
450 243
450 597
450 621
450 628
450 720
450 727
450 770
450 818
450 836
450 918
450 921
450 960
451 37
451 40
451 117
451 235
451 484
451 486
451 612
451 848
451 884
451 886
451 905
451 986
452 24
452 47
452 95
452 212
452 240
452 455
452 781
452 859
452 902
452 924
452 974
452 999
453 15
453 72
453 88
453 303
453 455
453 478
454 131
454 155
454 225
454 266
454 269
454 293
454 471
454 542
454 646
454 723
454 796
454 831
455 78
455 96
455 98
455 337
455 419
455 537
455 640
455 650
455 656
455 807
455 863
455 929
455 948
456 59
456 95
456 365
456 507
456 620
456 625
456 682
456 736
456 773
456 979
457 51
457 165
457 272
457 305
457 469
457 655
457 924
458 9
458 102
458 321
458 387
458 463
458 476
458 493
458 651
458 658
458 740
458 793
459 12
459 87
459 105
459 236
459 247
459 348
459 438
459 450
459 547
459 644
459 706
459 729
459 890
459 980
460 20
460 110
460 246
460 268
460 319
460 338
460 398
460 600
460 696
460 713
460 735
460 794
460 926
461 26
461 92
461 112
461 151
461 154
461 191
461 346
461 360
461 413
461 437
461 531
461 689
461 921
462 4
462 69
462 77
462 99
462 135
462 355
462 392
462 405
462 545
462 634
462 637
462 673
462 732
462 928
463 58
463 207
463 365
463 407
463 619
463 763
463 815
463 890
464 10
464 153
464 171
464 517
464 587
464 599
464 650
464 783
465 30
465 121
465 233
465 283
465 307
465 406
465 617
465 662
465 677
465 730
465 788
465 794
466 76
466 80
466 99
466 384
466 514
466 576
466 701
466 855
466 883
466 907
466 988
467 8
467 26
467 550
467 590
467 644
467 671
467 907
467 915
467 937
468 43
468 126
468 293
468 301
468 377
468 401
468 562
468 583
468 875
469 201
469 211
469 436
469 562
469 729
469 777
469 842
469 968
469 980
470 20
470 211
470 245
470 325
470 380
470 506
470 592
470 596
470 735
470 750
470 774
471 37
471 228
471 234
471 382
471 426
471 464
471 813
471 815
472 124
472 151
472 177
472 450
472 498
472 568
472 897
472 968
472 986
473 101
473 284
473 327
473 466
473 565
473 839
474 463
474 517
474 539
474 568
474 694
474 724
474 754
474 939
474 977
475 11
475 269
475 392
475 647
475 733
475 856
475 886
475 982
476 117
476 175
476 316
476 427
476 440
476 559
476 591
476 639
476 662
476 669
476 759
476 762
476 796
476 907
477 298
477 309
477 388
477 491
477 677
477 679
477 940
477 946
477 983
478 15
478 36
478 232
478 240
478 248
478 446
478 640
478 842
478 918
479 262
479 319
479 490
479 599
479 786
479 822
479 851
480 2
480 70
480 91
480 109
480 343
480 386
480 438
480 486
480 547
480 654
480 673
480 681
480 700
480 750
480 782
480 807
480 843
480 865
480 971
481 23
481 33
481 103
481 154
481 399
481 412
481 632
481 699
481 798
482 44
482 102
482 183
482 292
482 449
482 510
482 583
482 624
482 686
482 708
482 729
482 739
482 779
482 871
482 893
482 976
483 31
483 40
483 65
483 97
483 125
483 160
483 417
483 504
483 911
483 947
484 70
484 350
484 497
484 964
484 977
485 88
485 111
485 212
485 262
485 390
485 557
485 583
485 797
485 803
485 872
485 892
485 893
485 913
485 953
485 972
486 38
486 172
486 584
486 749
486 782
486 936
487 49
487 126
487 302
487 303
487 488
487 507
487 617
487 713
487 727
487 991
487 992
488 50
488 54
488 168
488 206
488 264
488 334
488 403
488 411
488 416
488 578
488 599
488 621
488 847
488 856
488 892
489 254
489 255
489 478
489 530
489 580
489 585
489 774
489 821
489 951
489 955
490 259
490 313
490 744
491 51
491 184
491 397
491 541
491 769
491 908
492 28
492 87
492 125
492 239
492 251
492 258
492 267
492 349
492 446
492 568
492 599
492 791
492 968
493 15
493 96
493 118
493 167
493 245
493 265
493 282
493 287
493 311
493 438
493 641
493 658
493 792
493 894
494 72
494 73
494 85
494 86
494 319
494 394
494 395
494 407
494 443
494 655
494 665
494 751
495 152
495 164
495 189
495 245
495 308
495 323
495 411
495 421
495 456
495 481
495 558
495 618
495 890
495 945
496 411
496 412
496 483
496 674
496 684
496 691
496 729
496 753
496 966
497 119
497 137
497 275
497 432
497 442
497 490
498 31
498 96
498 247
498 407
498 614
498 679
498 745
498 773
498 789
498 793
498 820
498 839
498 947
499 10
499 15
499 258
499 439
499 472
499 537
499 799
499 914
500 30
500 182
500 471
500 482
500 640
500 644
500 739
500 826
500 969
501 105
501 513
501 526
501 552
501 651
501 824
502 253
502 384
502 515
502 587
502 649
503 237
503 292
503 349
503 399
503 646
503 675
503 932
503 990
504 25
504 48
504 182
504 229
504 328
504 431
504 606
504 716
504 736
504 772
504 895
504 910
505 9
505 169
505 178
505 493
505 500
505 502
505 533
505 682
505 729
505 888
505 934
505 981
506 21
506 219
506 275
506 386
506 448
506 602
506 608
506 859
506 907
507 22
507 23
507 74
507 197
507 303
507 334
507 437
507 501
507 580
507 688
507 767
507 945
507 973
508 245
508 283
508 286
508 401
508 469
508 489
508 565
508 654
508 757
508 822
509 31
509 152
509 219
509 258
509 451
509 455
509 516
509 541
509 682
509 767
509 936
509 969
510 31
510 85
510 143
510 195
510 532
510 570
510 627
510 638
510 713
510 972
511 88
511 126
511 223
511 265
511 291
511 310
511 355
511 364
511 398
511 484
511 500
511 632
511 748
511 775
511 862
511 975
512 54
512 75
512 232
512 242
512 288
512 292
512 342
512 433
512 715
512 754
512 919
513 128
513 177
513 227
513 232
513 585
513 622
514 120
514 190
514 268
514 284
514 324
514 454
514 464
514 522
514 619
514 748
514 792
515 187
515 347
515 348
515 353
515 382
515 400
515 401
515 426
515 704
515 833
515 883
516 35
516 45
516 232
516 342
516 350
516 403
516 668
516 839
516 866
517 68
517 119
517 215
517 250
517 301
517 425
517 442
517 559
517 765
517 931
517 997
518 15
518 21
518 53
518 139
518 177
518 179
518 271
518 278
518 296
518 437
518 527
518 564
518 744
518 763
518 977
518 989
519 132
519 181
519 198
519 381
519 402
519 532
519 647
519 774
520 124
520 173
520 319
520 335
520 414
520 551
520 632
520 665
520 716
520 741
520 801
520 923
521 96
521 368
521 423
521 577
521 604
521 683
521 943
522 27
522 51
522 112
522 146
522 189
522 462
522 487
522 516
522 533
522 585
522 761
522 786
522 931
522 993
523 25
523 119
523 147
523 413
523 582
523 749
523 813
523 878
523 907
524 1
524 65
524 153
524 172
524 180
524 429
524 626
524 734
524 793
524 846
524 867
524 897
524 929
525 16
525 55
525 211
525 249
525 372
525 432
525 675
525 710
525 905
525 944
526 10
526 25
526 110
526 228
526 261
526 350
526 362
526 508
526 575
526 744
526 945
527 18
527 43
527 68
527 161
527 181
527 430
527 668
527 687
527 860
527 865
527 882
527 941
528 135
528 215
528 386
528 532
528 651
528 721
528 786
528 787
528 824
529 59
529 94
529 307
529 397
529 645
529 762
530 74
530 145
530 208
530 298
530 483
530 737
530 803
530 976
531 126
531 193
531 303
531 384
531 459
531 487
531 692
531 733
531 814
531 816
531 857
531 956
531 982
532 1
532 90
532 91
532 232
532 350
532 353
532 375
532 459
532 576
532 648
532 684
532 778
532 897
532 931
533 20
533 25
533 231
533 420
533 442
533 451
533 541
533 573
533 591
533 836
533 841
533 846
533 888
534 139
534 159
534 218
534 274
534 279
534 316
534 322
534 361
534 433
534 894
535 37
535 45
535 51
535 137
535 357
535 378
535 455
535 472
535 483
535 818
535 898
536 10
536 198
536 265
536 352
536 587
536 608
536 709
536 893
536 953
537 60
537 242
537 284
537 443
537 722
537 815
538 177
538 182
538 239
538 374
538 420
538 632
538 705
538 735
538 795
538 861
538 876
538 892
538 960
539 165
539 230
539 291
539 334
539 354
539 473
539 616
539 645
539 672
539 709
539 809
539 904
540 192
540 430
540 494
540 579
540 697
540 752
540 882
540 887
540 890
540 944
541 46
541 94
541 171
541 221
541 272
541 319
541 386
541 467
541 507
541 741
541 989
542 110
542 261
542 423
543 38
543 130
543 272
543 291
543 413
543 470
543 495
543 534
543 620
543 671
543 724
543 755
543 761
543 900
543 977
544 253
544 286
544 311
544 410
544 434
544 503
544 663
544 671
544 959
545 55
545 70
545 93
545 805
545 892
545 905
545 908
545 992
546 140
546 316
546 350
546 361
546 528
546 851
546 859
546 911
546 919
546 934
547 73
547 953
547 987
548 53
548 335
548 357
548 434
548 519
548 557
548 661
548 671
548 928
548 990
549 6
549 283
549 320
549 354
549 438
549 593
549 686
549 954
549 985
550 118
550 130
550 324
550 482
550 495
550 614
550 626
550 857
550 886
551 181
551 379
551 385
551 404
551 517
551 611
551 760
551 842
551 866
551 929
552 29
552 164
552 390
552 451
552 466
552 660
552 703
553 229
553 273
553 713
553 839
553 869
553 991
554 138
554 417
554 527
554 676
554 846
554 858
555 344
555 692
555 793
555 860
555 910
555 989
556 34
556 137
556 165
556 245
556 366
556 454
556 548
556 645
556 774
556 813
556 931
556 987
557 172
557 194
557 373
557 397
557 534
557 573
557 612
557 669
557 703
557 810
557 861
558 57
558 216
558 229
558 258
558 366
558 382
558 451
558 668
558 696
558 848
558 943
558 978
559 43
559 109
559 121
559 368
559 433
559 586
559 678
559 735
559 904
559 999
560 29
560 191
560 195
560 261
560 356
560 481
560 643
560 721
560 722
560 799
560 951
561 48
561 88
561 134
561 293
561 479
561 544
561 621
561 708
561 853
562 35
562 599
562 607
562 638
562 649
562 663
562 777
562 883
563 74
563 77
563 91
563 223
563 226
563 322
563 374
563 605
563 680
563 773
563 792
564 117
564 218
564 344
564 424
564 431
564 545
564 559
564 944
564 965
565 40
565 97
565 147
565 191
565 275
565 307
565 451
565 555
565 824
565 833
565 959
566 80
566 240
566 257
566 290
566 297
566 343
566 367
566 434
566 556
566 596
566 655
566 668
566 832
566 910
567 64
567 115
567 128
567 167
567 338
567 369
567 498
567 765
567 832
567 884
567 939
567 964
568 49
568 146
568 153
568 235
568 490
568 524
568 784
568 912
569 54
569 56
569 119
569 130
569 232
569 247
569 277
569 280
569 329
569 425
569 436
569 622
569 642
569 730
569 782
569 826
569 880
569 954
570 114
570 137
570 162
570 342
570 447
570 680
570 881
570 969
570 974
571 30
571 112
571 125
571 212
571 216
571 273
571 308
571 312
571 340
571 394
571 428
571 509
571 519
571 565
571 617
571 762
571 821
572 80
572 222
572 404
572 433
572 469
572 492
572 550
572 602
572 639
572 748
572 767
572 923
572 975
573 25
573 53
573 87
573 105
573 260
573 263
573 333
573 401
573 443
573 515
573 586
573 594
573 616
573 622
573 712
573 726
573 991
573 999
574 102
574 247
574 348
574 375
574 469
574 506
574 576
574 633
574 732
574 851
574 897
575 278
575 320
575 341
575 461
575 535
575 554
575 839
575 848
576 74
576 113
576 115
576 203
576 240
576 253
576 269
576 296
576 457
576 460
576 574
576 598
576 707
576 751
576 794
576 798
576 848
577 336
577 381
577 592
577 634
577 948
578 68
578 194
578 432
578 501
578 573
578 685
578 732
578 831
578 950
578 985
578 988
579 39
579 51
579 83
579 442
579 502
579 547
579 656
579 660
579 737
579 770
579 779
579 783
579 810
579 816
579 821
579 840
579 932
579 963
579 968
579 969
579 996
580 82
580 103
580 126
580 173
580 226
580 272
580 279
580 318
580 434
580 449
580 625
580 739
580 838
580 842
580 984
581 100
581 243
581 255
581 269
581 326
581 377
581 421
581 436
581 546
582 40
582 64
582 277
582 484
582 583
582 856
582 967
583 107
583 247
583 373
583 488
583 522
583 524
583 528
583 540
583 580
583 819
583 948
584 292
584 452
584 527
584 616
584 668
584 814
584 908
585 138
585 283
585 351
585 364
585 541
585 668
585 672
585 754
585 908
585 921
586 32
586 500
586 667
586 725
586 868
586 922
587 5
587 92
587 120
587 167
587 271
587 320
587 357
587 383
587 465
587 720
587 758
587 853
587 909
587 924
588 82
588 108
588 123
588 140
588 307
588 324
588 388
588 432
588 451
588 611
588 693
588 800
588 826
588 935
588 961
589 33
589 127
589 311
589 366
589 635
589 738
590 16
590 40
590 89
590 474
590 483
590 514
590 575
590 583
590 903
590 935
591 403
591 500
591 503
591 542
591 558
591 687
591 698
591 720
591 892
591 968
592 117
592 159
592 317
592 330
592 347
592 528
592 652
592 689
593 82
593 214
593 366
593 383
593 545
593 619
593 719
593 737
593 780
593 834
593 858
594 83
594 157
594 224
594 281
594 334
594 440
594 814
594 859
594 961
594 968
595 33
595 95
595 104
595 176
595 415
595 572
595 711
595 801
595 810
595 891
595 996
596 108
596 251
596 274
596 648
596 769
597 7
597 74
597 191
597 218
597 219
597 248
597 495
597 519
597 620
597 651
597 748
597 826
597 914
598 17
598 143
598 302
598 354
598 389
598 400
598 820
598 903
598 962
599 145
599 185
599 333
599 390
599 400
599 530
599 557
599 803
599 806
599 864
599 940
600 232
600 308
600 349
600 582
600 615
600 649
600 784
600 892
601 42
601 185
601 316
601 376
601 484
601 638
601 690
601 821
601 865
602 87
602 150
602 306
602 324
602 479
602 592
602 709
602 875
602 912
602 923
602 947
603 131
603 197
603 206
603 515
603 608
603 718
603 762
603 971
603 976
604 160
604 167
604 297
604 413
604 459
604 635
604 947
605 73
605 141
605 143
605 213
605 221
605 241
605 305
605 393
605 401
605 539
605 559
605 635
605 640
605 665
605 733
606 187
606 363
606 446
606 509
606 513
606 597
606 721
606 804
607 59
607 67
607 167
607 420
607 550
607 667
607 748
607 859
608 213
608 306
608 410
608 682
608 799
609 23
609 54
609 208
609 700
609 813
609 820
609 832
609 836
609 908
609 962
610 83
610 190
610 327
610 337
610 525
610 552
610 594
610 662
610 683
610 745
610 892
611 167
611 227
611 277
611 328
611 369
611 440
611 692
611 767
611 875
612 23
612 27
612 36
612 44
612 162
612 369
612 420
612 436
612 749
613 109
613 148
613 291
613 297
613 568
613 861
613 868
613 942
614 35
614 109
614 294
614 319
614 330
614 666
614 672
614 704
614 760
614 812
614 817
614 855
615 9
615 21
615 31
615 105
615 248
615 351
615 407
615 415
615 422
615 484
615 682
615 721
615 774
615 791
615 930
615 963
616 33
616 165
616 255
616 502
616 527
616 533
616 661
616 724
616 773
616 914
616 939
617 97
617 238
617 245
617 368
617 470
617 585
617 640
617 704
617 716
617 980
618 97
618 116
618 120
618 131
618 206
618 441
618 479
618 505
618 551
618 613
618 636
618 684
618 712
619 11
619 178
619 228
619 442
619 535
619 552
619 578
619 878
619 973
620 80
620 103
620 142
620 150
620 152
620 630
620 693
620 964
621 103
621 334
621 469
621 525
621 543
621 548
621 866
621 942
621 997
622 363
622 433
622 488
622 498
622 556
622 596
622 892
623 84
623 122
623 125
623 410
623 465
623 470
623 656
623 759
623 847
623 857
623 932
623 997
624 142
624 238
624 365
624 369
624 575
624 738
624 821
625 133
625 156
625 245
625 390
625 412
625 478
625 616
625 708
625 711
625 720
625 811
625 869
626 35
626 46
626 102
626 160
626 280
626 368
626 623
626 820
626 877
627 183
627 195
627 226
627 247
627 316
627 480
627 556
627 565
627 583
627 781
627 803
627 851
627 979
628 77
628 187
628 267
628 333
628 337
628 389
628 447
628 468
628 551
628 701
629 93
629 117
629 135
629 188
629 193
629 543
629 592
629 667
629 710
629 727
629 835
630 24
630 466
630 604
630 682
630 826
630 849
630 967
631 75
631 120
631 121
631 292
631 348
631 379
631 502
631 678
631 744
631 775
631 839
631 886
631 982
632 74
632 99
632 116
632 142
632 457
632 852
632 932
633 52
633 144
633 303
633 508
633 542
633 652
633 729
633 969
634 89
634 251
634 317
634 350
634 449
634 464
634 489
634 676
634 725
634 770
634 817
634 967
635 159
635 224
635 254
635 329
635 376
635 463
635 774
635 875
636 57
636 270
636 284
636 354
636 524
636 564
636 577
636 611
636 631
636 665
636 804
636 824
636 831
636 838
636 890
637 13
637 20
637 32
637 92
637 233
637 243
637 314
637 337
637 359
637 472
637 840
638 257
638 277
638 483
638 522
638 600
638 633
638 713
638 761
638 812
638 843
638 894
638 931
638 936
638 944
639 84
639 159
639 204
639 239
639 424
639 506
639 520
639 560
639 574
639 610
639 623
639 677
639 697
639 738
639 755
639 760
640 295
640 374
640 431
640 775
640 794
640 800
641 13
641 120
641 261
641 343
641 422
641 640
641 725
641 784
641 796
641 815
641 926
642 1
642 51
642 434
642 439
642 451
642 487
642 571
642 577
642 766
642 773
643 36
643 37
643 156
643 341
643 416
643 466
643 628
643 752
643 764
644 30
644 71
644 101
644 106
644 124
644 170
644 317
644 341
644 691
644 938
644 996
645 73
645 248
645 294
645 470
645 472
645 817
645 888
645 991
646 19
646 84
646 89
646 162
646 194
646 280
646 321
646 344
646 494
646 690
646 729
646 732
647 45
647 58
647 64
647 307
647 539
647 655
647 698
647 764
647 826
647 846
647 903
647 946
647 980
648 61
648 391
648 416
648 417
648 551
648 595
648 753
648 962
649 196
649 430
649 593
649 626
650 232
650 317
650 320
650 357
650 498
650 541
650 656
650 671
650 891
651 13
651 370
651 611
651 789
651 988
652 200
652 247
652 414
652 434
652 478
652 544
652 567
652 603
652 626
652 752
652 801
652 953
653 30
653 125
653 140
653 244
653 457
653 499
653 506
653 639
653 670
653 734
653 809
653 820
653 846
653 860
653 976
654 149
654 223
654 242
654 306
654 396
654 655
654 726
654 832
654 869
654 957
655 103
655 189
655 300
655 342
655 370
655 610
655 781
655 789
655 805
655 838
655 867
655 924
656 24
656 320
656 339
656 342
656 370
656 433
656 614
656 620
656 629
656 869
657 2
657 68
657 291
657 296
657 505
657 619
657 642
657 706
657 884
657 981
657 997
658 247
658 258
658 400
658 441
658 619
658 730
658 853
658 901
658 917
658 988
659 301
659 305
659 381
659 467
659 536
659 761
659 793
659 837
659 971
660 285
660 315
660 334
660 440
660 535
660 589
660 615
660 640
660 820
660 980
661 156
661 568
661 569
661 593
661 609
661 705
661 726
661 762
661 831
661 940
661 941
662 19
662 87
662 136
662 181
662 193
662 478
662 540
662 648
662 681
662 744
662 847
662 924
662 933
663 14
663 283
663 342
663 440
663 448
663 548
663 554
663 651
663 708
663 747
664 18
664 129
664 234
664 343
664 356
664 425
664 565
664 603
664 623
664 751
664 864
665 89
665 130
665 302
665 597
665 722
665 770
665 777
665 999
666 21
666 191
666 288
666 404
666 771
666 902
666 994
667 5
667 22
667 41
667 127
667 284
667 353
667 383
667 559
667 676
667 755
667 809
667 971
668 65
668 210
668 233
668 399
668 487
668 632
668 718
668 771
668 814
668 827
668 835
669 21
669 120
669 130
669 180
669 373
669 377
669 571
669 659
669 696
669 822
669 847
669 901
669 939
669 967
670 56
670 192
670 363
670 404
670 630
670 631
670 653
670 722
670 736
670 756
670 759
671 176
671 241
671 715
671 793
671 798
671 838
671 867
671 974
672 46
672 96
672 114
672 236
672 441
672 504
672 794
672 815
672 854
672 957
673 22
673 54
673 100
673 102
673 235
673 333
673 370
673 581
673 612
673 679
673 801
674 112
674 132
674 157
674 270
674 337
674 502
674 510
674 703
674 907
675 59
675 105
675 310
675 314
675 442
675 464
675 468
675 473
675 474
675 727
675 940
676 20
676 185
676 299
676 320
676 359
676 517
676 668
676 737
676 785
676 947
676 996
677 135
677 248
677 321
677 384
677 569
677 641
677 820
677 835
677 867
677 964
677 966
678 161
678 180
678 283
678 487
678 624
678 643
678 716
678 985
679 315
679 376
679 641
679 645
679 785
679 887
679 907
680 278
680 424
680 921
680 927
681 110
681 115
681 360
681 361
681 502
681 645
681 847
681 866
682 333
682 411
682 458
682 796
682 819
682 984
683 36
683 85
683 210
683 336
683 399
683 420
683 538
683 642
683 697
683 776
683 893
683 920
684 378
684 398
684 410
684 419
684 514
684 665
684 716
684 734
684 759
684 827
684 865
685 49
685 88
685 136
685 557
685 564
685 588
685 755
686 258
686 342
686 511
686 716
686 801
686 808
686 935
687 395
687 484
687 614
687 739
687 771
687 899
688 313
688 476
688 616
688 687
688 714
688 875
688 988
689 69
689 207
689 522
689 672
689 924
690 50
690 106
690 211
690 220
690 306
690 454
690 855
690 901
690 968
691 22
691 122
691 210
691 227
691 554
691 604
691 857
691 892
691 922
691 990
692 23
692 46
692 221
692 389
692 418
692 483
692 512
692 845
692 848
692 886
693 24
693 30
693 59
693 82
693 88
693 285
693 398
693 415
693 678
693 748
694 55
694 94
694 168
694 268
694 477
694 499
694 689
694 769
694 822
694 859
694 907
694 927
694 949
695 100
695 310
695 555
695 572
695 755
695 783
695 824
695 867
695 946
696 58
696 73
696 94
696 176
696 475
696 514
696 526
696 610
696 648
696 738
696 750
696 769
696 849
696 994
697 250
697 527
697 727
697 797
698 15
698 85
698 150
698 243
698 265
698 321
698 445
698 616
698 764
698 847
698 892
698 928
698 988
699 183
699 219
699 266
699 684
699 812
699 824
699 891
700 150
700 154
700 178
700 180
700 186
700 450
700 558
700 580
700 630
700 771
700 949
701 14
701 17
701 129
701 506
701 518
701 574
701 615
701 950
701 976
702 19
702 97
702 165
702 350
702 438
702 542
702 907
703 2
703 185
703 203
703 420
703 534
703 581
703 838
704 128
704 351
704 414
704 541
704 596
704 714
704 800
704 820
704 835
704 852
705 133
705 201
705 223
705 392
705 697
706 18
706 113
706 407
706 434
706 483
706 498
706 556
706 562
706 614
706 820
706 979
707 75
707 119
707 264
707 369
707 405
707 561
707 622
707 854
707 911
707 951
708 259
708 289
708 350
708 363
708 705
709 2
709 17
709 294
709 319
709 427
709 461
709 540
709 558
709 563
709 820
709 851
709 925
710 65
710 154
710 178
710 244
710 246
710 358
710 387
710 457
710 538
710 750
710 754
710 755
710 932
711 100
711 158
711 175
711 396
711 493
711 754
711 874
712 144
712 518
712 529
712 540
712 568
712 974
712 991
713 53
713 70
713 77
713 124
713 128
713 156
713 389
713 492
713 548
713 565
713 572
713 641
714 124
714 432
714 454
714 599
714 647
714 731
714 793
714 804
714 870
714 922
715 14
715 118
715 242
715 333
715 388
715 497
715 643
716 123
716 167
716 172
716 184
716 278
716 380
716 399
716 548
716 610
716 640
716 817
716 913
717 39
717 80
717 234
717 249
717 615
717 863
718 219
718 260
718 469
718 525
718 570
718 593
718 666
718 769
718 802
718 820
718 873
718 893
719 134
719 139
719 345
719 437
719 603
719 612
719 692
719 792
719 807
719 950
719 999
720 78
720 309
720 341
720 689
720 753
720 832
720 944
721 71
721 114
721 221
721 268
721 288
721 301
721 490
721 494
721 511
721 654
721 773
721 824
721 926
721 957
722 154
722 164
722 477
722 508
722 512
722 524
722 536
722 610
722 665
722 909
723 120
723 212
723 276
723 326
723 528
723 667
723 803
723 829
723 898
724 118
724 119
724 167
724 230
724 276
724 392
724 529
724 654
724 743
724 951
724 973
725 20
725 73
725 211
725 258
725 375
725 482
725 583
725 838
725 994
726 128
726 307
726 575
726 615
726 633
726 682
726 849
726 999
727 32
727 40
727 196
727 853
727 862
727 918
727 957
728 138
728 206
728 256
728 271
728 334
728 401
728 488
728 593
728 723
728 777
729 108
729 221
729 350
729 460
729 697
729 806
729 908
729 911
729 928
729 985
730 91
730 163
730 267
730 410
730 773
730 850
731 28
731 63
731 117
731 137
731 352
731 710
731 919
731 965
732 98
732 117
732 235
732 387
732 389
732 557
732 614
732 716
732 836
733 205
733 217
733 261
733 265
733 305
733 355
733 366
733 436
733 461
733 589
733 755
733 786
734 13
734 43
734 81
734 246
734 605
734 766
734 831
734 845
734 986
735 30
735 49
735 344
735 389
735 455
735 596
735 769
735 865
735 926
735 937
736 32
736 73
736 182
736 184
736 260
736 318
736 322
736 388
736 451
736 680
736 722
736 817
736 954
737 137
737 144
737 152
737 153
737 394
737 539
737 678
738 2
738 63
738 147
738 231
738 297
738 506
738 535
738 640
738 854
738 908
739 368
739 402
739 422
739 518
739 526
739 563
739 583
739 643
739 743
739 898
739 944
740 30
740 254
740 316
740 334
740 582
740 615
740 787
740 924
740 930
741 19
741 78
741 281
741 410
741 414
742 156
742 194
742 233
742 266
742 401
742 603
742 625
743 82
743 106
743 136
743 153
743 313
743 358
743 407
743 543
743 555
743 688
743 822
743 838
743 926
744 334
744 551
744 615
744 649
744 690
744 809
745 490
745 719
745 838
745 854
745 941
746 9
746 34
746 73
746 160
746 209
746 385
746 510
746 614
746 747
746 749
746 824
746 906
746 991
747 327
747 459
747 462
747 495
747 894
747 991
748 187
748 264
748 357
748 414
748 532
748 685
748 792
748 838
748 889
748 902
748 983
749 89
749 398
749 508
749 671
749 684
749 707
749 747
749 792
749 881
749 903
749 950
750 1
750 41
750 81
750 205
750 401
750 477
750 527
750 567
750 575
750 785
750 840
750 872
750 929
750 931
750 946
751 22
751 37
751 87
751 115
751 131
751 382
751 415
751 537
751 541
751 768
752 57
752 602
752 628
752 697
752 715
752 747
752 940
752 988
753 23
753 150
753 192
753 409
753 475
753 757
753 822
753 889
754 449
754 506
754 664
754 828
755 21
755 175
755 319
755 667
755 707
755 731
755 752
755 837
755 864
755 898
755 902
755 978
755 988
756 21
756 65
756 163
756 199
756 210
756 460
756 470
756 588
756 975
757 339
757 373
757 502
757 651
757 685
757 688
757 718
757 736
757 790
757 952
757 953
757 995
758 369
758 478
758 515
758 518
758 631
758 659
758 697
758 725
758 734
758 782
758 855
758 856
759 68
759 195
759 209
759 444
759 493
759 647
759 798
759 860
759 899
760 23
760 140
760 146
760 401
760 578
760 876
760 885
760 913
761 7
761 11
761 925
761 950
762 28
762 31
762 673
762 711
762 741
762 743
762 993
763 118
763 122
763 135
763 169
763 174
763 185
763 253
763 347
763 408
763 832
763 890
763 893
764 28
764 120
764 171
764 179
764 194
764 531
764 670
764 779
764 870
764 985
765 280
765 300
765 378
765 381
765 402
765 431
765 449
765 691
765 705
765 814
765 840
765 853
765 911
766 215
766 243
766 269
766 363
766 412
766 436
766 455
766 590
766 971
767 170
767 273
767 313
767 353
767 528
767 578
767 758
767 819
767 821
767 904
768 145
768 282
768 368
768 674
768 769
768 773
769 124
769 237
769 274
769 323
769 507
769 595
769 639
769 710
769 881
769 941
770 89
770 127
770 133
770 149
770 213
770 291
770 302
770 398
770 411
770 458
770 559
770 725
770 881
770 940
770 948
770 982
771 110
771 187
771 348
771 385
771 545
771 652
771 989
772 18
772 118
772 320
772 347
772 396
772 516
772 833
772 911
772 936
773 140
773 220
773 296
773 385
773 463
773 510
773 528
773 621
773 644
773 703
773 711
773 802
773 957
774 29
774 223
774 232
774 240
774 248
774 343
774 372
774 412
774 493
774 579
774 842
774 871
774 882
775 19
775 142
775 190
775 287
775 310
775 370
775 457
775 479
775 558
775 771
775 850
775 973
776 4
776 41
776 86
776 135
776 141
776 190
776 282
776 596
776 641
776 905
776 910
776 981
777 37
777 265
777 397
777 435
777 482
777 494
777 514
777 541
777 683
777 724
777 920
777 946
777 968
778 103
778 197
778 205
778 347
778 361
778 518
778 533
778 649
778 869
779 102
779 135
779 152
779 214
779 376
779 412
779 512
779 534
779 557
779 561
779 701
779 725
779 761
779 988
780 29
780 33
780 43
780 114
780 211
780 311
780 416
780 605
780 610
780 719
780 897
781 7
781 57
781 102
781 148
781 288
781 342
781 520
781 713
781 801
781 880
781 900
781 947
782 209
782 236
782 331
782 345
782 387
782 530
782 824
782 843
783 10
783 105
783 134
783 243
783 391
783 563
783 668
783 724
783 803
783 855
784 62
784 66
784 120
784 148
784 277
784 388
784 391
784 403
785 158
785 179
785 287
785 337
785 411
785 454
785 494
785 519
785 584
785 648
785 830
785 907
785 995
786 29
786 398
786 404
786 410
786 414
786 433
786 606
786 688
786 710
786 891
786 907
786 937
787 4
787 102
787 104
787 106
787 235
787 324
787 539
787 908
787 930
788 70
788 118
788 307
788 416
788 501
788 515
788 592
788 674
788 861
788 867
788 897
788 898
788 972
789 104
789 174
789 352
789 455
789 536
789 567
789 665
789 952
789 987
790 2
790 34
790 76
790 101
790 146
790 235
790 236
790 315
790 414
790 431
790 555
790 560
790 619
790 623
790 633
790 654
790 921
790 931
791 372
791 451
791 506
791 567
791 649
791 817
791 957
791 978
792 45
792 47
792 56
792 291
792 298
792 588
792 590
792 754
792 996
793 51
793 325
793 331
793 362
793 372
793 529
793 627
793 666
794 18
794 225
794 227
794 285
794 340
794 545
794 935
795 291
795 331
795 435
795 813
795 847
795 889
795 897
795 943
796 1
796 91
796 136
796 153
796 290
796 336
796 338
796 524
796 578
796 774
796 832
797 103
797 105
797 175
797 269
797 315
797 447
797 476
797 488
797 527
797 638
797 730
797 778
797 844
797 855
797 884
798 23
798 170
798 350
798 425
798 484
798 533
798 713
798 907
798 917
799 158
799 170
799 215
799 258
799 283
799 414
799 449
799 490
799 557
799 662
799 726
800 131
800 205
800 347
800 419
800 485
800 538
800 581
800 625
800 654
800 897
800 912
801 108
801 539
801 573
801 660
801 685
801 741
801 774
801 830
802 5
802 135
802 176
802 186
802 256
802 424
802 494
802 569
802 859
803 23
803 46
803 54
803 273
803 443
803 516
803 558
803 685
803 719
803 887
803 908
803 947
803 993
804 156
804 164
804 169
804 322
804 369
804 378
804 432
804 538
804 711
804 724
804 909
804 932
804 936
804 997
805 32
805 34
805 114
805 313
805 314
805 329
805 378
805 383
805 466
805 476
805 548
805 565
805 596
805 649
805 853
806 25
806 100
806 230
806 257
806 319
806 407
806 443
806 471
806 706
806 992
807 161
807 207
807 274
807 357
807 359
807 423
807 537
807 568
807 569
807 806
807 841
807 902
808 28
808 111
808 131
808 380
808 769
808 830
809 180
809 252
809 354
809 382
809 769
809 833
809 870
809 912
810 299
810 483
810 536
810 644
810 665
810 699
810 723
810 886
810 895
810 924
811 33
811 34
811 38
811 50
811 694
811 963
811 978
812 48
812 186
812 577
812 621
812 664
812 815
812 970
813 63
813 69
813 142
813 219
813 251
813 293
813 342
813 353
813 687
813 786
814 26
814 63
814 258
814 392
814 480
814 558
814 643
814 689
814 802
814 845
814 986
815 239
815 278
815 324
815 361
815 559
815 623
815 711
815 826
816 77
816 309
816 324
816 410
816 470
816 475
816 544
816 620
816 680
816 769
816 954
817 1
817 235
817 276
817 439
817 529
817 742
817 791
817 913
817 929
817 988
818 42
818 82
818 109
818 249
818 292
818 369
818 594
818 694
818 945
819 324
819 412
819 517
819 658
820 22
820 71
820 163
820 219
820 296
820 338
820 386
820 657
820 942
821 124
821 251
821 416
821 598
821 723
821 732
821 823
821 940
822 199
822 656
822 896
822 930
823 135
823 185
823 384
823 488
823 530
823 631
823 682
823 840
823 934
824 378
824 431
824 457
824 458
824 718
824 795
825 144
825 329
825 425
825 447
825 639
825 894
825 936
826 276
826 277
826 348
826 462
826 540
826 560
826 770
826 838
826 901
826 937
826 992
827 22
827 467
827 486
827 817
827 873
828 0
828 32
828 59
828 181
828 196
828 294
828 477
828 572
828 661
828 782
828 785
828 796
828 870
828 896
829 23
829 200
829 389
829 415
829 511
829 746
829 767
829 847
829 918
829 983
829 988
830 106
830 241
830 313
830 423
830 455
830 603
830 609
830 691
830 935
831 645
831 673
831 863
831 894
831 905
832 46
832 65
832 159
832 209
832 230
832 373
832 434
832 573
832 577
832 596
832 613
832 913
832 951
833 135
833 352
833 600
833 612
833 647
833 735
833 837
833 842
833 938
833 978
833 991
834 28
834 111
834 129
834 166
834 320
834 486
834 687
834 698
835 35
835 67
835 178
835 351
835 964
836 10
836 315
836 317
836 329
836 439
836 467
836 483
836 703
836 810
836 869
836 992
837 40
837 79
837 105
837 120
837 195
837 414
837 477
837 561
837 778
837 779
837 824
838 84
838 224
838 395
838 477
838 567
838 634
838 635
838 697
838 769
838 850
838 944
839 36
839 280
839 557
839 629
839 739
839 767
839 829
839 858
839 993
840 2
840 73
840 77
840 97
840 138
840 231
840 274
840 988
841 162
841 214
841 300
841 356
841 368
841 498
841 585
841 627
842 342
842 440
842 476
842 480
842 506
842 695
842 767
842 964
843 11
843 183
843 336
843 483
843 596
843 791
843 837
843 851
843 926
843 948
843 967
844 329
844 539
844 550
844 561
844 789
844 820
844 840
844 914
844 999
845 260
845 262
845 397
845 441
845 502
845 560
845 734
845 774
845 931
846 155
846 173
846 676
846 763
846 789
846 885
847 190
847 237
847 331
847 340
847 368
847 447
847 867
847 945
847 963
847 970
847 982
847 990
848 20
848 33
848 71
848 165
848 244
848 320
848 372
848 417
848 439
848 487
849 35
849 100
849 535
849 540
849 551
849 646
849 744
850 45
850 81
850 90
850 180
850 244
850 310
850 337
850 546
850 563
850 651
850 673
850 730
850 877
850 882
850 883
851 31
851 41
851 68
851 106
851 405
851 423
851 503
851 719
852 49
852 80
852 279
852 283
852 503
852 539
852 544
852 556
852 579
852 722
852 806
852 893
853 1
853 139
853 208
853 468
853 520
853 564
853 870
853 884
854 109
854 145
854 173
854 183
854 377
854 429
854 473
854 497
854 602
854 716
854 822
854 856
854 896
854 997
855 50
855 309
855 380
855 889
856 30
856 211
856 249
856 265
856 345
856 390
856 540
856 569
856 574
856 713
856 721
856 777
857 30
857 100
857 101
857 141
857 258
857 298
857 526
857 581
857 709
857 771
857 889
857 899
857 906
857 999
858 234
858 322
858 325
858 443
858 561
858 767
858 820
858 918
859 54
859 159
859 422
859 484
860 135
860 254
860 581
860 685
860 959
861 6
861 20
861 53
861 340
861 486
861 593
861 820
862 26
862 64
862 305
862 375
862 463
862 559
862 686
862 742
862 869
862 963
863 74
863 239
863 251
863 271
863 311
863 493
863 498
863 633
863 696
863 786
863 802
863 829
863 852
863 906
864 34
864 62
864 113
864 207
864 332
864 333
864 384
864 895
864 905
864 934
864 949
864 952
864 955
865 120
865 154
865 202
865 375
865 389
865 406
865 440
865 498
865 911
865 920
865 930
866 33
866 63
866 129
866 418
866 424
866 581
866 649
866 799
866 997
867 4
867 18
867 34
867 119
867 155
867 209
867 275
867 300
867 314
867 444
867 732
867 767
867 771
867 781
868 42
868 220
868 242
868 296
868 369
868 450
868 574
868 605
868 843
868 882
869 255
869 261
869 305
869 384
869 450
869 723
869 924
869 990
870 5
870 146
870 209
870 213
870 267
870 273
870 279
870 574
870 718
870 723
870 751
870 832
870 913
870 987
871 93
871 186
871 204
871 324
871 425
871 604
871 622
871 711
872 194
872 484
872 786
872 795
873 51
873 89
873 159
873 377
873 494
873 557
873 590
873 611
873 879
873 947
873 982
874 45
874 277
874 312
874 659
874 745
874 826
875 52
875 107
875 246
875 407
875 421
875 436
875 747
875 989
876 30
876 227
876 347
876 373
876 399
876 401
876 845
876 933
877 30
877 138
877 363
877 577
877 706
878 109
878 197
878 241
878 310
878 403
878 414
878 450
878 605
878 697
878 975
879 64
879 93
879 102
879 161
879 253
879 270
879 344
879 457
879 524
879 845
880 35
880 66
880 134
880 211
880 321
880 368
880 413
880 415
880 489
880 741
880 778
880 815
880 819
880 838
880 851
880 921
881 27
881 42
881 81
881 90
881 157
881 181
881 265
881 582
881 687
881 898
882 75
882 81
882 89
882 134
882 156
882 245
882 250
882 322
882 342
882 356
882 410
882 456
882 534
882 552
882 568
882 593
882 611
882 803
882 876
882 914
882 997
883 54
883 150
883 595
883 639
883 668
883 671
883 721
883 725
883 751
883 780
883 785
883 798
883 861
883 964
884 26
884 290
884 318
884 488
884 528
884 564
884 691
884 791
885 29
885 124
885 147
885 213
885 249
885 358
885 405
885 565
885 622
885 626
885 679
885 726
885 803
885 807
885 846
885 871
885 919
886 144
886 150
886 264
886 284
886 429
886 430
886 647
886 669
887 42
887 105
887 222
887 284
887 302
887 343
887 538
887 552
887 570
887 645
887 664
887 723
887 767
887 952
888 73
888 199
888 243
888 268
888 277
888 355
888 582
888 821
888 898
889 8
889 445
889 543
889 691
889 710
889 722
889 774
889 781
889 801
889 830
890 69
890 110
890 127
890 223
890 388
890 465
890 575
890 627
890 650
890 662
890 694
890 738
890 824
890 842
891 101
891 216
891 309
891 550
891 622
891 805
892 6
892 168
892 313
892 518
892 621
892 635
892 849
892 863
892 994
893 27
893 326
893 395
893 669
893 688
893 695
893 923
893 938
893 970
894 145
894 327
894 626
894 668
894 785
894 793
894 967
894 975
894 982
895 6
895 48
895 53
895 121
895 257
895 324
895 511
895 621
895 626
895 735
895 739
895 756
895 913
896 162
896 178
896 327
896 351
896 662
896 771
896 813
897 215
897 246
897 299
897 346
897 367
897 419
897 420
897 594
897 906
898 82
898 91
898 147
898 175
898 280
898 444
898 700
899 29
899 203
899 458
899 598
899 782
899 902
899 978
900 96
900 158
900 242
900 305
900 330
900 368
900 449
900 574
900 587
900 624
900 897
900 980
901 46
901 119
901 495
901 529
901 590
901 788
901 857
901 897
902 165
902 246
902 286
902 346
902 374
902 419
902 536
902 560
902 564
902 605
902 609
902 630
902 710
902 727
902 948
902 970
902 992
903 33
903 85
903 86
903 133
903 143
903 227
903 545
903 692
903 741
903 910
903 968
903 977
904 119
904 200
904 219
904 390
904 448
904 524
904 528
904 592
904 918
905 90
905 120
905 213
905 215
905 321
905 431
905 558
905 620
906 276
906 295
906 377
906 475
906 514
906 705
906 710
906 723
906 846
906 862
907 49
907 62
907 110
907 173
907 639
907 755
907 809
907 827
907 828
907 943
908 1
908 74
908 229
908 397
908 425
908 437
908 523
908 753
909 43
909 225
909 377
909 430
909 449
909 508
909 529
909 584
909 675
909 723
909 807
909 908
909 962
910 265
910 396
910 483
910 509
910 565
910 633
910 714
910 805
910 855
910 864
911 7
911 67
911 255
911 285
911 312
911 469
911 481
911 502
911 584
911 672
911 813
912 190
912 201
912 339
912 340
912 499
912 508
912 632
912 752
912 780
912 788
913 21
913 65
913 306
913 362
913 430
913 442
913 604
913 679
913 757
913 760
913 876
913 940
913 954
914 222
914 349
914 471
914 691
914 709
914 839
915 4
915 76
915 97
915 170
915 444
915 520
915 554
915 564
915 666
915 846
916 153
916 500
916 526
916 564
916 604
916 629
916 656
916 755
916 795
916 877
917 19
917 22
917 210
917 498
917 569
917 587
917 600
917 680
917 716
917 811
917 882
917 932
918 69
918 94
918 180
918 212
918 306
918 354
918 376
918 466
918 698
918 827
918 835
918 946
919 148
919 229
919 288
919 554
919 756
919 876
919 906
919 945
920 14
920 75
920 131
920 211
920 363
920 387
920 418
920 623
920 658
920 761
920 762
920 775
920 852
920 859
920 894
920 993
921 93
921 235
921 238
921 318
921 353
921 513
921 639
921 744
921 750
921 803
921 868
922 57
922 58
922 142
922 160
922 188
922 519
922 626
922 720
922 756
922 796
922 797
922 953
922 990
923 264
923 562
923 746
923 823
923 927
923 950
924 45
924 96
924 280
924 284
924 319
924 467
924 688
924 932
924 998
925 138
925 531
925 621
925 742
925 804
925 817
925 831
925 897
925 980
926 106
926 301
926 699
926 816
926 950
926 952
926 988
926 989
927 5
927 41
927 48
927 308
927 313
927 338
927 375
927 512
927 597
927 651
927 724
927 962
927 981
928 75
928 108
928 171
928 279
928 291
928 468
928 530
928 553
928 799
928 858
928 920
929 309
929 556
929 588
929 616
929 632
929 705
929 757
929 854
929 966
930 32
930 36
930 54
930 179
930 205
930 235
930 500
930 576
930 659
930 715
930 789
930 950
931 104
931 175
931 185
931 191
931 247
931 346
931 524
931 532
931 590
931 653
931 875
932 66
932 195
932 373
932 402
932 410
932 645
932 680
933 136
933 237
933 239
933 380
933 417
933 544
933 595
933 610
933 661
933 674
933 805
933 901
933 912
933 928
934 83
934 87
934 97
934 202
934 214
934 422
934 553
934 780
934 788
935 28
935 128
935 196
935 240
935 263
935 328
935 339
935 394
935 419
935 522
935 524
935 532
935 565
935 566
935 591
935 695
935 884
936 92
936 262
936 310
936 400
936 467
936 839
936 961
937 61
937 189
937 193
937 228
937 335
937 374
937 435
937 463
937 580
937 681
937 697
937 718
937 796
937 842
938 3
938 39
938 202
938 214
938 270
938 311
938 319
938 441
938 568
938 596
938 649
938 849
938 935
938 997
939 58
939 142
939 166
939 175
939 307
939 455
939 606
939 662
939 663
939 842
939 851
940 11
940 13
940 162
940 227
940 249
940 354
940 377
940 392
940 518
940 587
940 689
940 983
941 11
941 86
941 142
941 240
941 248
941 343
941 534
941 565
941 586
941 637
941 740
941 842
941 944
941 968
942 171
942 177
942 287
942 380
942 397
942 665
942 756
942 768
942 771
942 816
942 851
943 26
943 219
943 239
943 271
943 331
943 434
943 436
943 449
943 589
943 598
943 657
944 188
944 236
944 458
944 589
945 149
945 337
945 459
945 843
945 990
946 174
946 242
946 333
946 461
946 625
946 709
946 848
946 935
947 2
947 148
947 190
947 252
947 293
947 336
947 424
947 936
948 43
948 173
948 269
948 276
948 496
948 523
948 551
948 646
948 685
948 713
948 917
948 953
949 28
949 107
949 133
949 342
949 409
949 453
949 486
949 586
949 652
949 664
949 855
949 865
949 894
949 939
950 5
950 129
950 144
950 233
950 289
950 300
950 361
950 376
950 393
950 463
950 507
950 633
950 669
950 682
950 889
951 135
951 296
951 328
951 370
951 414
951 438
951 813
952 7
952 486
952 550
952 609
952 798
952 835
952 844
953 13
953 63
953 114
953 240
953 245
953 603
953 634
953 739
953 823
954 52
954 121
954 138
954 181
954 291
954 319
954 398
954 399
954 471
954 491
954 770
954 803
954 861
954 939
954 959
955 26
955 56
955 344
955 574
955 590
955 835
955 903
956 179
956 235
956 384
956 463
956 586
956 758
956 912
956 972
956 973
956 994
957 30
957 35
957 68
957 173
957 512
957 618
957 660
957 742
957 811
957 892
957 902
958 64
958 127
958 341
958 545
958 834
959 34
959 160
959 341
959 465
959 531
959 622
959 749
959 857
959 891
959 911
959 994
960 32
960 79
960 126
960 159
960 182
960 183
960 216
960 269
960 370
960 389
960 497
960 623
960 666
960 694
960 851
960 979
961 11
961 145
961 148
961 207
961 413
961 622
961 748
961 778
961 860
961 885
962 135
962 200
962 261
962 324
962 371
962 675
962 769
962 868
962 923
963 110
963 113
963 119
963 153
963 257
963 470
963 586
963 799
963 884
964 44
964 52
964 142
964 211
964 221
964 259
964 299
964 330
964 465
964 515
964 771
964 897
964 937
964 984
965 251
965 516
965 546
965 625
965 654
965 664
965 676
965 711
965 868
965 871
965 948
966 4
966 24
966 54
966 55
966 107
966 206
966 211
966 353
966 591
966 735
966 771
966 960
967 12
967 85
967 113
967 463
967 500
967 521
967 615
967 809
967 956
968 133
968 346
968 387
968 393
968 522
968 574
968 699
968 703
968 988
969 48
969 114
969 181
969 204
969 371
969 631
969 778
969 848
969 897
969 911
969 995
970 130
970 154
970 157
970 354
970 453
970 480
970 537
970 581
970 636
970 893
970 922
970 985
971 78
971 133
971 192
971 193
971 366
971 371
971 408
971 635
971 681
971 704
971 798
971 896
971 918
971 973
972 10
972 149
972 465
972 515
972 539
972 558
972 616
972 622
972 669
972 700
972 824
972 858
973 57
973 88
973 157
973 351
973 367
973 420
973 544
973 726
973 829
974 51
974 78
974 125
974 180
974 385
974 490
974 600
974 614
974 650
974 739
974 752
975 258
975 548
975 554
975 558
975 605
975 617
975 672
975 762
975 884
975 990
976 71
976 73
976 126
976 138
976 212
976 266
976 483
976 550
976 830
976 958
977 73
977 151
977 183
977 205
977 336
977 436
977 523
977 607
977 684
977 829
977 902
978 20
978 116
978 140
978 551
978 585
978 738
979 31
979 270
979 526
979 592
979 707
979 919
979 948
980 164
980 297
980 370
980 397
980 446
980 500
980 623
980 636
980 705
981 370
981 427
981 470
981 499
981 882
982 23
982 161
982 196
982 216
982 237
982 266
982 323
982 335
982 366
982 409
982 454
982 455
982 646
982 680
982 725
982 999
983 141
983 145
983 157
983 336
983 343
983 419
983 468
983 615
983 893
984 52
984 165
984 212
984 356
984 582
984 612
984 672
984 678
984 682
984 690
984 753
985 49
985 176
985 200
985 236
985 458
985 528
985 583
985 724
985 883
986 50
986 58
986 84
986 163
986 218
986 247
986 416
986 457
986 537
986 573
986 647
986 797
986 874
986 972
987 90
987 116
987 200
987 357
987 446
987 457
987 589
987 618
987 626
987 657
987 660
987 666
987 673
987 679
987 709
987 739
987 755
987 867
988 22
988 118
988 171
988 378
988 539
988 573
988 641
988 697
988 727
988 893
988 903
989 111
989 225
989 240
989 393
989 404
989 708
989 721
989 723
989 763
989 927
989 942
990 86
990 130
990 307
990 359
990 483
990 588
990 619
990 744
990 818
990 830
990 963
991 12
991 185
991 214
991 279
991 496
991 497
991 559
991 610
991 793
991 806
992 30
992 107
992 147
992 168
992 197
992 199
992 251
992 495
992 603
992 624
992 871
992 969
993 118
993 230
993 253
993 331
993 362
993 401
993 465
993 468
993 487
993 808
993 827
993 876
994 44
994 212
994 388
994 435
994 541
994 567
994 833
994 873
994 925
994 947
994 987
995 29
995 169
995 305
995 385
995 482
995 703
995 711
995 736
995 737
995 747
995 921
996 89
996 139
996 176
996 221
996 225
996 437
996 685
996 850
996 862
996 930
996 962
997 5
997 39
997 52
997 82
997 116
997 179
997 277
997 317
997 447
997 648
997 680
997 776
997 796
997 848
997 899
997 985
998 104
998 125
998 252
998 288
998 368
998 383
998 757
999 62
999 177
999 258
999 322
999 359
999 391
999 403
999 722
