0 49
0 85
0 161
0 163
0 293
0 582
0 599
0 926
0 985
1 24
1 56
1 109
1 172
1 300
1 476
1 597
1 598
1 624
1 651
1 717
1 734
1 754
1 776
1 796
1 812
1 840
1 864
1 918
2 20
2 374
2 430
2 459
2 940
2 966
3 30
3 107
3 134
3 136
3 329
3 444
3 479
3 680
3 739
3 912
3 921
4 2
4 9
4 60
4 152
4 309
4 361
4 436
4 486
4 629
4 652
4 872
4 889
4 951
4 954
5 8
5 59
5 310
5 510
5 541
5 595
5 598
5 682
5 721
5 807
5 936
6 16
6 99
6 145
6 256
6 313
6 314
6 657
6 658
6 821
6 930
6 975
7 4
7 34
7 193
7 361
7 363
7 379
7 522
7 656
7 716
7 766
7 790
7 792
7 806
7 846
7 849
8 273
8 315
8 355
8 630
8 651
8 692
8 910
8 919
8 988
9 6
9 14
9 95
9 182
9 201
9 261
9 302
9 332
9 542
9 641
9 713
9 741
9 903
9 904
10 61
10 73
10 171
10 185
10 288
10 305
10 341
10 427
10 459
10 506
10 524
10 529
10 640
10 642
10 678
10 752
11 96
11 213
11 348
11 447
11 472
11 824
12 327
12 543
12 606
12 793
12 887
12 932
12 940
13 499
13 544
13 554
13 561
13 611
13 656
13 773
13 799
14 47
14 90
14 168
14 234
14 389
14 781
14 808
14 959
15 158
15 284
15 304
15 321
15 395
15 479
15 655
15 702
15 817
15 829
16 108
16 150
16 194
16 345
16 593
16 601
16 605
16 759
16 908
17 16
17 346
17 414
17 424
17 504
17 523
17 605
17 618
17 972
18 27
18 104
18 192
18 365
18 468
18 629
18 631
18 767
19 128
19 178
19 181
19 275
19 432
19 658
19 700
19 842
19 920
20 35
20 59
20 82
20 91
20 119
20 271
20 387
20 446
20 462
20 479
20 514
20 536
20 542
20 555
20 753
20 781
20 800
20 801
20 838
21 29
21 158
21 195
21 279
21 556
21 721
21 802
21 830
21 920
21 941
21 954
22 14
22 17
22 80
22 120
22 279
22 438
22 444
22 462
22 468
22 608
22 677
22 857
22 913
22 956
22 996
23 109
23 199
23 263
23 489
23 504
23 597
23 610
23 731
23 734
23 916
24 10
24 143
24 175
24 212
24 270
24 414
24 459
24 596
24 762
24 805
24 920
25 1
25 58
25 71
25 173
25 201
25 257
25 353
25 357
25 388
25 436
25 461
25 475
25 676
25 704
25 718
25 804
26 310
26 380
26 491
26 547
26 570
26 639
26 686
26 769
26 954
27 288
27 560
27 911
27 974
27 989
28 269
28 309
28 355
28 367
28 446
28 629
28 667
28 674
28 797
28 873
29 25
29 45
29 146
29 417
29 475
29 546
29 924
29 999
30 197
30 207
30 210
30 253
30 361
30 498
30 780
30 783
30 878
30 926
31 11
31 130
31 168
31 197
31 358
31 380
31 384
31 404
31 418
31 521
31 592
31 852
32 33
32 43
32 119
32 235
32 410
32 463
32 538
32 558
32 627
32 655
33 86
33 274
33 573
33 695
33 748
33 754
33 904
33 921
34 188
34 250
34 561
34 698
34 780
34 863
34 965
34 970
35 57
35 136
35 164
35 229
35 528
35 702
35 829
35 843
35 849
35 853
35 892
35 980
36 62
36 97
36 449
36 604
36 829
37 20
37 81
37 185
37 701
37 715
37 756
37 803
37 851
37 854
37 984
38 13
38 102
38 117
38 191
38 223
38 322
38 433
38 474
38 501
38 513
38 568
38 919
39 53
39 228
39 361
39 374
39 414
39 544
40 74
40 78
40 90
40 183
40 188
40 280
40 422
40 503
40 558
40 643
40 729
40 826
40 866
40 929
40 979
41 3
41 43
41 50
41 165
41 335
41 372
41 530
41 619
41 772
41 810
41 876
41 953
42 59
42 188
42 260
42 368
42 369
42 432
42 470
42 652
42 721
42 949
43 24
43 84
43 101
43 111
43 157
43 186
43 224
43 367
43 415
43 588
43 722
43 726
43 952
43 973
43 995
44 2
44 218
44 299
44 345
44 574
44 736
44 818
44 907
44 946
44 960
45 95
45 153
45 158
45 253
45 339
45 414
45 695
45 911
46 64
46 277
46 450
46 514
46 579
46 638
46 731
47 28
47 30
47 64
47 72
47 82
47 91
47 93
47 152
47 199
47 269
47 407
47 454
47 587
47 778
47 841
47 874
47 900
48 1
48 54
48 724
48 760
49 130
49 143
49 153
49 158
49 182
49 385
49 395
49 411
49 509
49 637
49 795
49 841
49 867
50 200
50 226
50 280
50 387
50 681
50 708
50 831
50 846
50 861
50 962
50 997
51 77
51 239
51 311
51 389
51 456
51 814
51 938
51 973
52 79
52 221
52 290
52 299
52 441
52 564
52 618
52 700
52 805
52 905
52 915
52 946
52 977
53 214
53 222
53 258
53 281
53 306
53 518
53 613
53 684
53 691
54 92
54 382
54 558
54 582
54 605
54 606
54 709
54 821
54 954
55 138
55 176
55 344
55 603
55 619
55 883
55 958
56 47
56 62
56 86
56 108
56 130
56 195
56 277
56 285
56 353
56 572
56 575
56 594
56 609
56 655
56 796
56 849
56 853
56 940
56 959
57 1
57 33
57 424
57 546
57 578
57 668
57 740
57 750
58 250
58 280
58 370
58 489
58 532
58 581
58 785
59 26
59 51
59 71
59 153
59 174
59 237
59 521
59 557
59 762
59 766
59 797
59 859
59 990
60 72
60 176
60 230
60 314
60 596
60 687
60 804
60 817
60 841
61 117
61 168
61 379
61 522
61 635
61 657
61 684
61 692
61 712
61 814
61 880
61 927
61 939
61 949
62 22
62 47
62 301
62 306
62 352
62 355
62 360
62 379
62 388
62 426
62 472
62 619
62 650
62 652
62 720
62 725
62 919
62 940
63 20
63 214
63 550
63 554
63 556
63 599
63 604
63 635
63 787
63 792
63 801
63 947
63 952
63 963
64 62
64 107
64 183
64 225
64 296
64 407
64 534
64 562
64 947
65 32
65 68
65 739
65 840
65 882
66 68
66 154
66 337
66 520
66 718
66 724
66 849
66 851
66 894
67 34
67 62
67 353
67 457
67 522
67 562
67 639
67 826
68 32
68 129
68 225
68 292
68 392
68 423
68 445
68 590
68 695
68 760
68 899
69 36
69 148
69 219
69 238
69 282
69 405
69 531
69 697
69 859
69 935
69 968
69 987
70 36
70 226
70 343
70 451
70 622
70 718
70 780
70 890
70 907
71 17
71 55
71 241
71 367
71 372
71 416
71 461
71 479
71 488
71 691
71 852
71 934
71 946
71 979
72 77
72 90
72 149
72 219
72 252
72 258
72 448
72 834
72 869
72 913
73 96
73 187
73 194
73 211
73 213
73 399
73 637
73 716
73 901
73 918
74 107
74 205
74 355
74 453
74 460
74 918
74 998
75 195
75 197
75 308
75 373
75 435
75 636
75 724
75 772
75 786
75 841
75 894
76 30
76 41
76 91
76 106
76 193
76 576
76 782
76 824
76 837
76 877
76 926
77 48
77 91
77 165
77 170
77 182
77 560
77 586
77 624
77 710
77 735
77 748
77 797
77 842
77 893
77 974
78 318
78 467
78 472
78 602
78 712
78 796
78 805
78 977
79 204
79 231
79 335
79 374
79 479
79 515
79 978
80 6
80 10
80 137
80 407
80 422
80 526
80 540
80 658
80 695
80 743
80 754
80 883
81 215
81 274
81 691
81 858
81 870
81 892
82 172
82 186
82 266
82 414
82 623
82 684
82 720
82 731
82 835
82 944
82 965
83 27
83 53
83 163
83 222
83 341
83 370
83 664
83 768
83 935
84 369
84 409
84 427
84 511
84 575
84 717
84 729
84 910
85 32
85 208
85 295
85 326
85 368
85 526
85 527
85 539
85 556
85 571
85 638
85 824
85 866
85 988
86 40
86 43
86 95
86 106
86 153
86 182
86 223
86 306
86 366
86 367
86 432
86 571
86 637
86 643
86 657
86 771
86 794
86 814
86 823
86 898
87 79
87 101
87 244
87 372
87 601
87 740
87 760
87 807
88 496
88 579
89 19
89 137
89 241
89 252
89 283
89 335
89 359
89 722
89 775
89 778
89 821
89 823
90 24
90 47
90 94
90 198
90 631
90 636
90 675
90 723
90 838
90 909
91 33
91 34
91 75
91 140
91 216
91 234
91 400
91 528
91 648
91 720
91 954
92 10
92 149
92 312
92 458
92 564
92 662
93 31
93 53
93 60
93 126
93 199
93 216
93 235
93 253
93 295
93 693
93 719
93 749
93 768
93 822
94 116
94 136
94 146
94 551
94 675
94 735
94 760
94 907
94 991
94 999
95 48
95 270
95 704
95 800
95 911
96 357
96 520
96 775
96 902
97 32
97 203
97 225
97 255
97 490
97 593
97 624
97 636
97 699
97 733
97 855
97 889
97 941
98 166
98 312
98 443
98 475
98 528
98 595
98 651
98 734
98 901
98 949
99 34
99 343
99 419
99 490
99 499
99 585
99 854
100 39
100 127
100 240
100 359
100 512
100 578
100 620
100 650
100 706
100 735
100 748
100 817
100 976
100 991
101 32
101 53
101 139
101 170
101 202
101 332
101 466
101 620
101 665
101 716
101 873
101 912
102 72
102 109
102 139
102 173
102 233
102 331
102 392
102 509
102 578
102 587
102 610
102 628
102 717
102 968
103 31
103 276
103 365
103 394
103 442
103 760
103 828
103 965
104 130
104 178
104 358
104 367
104 549
104 571
104 623
104 844
105 27
105 35
105 79
105 222
105 266
105 405
105 423
105 460
105 466
106 435
106 473
106 606
106 666
106 790
107 33
107 126
107 270
107 377
107 525
107 631
107 732
107 788
107 834
107 932
108 103
108 272
108 291
108 333
108 423
108 458
108 553
108 634
108 691
108 717
108 975
108 995
109 72
109 143
109 206
109 217
109 314
109 425
109 447
109 464
109 856
109 933
110 87
110 387
110 417
110 614
110 680
110 696
110 748
110 914
110 942
111 34
111 91
111 187
111 198
111 218
111 228
111 300
111 397
111 548
111 657
111 728
111 732
111 743
111 797
111 814
111 936
112 4
112 97
112 145
112 207
112 222
112 382
112 473
112 509
112 582
112 645
112 665
112 974
113 570
113 606
113 748
114 69
114 90
114 215
114 305
114 582
114 600
114 721
114 791
114 892
114 914
115 86
115 116
115 159
115 188
115 285
115 304
115 360
115 564
115 687
115 694
115 709
115 856
116 145
116 159
116 421
116 453
116 632
116 850
116 926
116 979
117 157
117 188
117 270
117 458
117 492
117 719
117 761
117 794
117 912
117 944
118 214
118 333
118 340
118 394
118 414
118 704
118 713
118 954
119 89
119 225
119 243
119 265
119 309
119 362
119 406
119 413
119 602
119 797
119 818
119 923
119 960
120 215
120 246
120 432
120 437
120 459
120 540
120 634
120 687
120 800
120 823
120 835
120 912
120 997
121 82
121 159
121 166
121 243
121 349
121 353
121 395
121 427
121 558
121 583
121 587
121 597
121 600
121 774
121 810
122 307
122 353
122 396
122 411
122 701
122 839
122 972
123 233
123 670
123 681
123 750
123 817
124 22
124 73
124 176
124 249
124 256
124 306
124 413
124 417
124 528
124 644
124 688
124 811
125 119
125 157
125 257
125 386
125 411
125 563
125 712
125 865
125 870
126 47
126 357
126 747
126 753
126 892
126 900
127 73
127 217
127 242
127 275
127 286
127 362
127 400
127 448
127 460
127 480
127 511
127 592
127 631
127 728
127 906
127 939
128 233
128 488
128 587
128 596
128 717
128 923
128 992
129 7
129 11
129 72
129 118
129 245
129 331
129 380
129 391
129 563
129 577
129 872
130 27
130 65
130 179
130 278
130 429
130 457
130 492
130 514
130 551
130 585
130 856
131 315
131 464
131 535
131 560
131 753
131 890
132 52
132 68
132 76
132 109
132 138
132 148
132 278
132 321
132 522
132 657
132 816
132 844
132 966
133 9
133 267
133 633
133 665
133 829
133 842
134 74
134 97
134 152
134 193
134 408
134 443
134 446
134 520
134 550
134 645
134 893
134 964
135 0
135 111
135 173
135 185
135 295
135 361
135 423
135 460
135 624
135 633
135 813
135 829
136 293
136 329
136 609
136 798
137 210
137 262
137 304
137 448
137 581
137 598
137 814
137 908
137 947
137 987
138 35
138 70
138 103
138 154
138 614
138 682
138 759
138 835
138 895
139 39
139 93
139 164
139 217
139 225
139 290
139 476
139 480
139 527
139 627
139 631
139 882
139 894
140 12
140 89
140 948
141 42
141 165
141 186
141 345
141 366
141 471
141 638
141 708
141 932
141 953
142 80
142 155
142 424
142 706
142 827
142 845
142 874
143 1
143 5
143 151
143 404
143 481
143 545
143 620
143 766
144 3
144 28
144 31
144 55
144 67
144 101
144 178
144 302
144 472
144 798
144 841
144 887
144 941
144 969
145 529
145 558
145 600
145 618
145 644
145 710
145 718
145 764
145 822
146 99
146 195
146 272
146 386
146 467
146 549
146 626
146 685
146 690
146 760
146 873
146 883
146 941
146 983
147 114
147 181
147 240
147 249
147 325
147 428
147 583
147 604
147 638
147 809
147 865
147 913
147 931
147 942
147 980
148 4
148 12
148 23
148 72
148 214
148 596
148 708
148 876
148 937
148 958
149 324
149 349
149 443
149 507
149 545
149 657
149 759
150 23
150 49
150 185
150 232
150 256
150 371
150 391
150 509
150 606
150 684
150 932
151 116
151 204
151 289
151 483
151 613
151 624
151 629
151 679
151 920
152 4
152 12
152 72
152 138
152 255
152 325
152 363
152 457
152 508
152 698
152 800
152 947
153 59
153 185
153 190
153 361
153 368
153 453
153 470
153 579
153 592
153 597
153 636
153 816
153 911
154 290
154 304
154 305
154 350
154 392
154 469
154 523
154 584
154 626
154 718
155 137
155 167
155 264
155 329
155 372
155 464
155 531
155 647
155 910
155 992
156 158
156 395
156 492
156 709
156 904
157 151
157 393
157 466
157 616
157 720
157 745
157 822
158 159
158 187
158 417
158 687
158 748
158 826
158 852
158 871
159 389
159 401
159 542
159 612
159 748
159 752
159 786
159 902
159 977
160 177
160 364
160 569
160 603
160 684
160 904
160 925
161 32
161 67
161 75
161 111
161 198
161 311
161 500
161 603
161 792
161 932
161 964
162 117
162 148
162 170
162 209
162 215
162 234
162 278
162 340
162 465
162 491
162 576
162 630
162 638
162 684
162 850
162 915
163 29
163 35
163 50
163 186
163 226
163 382
163 463
163 477
163 480
163 555
163 700
163 756
163 870
163 900
163 904
164 75
164 166
164 358
164 427
164 470
164 588
164 716
164 775
165 42
165 135
165 254
165 305
165 363
165 417
165 512
165 589
165 593
165 619
165 720
165 808
165 982
166 105
166 113
166 208
166 309
166 329
166 336
166 426
166 467
166 876
166 990
167 175
167 346
167 407
167 574
167 620
167 696
167 795
167 832
167 978
168 36
168 153
168 195
168 363
168 604
168 659
168 673
168 759
168 817
168 874
168 901
169 11
169 54
169 224
169 313
169 363
169 394
169 441
169 475
169 545
169 622
169 808
169 889
170 88
170 120
170 289
170 343
170 613
170 654
170 676
170 721
170 748
170 763
170 813
170 906
171 27
171 60
171 103
171 364
171 559
171 614
171 632
171 751
171 781
172 266
172 395
172 455
172 465
172 593
172 648
172 760
172 853
172 911
173 44
173 154
173 178
173 193
173 200
173 325
173 409
173 547
173 626
174 17
174 21
174 42
174 95
174 136
174 150
174 227
174 273
174 571
174 624
174 704
174 730
174 767
174 899
174 936
175 38
175 68
175 79
175 174
175 182
175 297
175 312
175 559
175 665
175 685
175 816
175 841
175 873
175 878
175 967
175 985
176 40
176 205
176 259
176 318
176 390
176 498
176 635
176 671
176 829
177 94
177 204
177 294
177 350
177 558
177 560
177 590
177 698
177 755
177 766
177 883
177 966
178 24
178 30
178 58
178 104
178 190
178 224
178 252
178 293
178 374
178 578
178 615
178 675
178 796
178 819
178 856
178 893
178 901
179 113
179 145
179 374
179 561
179 701
179 971
179 977
180 38
180 84
180 101
180 222
180 451
180 488
180 564
180 837
180 897
180 905
180 967
181 42
181 46
181 172
181 189
181 214
181 251
181 263
181 305
181 368
181 553
181 612
181 772
181 820
181 923
181 971
181 997
182 65
182 146
182 209
182 452
182 493
182 547
182 709
183 28
183 82
183 146
183 187
183 499
183 517
183 689
183 788
183 828
183 876
183 895
183 959
184 39
184 69
184 737
184 971
185 367
185 404
185 549
185 581
185 603
185 750
185 927
185 934
186 20
186 69
186 141
186 453
186 491
186 611
186 885
186 955
187 51
187 380
187 578
187 591
187 706
187 893
187 975
187 999
188 119
188 340
188 485
188 531
188 837
189 35
189 56
189 281
189 385
189 617
189 786
189 914
190 6
190 215
190 254
190 284
190 322
190 391
190 571
191 27
191 115
191 143
191 429
191 580
191 711
191 749
191 760
191 943
191 980
192 48
192 147
192 179
192 322
192 326
192 442
192 544
192 601
192 609
192 661
192 870
192 916
193 206
193 237
193 310
193 417
193 488
193 521
193 546
193 549
193 570
193 689
193 690
193 744
193 775
194 96
194 257
194 337
194 567
194 598
194 638
194 654
194 822
194 864
194 912
194 934
194 936
195 11
195 96
195 346
195 355
195 444
195 545
195 596
195 703
195 909
195 972
196 208
196 211
196 306
196 340
196 356
196 561
196 572
196 603
196 688
196 720
196 726
196 891
196 915
197 306
197 371
197 456
197 467
197 689
197 729
198 32
198 100
198 129
198 143
198 219
198 366
198 367
198 463
198 771
198 979
199 221
199 293
199 331
199 541
199 713
199 759
199 784
199 849
199 893
200 93
200 134
200 265
200 308
200 370
200 377
200 390
200 595
200 618
200 654
200 730
200 821
200 896
201 214
201 269
201 439
201 459
201 461
201 760
201 868
201 918
201 978
202 221
202 282
202 353
202 389
202 553
202 592
202 622
202 763
202 919
203 60
203 90
203 109
203 132
203 323
203 391
203 413
203 424
203 517
203 550
203 564
203 578
203 816
203 854
203 895
204 107
204 163
204 359
204 498
204 844
205 38
205 68
205 154
205 305
205 313
205 344
205 386
205 428
205 445
205 537
205 575
205 626
205 765
205 974
206 277
206 436
206 465
206 494
206 510
206 543
206 571
206 776
206 790
207 137
207 301
207 328
207 466
207 512
207 531
207 536
207 609
207 807
208 48
208 315
208 413
208 490
208 498
208 564
208 637
208 648
208 756
208 763
208 823
208 826
209 83
209 370
209 412
209 599
209 752
209 810
210 14
210 123
210 254
210 430
210 438
210 550
210 557
210 827
210 987
211 14
211 24
211 58
211 365
211 561
211 563
211 667
211 905
212 102
212 145
212 190
212 237
212 299
212 300
212 400
212 424
212 425
212 440
212 621
212 653
212 654
212 754
212 771
213 95
213 238
213 392
213 611
213 617
213 703
213 741
213 785
213 816
213 940
214 18
214 25
214 171
214 470
214 494
214 536
214 673
214 699
214 782
214 879
215 44
215 83
215 95
215 120
215 260
215 539
215 606
215 680
215 741
215 802
215 860
215 977
216 7
216 16
216 87
216 107
216 230
216 373
216 387
216 551
216 629
216 904
217 100
217 304
217 381
217 425
217 464
217 595
217 694
217 717
217 746
217 893
218 26
218 30
218 49
218 202
218 322
218 480
218 509
218 564
218 658
218 900
218 914
218 948
219 58
219 62
219 105
219 166
219 192
219 231
219 950
219 972
220 142
220 324
220 404
220 540
221 29
221 36
221 140
221 410
221 581
221 633
221 666
221 710
221 956
222 253
222 294
222 296
222 315
222 324
222 375
222 405
222 431
222 531
222 713
222 884
223 125
223 198
223 236
223 293
223 303
223 418
223 455
223 596
223 699
223 703
223 750
223 898
223 931
223 951
224 170
224 189
224 190
224 201
224 456
224 538
224 585
224 649
224 819
224 884
224 914
224 944
224 952
225 62
225 275
225 284
225 287
225 670
225 750
225 853
225 982
226 6
226 77
226 80
226 106
226 123
226 133
226 150
226 214
226 440
226 476
226 576
226 586
227 6
227 107
227 235
227 251
227 340
227 398
227 458
227 582
227 592
227 747
227 792
227 851
227 946
228 84
228 86
228 199
228 213
228 302
228 312
228 366
228 503
228 529
228 558
228 565
228 566
228 706
228 788
228 813
228 891
228 936
229 31
229 805
229 867
229 950
230 28
230 82
230 93
230 152
230 163
230 224
230 277
230 307
230 335
230 434
230 504
230 769
230 894
230 988
231 262
231 282
231 428
231 770
231 871
232 272
232 327
232 500
232 513
232 600
232 673
232 905
232 983
233 86
233 627
233 905
234 71
234 265
234 515
234 519
234 701
234 710
234 738
234 791
234 825
234 833
234 845
235 144
235 146
235 222
235 357
235 501
235 504
235 657
235 749
235 942
236 191
236 302
236 306
236 398
236 651
236 684
236 835
236 860
236 932
236 993
237 143
237 432
237 453
237 558
237 602
237 701
237 718
237 724
237 876
237 933
237 978
237 991
238 6
238 23
238 264
238 488
238 561
238 732
238 742
239 53
239 131
239 188
239 237
239 391
239 453
239 475
239 584
239 649
239 862
239 977
239 984
239 994
240 40
240 54
240 66
240 71
240 92
240 108
240 174
240 431
240 523
240 535
240 583
240 795
240 806
241 166
241 304
241 333
241 437
241 594
241 702
241 703
241 710
241 782
241 832
241 854
242 174
242 183
242 252
242 592
242 687
242 780
242 823
242 907
242 934
243 83
243 286
243 308
243 318
243 984
244 58
244 161
244 208
244 241
244 288
244 315
244 377
244 389
244 451
244 488
244 592
244 618
244 650
244 685
244 716
244 837
245 5
245 107
245 218
245 271
245 332
245 376
245 399
245 455
245 572
245 854
246 6
246 280
246 340
246 547
246 619
246 648
246 670
246 676
246 734
246 816
246 846
246 863
246 981
247 18
247 164
247 179
247 202
247 251
247 349
247 476
247 552
247 670
247 694
247 746
248 183
248 187
248 213
248 532
248 914
248 928
249 47
249 173
249 242
249 308
249 397
249 417
249 435
249 543
249 873
250 142
250 196
250 343
250 411
250 578
250 625
250 682
250 721
250 792
251 39
251 166
251 197
251 484
251 530
251 701
251 887
251 899
251 969
252 6
252 182
252 272
252 306
252 414
252 475
252 519
252 752
252 815
252 947
252 955
253 146
253 255
253 291
253 372
253 632
253 652
253 704
253 810
253 819
253 821
253 831
253 970
254 130
254 220
254 275
254 277
254 339
254 383
254 489
254 522
254 719
254 896
255 115
255 163
255 222
255 242
255 356
255 579
255 644
255 659
255 675
255 681
255 710
255 799
256 47
256 119
256 148
256 162
256 175
256 214
256 572
256 874
256 875
256 907
256 924
257 73
257 134
257 418
257 493
257 529
257 584
257 707
257 714
257 912
257 922
258 77
258 131
258 614
258 821
258 870
258 897
258 924
258 985
259 10
259 68
259 73
259 240
259 312
259 356
259 454
259 514
259 632
259 742
259 748
259 822
259 891
260 3
260 72
260 114
260 130
260 197
260 300
260 328
260 395
260 456
260 521
260 572
260 617
260 702
260 713
261 193
261 619
261 639
261 669
261 696
261 737
261 784
261 821
261 907
262 10
262 48
262 121
262 125
262 305
262 409
262 451
262 493
262 725
262 825
262 926
263 60
263 109
263 135
263 184
263 333
263 380
263 468
263 767
263 772
263 885
263 896
263 978
263 995
264 304
264 412
264 444
264 490
264 546
264 618
264 689
264 823
265 38
265 183
265 244
265 302
265 400
265 401
265 434
265 460
265 505
265 747
266 32
266 101
266 424
266 619
266 690
266 785
266 908
266 970
267 195
267 553
267 592
267 662
267 732
267 757
267 886
268 148
268 499
268 518
268 644
268 742
268 785
268 804
268 925
269 21
269 87
269 267
269 298
269 593
269 615
270 17
270 136
270 298
270 427
270 649
270 652
270 683
270 752
270 825
270 835
270 857
270 974
271 45
271 115
271 443
271 602
271 685
271 696
271 794
271 803
271 901
271 922
271 991
272 34
272 35
272 289
272 419
272 745
272 845
272 924
272 981
273 252
273 516
273 685
273 712
273 736
273 826
273 870
273 874
273 990
274 304
274 317
274 339
274 461
274 477
274 508
274 856
275 2
275 63
275 180
275 278
275 395
275 491
275 686
275 690
275 708
275 853
275 869
276 112
276 120
276 335
276 591
276 592
276 615
276 748
276 763
276 785
276 802
276 805
276 928
276 946
276 966
277 243
277 300
277 540
277 626
277 726
277 751
277 792
278 58
278 117
278 374
278 690
278 766
279 49
279 125
279 413
279 523
279 615
279 673
279 731
279 763
279 779
279 791
279 858
280 116
280 124
280 148
280 235
280 350
280 483
280 514
280 689
280 694
280 774
280 776
280 841
280 927
280 969
280 992
281 70
281 154
281 249
281 310
281 337
281 574
281 719
281 893
281 916
281 969
282 14
282 139
282 280
282 286
282 380
282 393
282 502
282 594
282 885
282 978
283 4
283 221
283 534
283 747
283 804
283 895
283 928
284 2
284 280
284 441
284 527
284 554
284 560
284 675
284 725
284 750
284 800
284 924
284 977
284 989
285 149
285 194
285 271
285 816
286 88
286 118
286 200
286 484
286 498
286 573
286 591
286 746
286 767
286 771
287 70
287 73
287 85
287 101
287 105
287 166
287 330
287 353
287 941
287 950
287 969
288 117
288 124
288 141
288 201
288 238
288 492
288 521
288 570
288 640
288 684
288 727
288 815
288 871
289 229
289 490
289 593
289 719
289 812
289 835
289 985
290 181
290 201
290 457
290 523
290 556
290 640
290 871
290 970
290 987
291 301
291 328
291 387
291 581
291 768
291 809
291 889
291 958
292 188
292 421
292 862
292 866
292 868
292 871
292 966
293 21
293 249
293 376
293 538
293 601
293 630
293 706
293 764
293 890
293 974
294 52
294 74
294 142
294 267
294 499
294 792
294 904
294 931
294 985
295 120
295 330
295 363
295 534
295 612
295 642
295 675
295 676
295 706
295 759
295 838
295 969
295 976
296 29
296 301
296 448
296 565
296 625
296 711
296 716
296 875
296 932
297 137
297 388
297 435
297 728
297 932
298 40
298 169
298 195
298 202
298 274
298 301
298 358
298 407
298 431
298 441
298 485
298 502
298 556
298 574
298 689
298 763
298 865
298 989
299 85
299 117
299 161
299 422
299 557
299 630
299 674
299 700
300 62
300 86
300 88
300 105
300 165
300 238
300 297
300 329
300 693
300 987
300 997
301 262
301 502
301 508
301 702
301 815
301 885
301 912
301 983
302 3
302 111
302 197
302 199
302 283
302 328
302 378
302 404
302 798
302 801
302 833
302 893
303 70
303 173
303 273
303 311
303 387
303 478
303 720
303 800
303 901
304 20
304 110
304 225
304 362
304 572
304 601
304 611
304 954
305 144
305 317
305 430
305 450
305 598
305 684
305 689
305 864
305 955
306 74
306 258
306 259
306 394
306 401
306 414
306 416
306 478
306 543
306 585
306 601
306 694
306 724
306 900
307 154
307 182
307 282
307 374
307 441
307 446
307 450
307 550
307 651
307 681
307 723
307 740
307 776
307 818
307 852
307 876
307 891
308 117
308 402
308 461
308 545
308 760
308 878
308 950
309 188
309 397
309 471
309 560
309 655
309 707
309 729
309 743
309 794
309 818
309 819
309 851
309 858
309 937
310 0
310 214
310 282
310 456
310 477
310 491
310 960
311 46
311 103
311 188
311 202
311 352
311 547
311 617
312 193
312 368
312 516
312 584
312 633
312 667
312 766
312 799
312 831
312 859
312 876
312 923
313 214
313 238
313 299
313 307
313 382
313 437
313 449
313 544
313 566
313 782
313 928
313 962
314 46
314 49
314 230
314 263
314 333
314 368
314 449
314 546
314 554
314 679
314 699
314 732
314 876
314 987
315 169
315 180
315 207
315 236
315 414
315 557
315 658
315 688
315 761
315 767
315 872
315 875
315 886
316 215
316 248
316 261
316 346
316 427
316 468
316 561
316 596
316 612
316 680
316 736
316 760
316 772
316 901
316 992
317 90
317 111
317 305
317 360
317 493
317 516
317 612
317 944
318 71
318 81
318 213
318 414
318 520
318 699
318 770
318 830
318 879
318 948
318 991
319 163
319 181
319 449
319 736
319 838
319 851
320 47
320 74
320 230
320 251
320 303
320 370
320 401
320 405
320 459
320 543
320 621
320 624
320 690
320 728
320 751
320 945
321 314
321 373
321 411
321 413
321 602
321 678
321 814
321 842
322 138
322 295
322 348
322 653
322 654
322 860
322 914
323 194
323 213
323 240
323 313
323 346
323 463
323 481
323 648
323 818
323 911
323 953
324 28
324 30
324 333
324 423
324 441
324 468
324 679
325 146
325 464
325 484
325 538
325 565
325 785
325 801
325 812
325 879
325 981
326 32
326 46
326 230
326 280
326 453
326 469
326 489
326 557
326 630
326 756
326 824
326 865
327 187
327 369
327 490
327 552
327 704
327 770
327 822
328 175
328 177
328 214
328 296
328 353
328 363
328 425
328 655
328 706
329 59
329 100
329 410
329 427
329 585
329 725
329 847
329 972
330 110
330 155
330 175
330 230
330 232
330 375
330 557
330 864
330 927
330 978
331 431
331 453
331 454
331 460
331 542
331 587
331 746
331 771
331 796
332 247
332 469
332 769
332 771
332 838
332 929
332 930
332 934
332 939
332 975
333 36
333 37
333 69
333 131
333 143
333 216
333 306
333 540
333 655
333 724
333 849
333 953
333 965
333 984
333 998
334 105
334 123
334 125
334 154
334 193
334 360
334 669
334 712
334 795
334 901
334 957
334 996
335 41
335 470
335 607
335 726
335 820
335 841
335 980
336 35
336 61
336 76
336 229
336 263
336 266
336 634
336 738
336 834
336 938
337 14
337 317
337 572
337 596
337 810
337 845
337 873
337 878
338 52
338 77
338 102
338 189
338 256
338 273
338 367
338 438
338 602
338 835
339 108
339 250
339 262
339 291
339 526
339 549
339 637
339 756
339 891
339 939
340 29
340 37
340 140
340 363
340 694
340 722
340 744
340 821
340 826
340 839
340 904
340 982
341 3
341 133
341 170
341 336
341 389
341 405
341 418
341 475
341 634
341 764
341 773
341 900
342 18
342 28
342 33
342 165
342 219
342 763
342 783
342 925
342 937
343 5
343 210
343 258
343 605
343 719
343 762
343 917
343 987
344 141
344 224
344 362
344 468
344 559
344 725
344 824
344 840
345 31
345 132
345 150
345 161
345 171
345 228
345 324
345 365
345 378
345 410
345 443
345 465
345 485
345 505
345 818
345 969
346 55
346 70
346 218
346 353
346 372
346 432
346 586
346 867
346 874
346 975
347 127
347 143
347 248
347 271
347 353
347 518
347 602
347 681
347 708
347 743
347 795
347 821
347 904
348 35
348 366
348 471
348 888
349 26
349 596
349 673
349 739
349 761
349 880
349 909
349 928
349 995
350 86
350 90
350 259
350 347
350 603
350 674
350 824
350 833
350 978
351 9
351 13
351 136
351 185
351 256
351 321
351 352
351 364
351 432
351 438
351 459
351 603
351 757
351 876
351 945
352 147
352 204
352 498
352 575
352 578
352 841
352 935
353 41
353 295
353 458
353 492
353 511
353 559
353 939
354 13
354 32
354 53
354 68
354 239
354 278
354 330
354 338
354 631
354 701
354 732
354 865
354 953
355 158
355 279
355 522
355 576
355 592
355 700
355 709
355 751
355 996
356 144
356 256
356 362
356 420
356 618
356 872
357 6
357 111
357 236
357 257
357 281
357 339
357 479
357 524
357 554
357 583
357 638
357 670
357 849
358 14
358 47
358 63
358 212
358 322
358 393
358 598
358 668
358 754
358 776
358 822
358 939
359 28
359 107
359 263
359 399
359 460
359 487
359 568
359 782
359 975
360 166
360 194
360 234
360 262
360 601
360 616
360 806
360 825
360 929
361 45
361 91
361 575
361 606
361 741
361 880
361 990
362 156
362 218
362 298
362 449
362 509
362 639
362 643
362 834
362 893
362 912
362 968
363 55
363 104
363 112
363 265
363 422
363 425
363 451
363 492
363 777
363 828
364 39
364 124
364 161
364 267
364 338
364 508
364 528
364 538
364 597
364 598
364 624
364 746
364 956
365 76
365 289
365 296
365 427
365 502
365 756
365 935
365 945
366 17
366 41
366 358
366 479
366 757
367 23
367 208
367 285
367 304
367 339
367 467
367 499
367 547
367 611
367 702
367 738
368 22
368 45
368 130
368 205
368 377
368 380
368 514
368 635
368 878
368 938
369 83
369 87
369 412
369 460
369 479
369 587
369 759
369 786
369 817
369 897
370 82
370 124
370 252
370 373
370 432
370 528
370 556
370 593
370 806
370 945
371 97
371 143
371 230
371 377
371 464
371 589
371 652
371 787
371 800
371 977
372 20
372 79
372 217
372 357
372 438
372 553
372 566
372 598
372 622
372 624
372 631
372 638
373 125
373 198
373 242
373 419
373 472
373 479
373 651
373 766
373 825
373 844
373 845
373 903
373 984
373 994
374 49
374 71
374 150
374 318
374 333
374 349
374 517
374 708
374 783
374 831
374 886
374 887
374 947
375 114
375 292
375 333
375 370
375 381
375 398
375 405
375 408
375 576
375 760
376 73
376 116
376 118
376 130
376 169
376 195
376 309
376 310
376 359
376 417
376 605
376 688
376 859
376 864
376 875
377 47
377 281
377 358
377 455
377 610
377 731
377 835
377 938
378 1
378 13
378 40
378 59
378 111
378 155
378 177
378 212
378 290
378 295
378 363
378 662
378 750
378 752
378 923
379 11
379 19
379 43
379 290
379 314
379 663
379 734
379 811
379 827
379 849
379 999
380 261
380 363
380 476
380 488
380 676
380 811
381 18
381 148
381 472
381 514
381 615
381 845
381 879
381 916
382 126
382 305
382 402
382 419
382 533
382 584
382 750
382 797
382 822
382 873
382 880
383 151
383 466
383 495
383 556
383 595
383 740
383 751
383 858
383 859
383 926
383 944
384 295
384 385
384 772
384 915
385 60
385 94
385 171
385 190
385 202
385 459
385 485
385 709
386 35
386 39
386 247
386 332
386 392
386 442
386 453
386 553
386 699
386 711
386 756
386 780
386 787
386 826
386 911
387 2
387 90
387 271
387 273
387 364
387 380
387 502
387 539
387 628
387 638
387 700
387 736
387 881
387 897
387 955
388 158
388 234
388 402
388 605
388 820
388 898
388 944
388 946
388 981
389 10
389 163
389 229
389 244
389 396
389 526
389 819
389 840
390 22
390 63
390 142
390 381
390 473
390 549
390 896
390 984
391 114
391 161
391 269
391 447
391 642
391 687
391 911
391 947
391 975
392 309
392 331
392 534
392 678
393 221
393 471
393 474
393 583
393 655
393 685
393 864
393 973
394 90
394 152
394 290
394 556
394 642
394 643
394 824
394 924
394 945
394 975
395 215
395 261
395 283
395 454
395 497
395 597
395 606
395 770
395 873
396 52
396 69
396 248
396 421
396 440
396 464
396 515
396 517
396 653
396 872
396 883
396 940
397 5
397 190
397 412
397 526
397 542
397 821
398 125
398 186
398 239
398 362
398 391
398 442
398 541
398 921
398 936
399 86
399 241
399 321
399 472
399 507
399 684
399 720
399 826
399 992
400 115
400 122
400 139
400 172
400 218
400 552
400 683
400 761
400 767
400 781
401 337
401 356
401 749
401 779
401 831
401 835
401 984
402 9
402 70
402 375
402 389
402 406
402 452
402 563
402 620
402 706
402 788
403 64
403 67
403 389
403 402
403 426
403 527
403 585
403 720
403 787
403 983
403 985
404 27
404 93
404 154
404 308
404 475
404 590
404 602
404 615
404 633
404 731
404 868
404 879
404 984
405 94
405 97
405 165
405 218
405 229
405 434
405 521
405 532
405 738
405 758
405 785
406 31
406 49
406 143
406 163
406 204
406 444
406 471
406 526
406 571
406 802
406 817
406 851
406 972
407 172
407 351
407 416
407 595
407 676
407 756
407 782
407 928
408 167
408 225
408 285
408 349
408 385
408 419
408 508
408 525
408 538
408 898
408 944
408 972
409 23
409 202
409 233
409 338
409 350
409 464
409 508
409 513
409 580
409 629
409 666
409 691
409 722
409 815
410 2
410 21
410 41
410 68
410 239
410 245
410 339
410 408
410 472
410 653
410 837
411 54
411 218
411 240
411 241
411 251
411 254
411 284
411 622
411 768
411 815
411 897
411 898
411 923
411 934
412 97
412 259
412 272
412 352
412 358
412 519
412 559
412 875
413 66
413 81
413 89
413 125
413 136
413 339
413 391
413 454
413 484
413 724
413 870
413 877
414 79
414 245
414 372
414 826
414 924
414 997
415 31
415 333
415 382
415 440
415 502
415 551
415 578
415 712
415 746
415 809
415 826
415 925
416 74
416 387
416 594
416 765
416 879
416 921
416 933
417 85
417 113
417 332
417 362
417 377
417 521
417 594
417 646
417 701
417 745
417 756
417 924
417 983
418 9
418 45
418 60
418 74
418 169
418 571
418 616
418 626
418 687
419 28
419 166
419 177
419 278
419 454
419 524
419 598
419 773
419 834
419 934
420 0
420 145
420 226
420 262
420 479
420 495
421 209
421 282
421 446
421 597
421 663
421 664
421 843
421 853
421 888
422 37
422 101
422 157
422 164
422 181
422 238
422 585
422 712
422 927
422 948
422 953
423 42
423 95
423 155
423 168
423 231
423 292
423 573
423 629
423 705
423 712
423 721
423 808
423 843
423 857
423 893
424 108
424 131
424 199
424 293
424 370
424 434
424 498
424 562
424 607
424 812
424 952
425 109
425 118
425 142
425 192
425 273
425 359
425 408
425 500
425 619
425 636
425 649
425 973
425 994
426 101
426 123
426 417
426 451
426 503
426 563
426 678
426 687
426 816
426 962
427 170
427 322
427 339
427 417
427 507
427 626
427 831
427 836
427 904
428 150
428 351
428 380
428 385
428 401
428 535
428 607
428 736
428 796
428 892
428 967
429 68
429 83
429 96
429 385
429 511
429 513
429 616
429 675
429 679
429 834
429 953
429 961
429 973
430 20
430 24
430 153
430 238
430 348
430 464
430 571
430 572
430 585
430 602
430 616
430 654
430 673
430 731
430 761
430 871
431 162
431 201
431 216
431 346
431 480
431 594
431 632
431 652
431 784
431 815
431 836
431 850
431 996
432 47
432 370
432 388
432 474
432 597
432 739
432 752
432 775
432 800
432 847
432 889
432 907
432 925
432 954
433 11
433 55
433 131
433 152
433 172
433 308
433 388
433 458
433 635
433 669
433 731
433 953
434 33
434 96
434 196
434 197
434 272
434 332
434 365
434 583
434 731
434 736
434 811
434 850
435 432
435 660
435 924
436 65
436 88
436 256
436 297
436 395
436 571
436 632
436 733
436 804
437 5
437 114
437 363
437 399
437 710
437 755
437 799
437 845
437 864
437 991
438 238
438 327
438 407
438 501
438 550
438 569
438 739
438 761
438 902
438 909
439 35
439 37
439 111
439 250
439 449
439 502
439 508
439 539
439 562
439 610
439 844
440 213
440 327
440 625
440 749
440 814
441 38
441 145
441 249
441 256
441 390
441 509
441 532
441 668
441 712
441 738
441 925
441 952
442 181
442 268
442 336
442 590
442 612
442 854
442 897
442 918
442 937
442 979
443 160
443 218
443 241
443 301
443 507
443 524
443 527
443 572
443 686
443 701
443 860
443 933
444 42
444 46
444 90
444 229
444 259
444 268
444 566
444 652
444 663
444 669
444 876
444 975
445 230
445 313
445 322
445 344
445 371
445 616
445 644
445 692
445 705
445 787
445 800
445 818
445 880
445 895
446 215
446 278
446 286
446 402
446 423
446 840
446 926
447 189
447 269
447 381
447 414
447 531
447 566
447 634
447 745
448 21
448 163
448 454
448 599
448 702
448 765
448 913
449 11
449 65
449 210
449 230
449 263
449 427
449 493
449 567
449 585
449 821
449 951
450 59
450 230
450 232
450 294
450 498
450 531
450 542
450 676
450 774
450 801
450 898
450 907
450 972
451 92
451 100
451 232
451 900
451 988
452 125
452 252
452 291
452 383
452 511
452 880
453 194
453 289
453 324
453 336
453 574
453 675
453 729
453 823
453 839
453 994
454 12
454 16
454 29
454 146
454 418
454 900
455 48
455 92
455 97
455 174
455 376
455 456
455 503
455 638
455 664
455 694
455 738
455 879
455 910
455 927
456 55
456 59
456 227
456 278
456 606
456 638
456 663
456 775
456 900
457 93
457 135
457 142
457 269
457 330
457 424
457 431
457 629
457 657
457 697
457 785
457 823
457 923
457 960
458 52
458 128
458 160
458 473
458 554
458 703
458 750
459 270
459 321
459 347
459 369
459 375
459 378
459 381
459 552
459 872
459 921
459 938
459 956
459 970
460 40
460 46
460 139
460 395
460 613
460 813
461 247
461 313
461 322
461 334
461 364
461 376
461 493
461 582
461 626
461 947
461 982
462 30
462 63
462 166
462 175
462 229
462 306
462 314
462 343
462 430
462 475
462 519
462 521
462 539
462 568
462 732
462 827
462 950
462 956
463 29
463 159
463 184
463 209
463 261
463 796
463 879
463 951
463 956
463 995
464 192
464 377
464 398
464 420
464 507
464 688
464 787
464 944
464 955
464 991
465 33
465 141
465 482
465 751
465 923
466 7
466 120
466 146
466 192
466 508
466 522
466 555
466 559
466 591
466 707
466 745
466 820
466 891
466 909
466 997
467 135
467 215
467 306
467 419
467 619
467 662
467 687
467 791
467 910
467 912
467 964
467 978
468 83
468 121
468 186
468 197
468 370
468 629
468 882
468 973
469 47
469 163
469 205
469 324
469 426
469 439
469 488
469 713
469 765
469 808
470 65
470 221
470 335
470 445
470 625
470 758
470 857
470 914
470 915
471 92
471 135
471 310
471 335
471 450
471 472
471 777
471 984
472 98
472 194
472 196
472 410
472 418
472 465
472 495
472 630
472 789
472 799
472 824
472 867
472 879
472 880
472 961
473 14
473 152
473 162
473 501
473 537
473 694
473 990
474 267
474 346
474 485
474 832
474 954
474 963
475 42
475 61
475 141
475 352
475 376
475 579
475 898
475 912
475 922
476 303
476 363
476 414
476 680
476 810
476 895
476 909
476 996
477 112
477 325
477 378
477 461
477 480
477 567
477 661
477 797
477 900
477 984
478 15
478 78
478 160
478 203
478 444
478 555
478 701
478 902
478 935
479 25
479 267
479 268
479 276
479 364
479 441
479 449
479 456
479 607
479 718
479 722
479 836
479 895
479 921
479 993
480 5
480 25
480 87
480 231
480 252
480 271
480 717
480 773
480 786
480 797
480 823
480 935
480 938
480 977
481 100
481 104
481 133
481 179
481 215
481 302
481 464
481 579
481 820
481 905
481 924
481 967
482 5
482 112
482 207
482 465
482 676
482 724
482 886
482 941
483 21
483 71
483 298
483 321
483 529
483 569
483 582
483 583
483 597
483 645
484 76
484 96
484 284
484 398
484 433
484 474
484 500
484 799
484 823
484 845
484 867
484 914
485 57
485 114
485 146
485 342
485 549
485 693
485 844
486 153
486 173
486 175
486 185
486 206
486 310
486 530
486 812
487 200
487 210
487 302
487 443
487 455
487 527
487 600
487 723
487 739
487 855
487 885
487 947
488 23
488 48
488 126
488 134
488 283
488 310
488 453
488 572
488 629
488 706
488 763
488 814
488 856
488 967
488 981
488 999
489 18
489 122
489 217
489 253
489 350
489 383
489 408
489 492
489 545
489 560
489 645
489 656
489 721
489 730
489 745
489 770
489 816
489 820
489 908
490 286
490 357
490 387
490 486
490 493
490 502
490 522
490 570
490 797
490 888
491 50
491 192
491 238
491 280
491 383
491 402
491 468
491 479
491 535
491 721
491 763
491 835
491 908
492 47
492 91
492 270
492 293
492 346
492 546
492 556
492 611
492 659
492 948
493 181
493 380
493 427
493 432
493 462
493 501
493 784
494 164
494 336
494 356
494 483
494 547
494 549
494 647
494 678
494 896
494 930
495 41
495 121
495 370
495 466
495 505
495 626
495 672
495 673
495 802
495 904
495 989
495 995
496 44
496 212
496 293
496 382
496 497
496 625
496 706
496 739
496 793
496 892
496 932
496 965
497 23
497 130
497 194
497 202
497 388
497 481
497 518
497 535
497 567
497 595
497 607
497 702
497 732
497 803
497 823
497 949
497 991
498 284
498 304
498 326
498 377
498 384
498 580
498 624
498 681
498 724
498 747
498 895
498 913
499 107
499 542
499 543
499 570
499 732
499 869
499 919
500 111
500 196
500 505
500 536
500 631
500 669
500 862
501 28
501 36
501 133
501 157
501 211
501 238
501 588
501 622
501 660
501 685
501 898
501 970
502 107
502 197
502 239
502 304
502 339
502 355
502 532
502 622
502 653
502 664
502 671
502 705
502 826
503 195
503 238
503 268
503 276
503 384
503 392
503 501
503 589
503 603
503 839
503 918
504 278
504 337
504 354
504 450
504 588
504 981
505 257
505 396
505 447
505 463
505 512
505 598
505 630
505 714
505 846
505 875
506 30
506 74
506 79
506 95
506 494
506 539
506 567
506 663
506 849
506 973
507 14
507 69
507 106
507 114
507 176
507 206
507 262
507 266
507 428
507 518
507 712
507 742
507 798
507 907
508 80
508 85
508 213
508 349
508 403
508 544
508 699
508 731
508 733
508 735
508 834
509 63
509 94
509 120
509 350
509 491
509 493
509 494
509 564
509 600
509 809
509 861
509 924
509 960
510 40
510 249
510 308
510 314
510 408
510 735
510 749
510 762
510 833
510 936
511 37
511 106
511 187
511 303
511 319
511 324
511 427
511 589
511 670
511 672
511 832
511 987
511 996
512 248
512 256
512 308
512 403
512 443
512 463
512 687
512 732
512 878
512 973
512 991
513 135
513 254
513 428
513 748
513 928
513 948
514 78
514 476
514 510
514 790
514 860
514 890
514 975
514 998
515 191
515 476
515 565
515 641
515 698
516 62
516 133
516 139
516 221
516 239
516 265
516 321
516 341
516 537
516 884
516 904
517 26
517 185
517 429
517 480
517 511
517 575
517 668
517 871
517 876
517 888
518 92
518 275
518 425
518 685
518 762
519 10
519 20
519 67
519 99
519 181
519 252
519 281
519 290
519 294
519 318
519 583
519 741
519 753
519 950
519 993
519 994
520 8
520 52
520 65
520 180
520 464
520 495
520 549
520 748
520 825
520 975
521 23
521 134
521 282
521 301
521 312
521 336
521 454
521 458
521 508
521 518
521 779
521 936
521 967
522 53
522 135
522 337
522 572
522 686
522 689
522 742
522 840
522 844
522 989
523 27
523 248
523 389
523 483
523 723
523 728
523 742
523 752
523 852
523 937
524 13
524 138
524 160
524 253
524 717
524 759
524 988
524 993
525 76
525 251
525 283
525 294
525 312
525 329
525 346
525 459
525 515
525 570
525 637
526 220
526 250
526 335
526 410
526 428
526 506
526 513
526 718
526 962
526 968
526 993
527 239
527 471
527 513
527 594
527 815
527 822
527 910
528 21
528 30
528 231
528 342
528 397
528 642
528 681
528 706
528 828
529 84
529 113
529 237
529 317
529 339
529 407
529 492
529 633
530 562
530 632
530 873
530 951
531 70
531 126
531 293
531 388
531 804
531 849
532 37
532 140
532 166
532 370
532 394
532 403
532 433
532 469
532 572
532 708
532 915
532 929
532 944
532 961
533 101
533 138
533 426
533 680
533 738
533 826
533 862
533 874
534 50
534 118
534 156
534 171
534 179
534 203
534 235
534 273
534 291
534 429
534 434
534 584
534 633
534 727
534 731
534 743
534 823
534 997
535 267
535 284
535 380
535 402
535 517
535 756
536 206
536 431
536 463
536 470
536 726
536 755
536 865
536 909
537 118
537 299
537 304
537 370
537 399
537 425
538 81
538 332
538 476
538 505
538 551
538 592
538 603
538 829
538 896
539 63
539 268
539 275
539 736
539 794
539 821
539 843
539 877
539 999
540 16
540 241
540 253
540 256
540 318
540 765
540 923
541 238
541 397
541 401
541 501
541 764
541 767
541 864
541 925
542 58
542 193
542 210
542 305
542 462
542 486
542 763
542 833
542 932
542 946
543 136
543 188
543 370
543 660
543 771
543 906
543 945
543 996
544 140
544 215
544 421
544 431
544 433
544 477
544 521
544 714
544 720
544 813
544 820
544 937
544 967
544 968
545 58
545 100
545 385
545 432
545 594
545 690
545 829
546 298
546 380
546 758
546 849
546 894
546 995
547 229
547 380
547 505
547 685
547 968
548 21
548 126
548 150
548 159
548 210
548 240
548 243
548 288
548 528
548 707
548 715
548 846
548 860
548 959
549 20
549 43
549 157
549 298
549 508
549 564
549 681
549 707
549 844
549 945
550 133
550 267
550 704
550 891
550 903
550 977
551 8
551 41
551 239
551 246
551 769
552 11
552 482
552 492
552 594
552 632
552 710
552 801
552 831
552 925
552 963
553 32
553 78
553 279
553 285
553 361
553 494
553 523
553 650
553 796
553 899
553 903
553 965
554 15
554 33
554 74
554 115
554 211
554 263
554 305
554 350
554 377
554 408
554 410
554 435
554 438
554 492
554 546
554 550
554 701
554 770
554 778
554 859
555 226
555 515
555 534
555 553
555 607
555 618
555 761
555 775
555 987
556 2
556 14
556 17
556 107
556 278
556 333
556 381
556 423
556 424
556 481
556 589
556 592
556 797
556 995
557 189
557 263
557 295
557 419
557 509
557 566
557 781
557 796
558 80
558 86
558 93
558 196
558 364
558 394
558 432
558 568
558 931
559 291
559 436
559 457
559 485
559 632
559 659
559 860
559 862
559 914
560 51
560 390
560 480
560 574
560 634
560 637
560 863
560 887
560 898
560 914
560 921
560 962
561 0
561 143
561 271
561 310
561 465
561 487
561 502
561 509
561 554
561 695
561 743
561 770
561 941
562 114
562 363
562 404
562 575
562 619
562 664
562 873
562 951
563 21
563 56
563 303
563 356
563 503
563 512
563 517
563 593
563 728
563 811
563 943
564 8
564 22
564 27
564 44
564 103
564 198
564 268
564 287
564 317
564 692
564 839
565 173
565 336
565 364
565 600
565 624
565 742
565 748
565 786
565 907
565 915
566 222
566 457
566 466
566 515
566 822
566 880
566 941
566 969
566 991
567 0
567 7
567 57
567 240
567 412
567 533
567 612
567 631
567 865
568 275
568 278
568 375
568 492
568 536
568 560
568 605
568 632
568 690
568 721
568 773
568 817
568 820
568 938
568 947
569 187
569 466
569 494
569 597
569 771
569 887
569 942
570 220
570 362
570 407
570 416
570 479
570 521
570 574
570 654
570 707
570 738
570 774
571 55
571 272
571 307
571 504
571 662
571 817
571 929
571 966
572 59
572 178
572 230
572 410
572 482
572 573
572 636
572 665
572 983
573 79
573 162
573 217
573 258
573 739
573 791
573 811
573 894
573 935
574 257
574 346
574 386
574 606
574 669
574 677
574 682
574 695
575 20
575 62
575 97
575 113
575 266
575 436
575 601
575 723
575 867
575 895
576 22
576 216
576 280
576 351
576 357
576 478
576 519
576 521
576 543
576 596
576 680
576 681
576 685
576 738
576 980
577 70
577 84
577 143
577 450
577 460
577 888
577 920
577 946
577 952
577 988
578 27
578 119
578 124
578 239
578 321
578 437
578 527
578 551
578 637
578 929
579 24
579 157
579 205
579 207
579 304
579 466
579 497
579 569
579 629
579 769
579 811
579 818
579 845
580 124
580 346
580 468
580 857
581 226
581 325
581 333
581 495
581 504
581 704
581 794
581 909
581 988
582 59
582 91
582 200
582 334
582 507
582 671
582 990
582 992
583 6
583 169
583 426
583 475
583 554
583 605
583 716
583 837
584 195
584 312
584 804
584 885
584 893
584 894
585 50
585 184
585 231
585 372
585 374
585 553
585 574
585 683
585 805
585 917
586 86
586 148
586 607
586 700
586 752
586 978
587 8
587 31
587 39
587 122
587 326
587 352
587 365
587 567
587 641
587 826
587 897
588 64
588 73
588 135
588 254
588 341
588 487
588 518
588 628
588 672
588 691
588 925
589 282
589 383
589 401
589 476
589 567
589 570
589 953
590 128
590 192
590 207
590 226
590 302
590 509
590 645
590 802
590 821
590 843
590 942
591 158
591 250
591 283
591 595
591 632
591 703
591 704
591 710
591 718
591 749
591 767
591 809
591 815
591 938
592 26
592 103
592 233
592 255
592 324
592 358
592 367
592 530
592 596
592 710
592 841
592 860
593 116
593 200
593 388
593 474
593 525
593 526
593 705
593 757
593 810
593 893
594 39
594 76
594 104
594 148
594 180
594 209
594 223
594 416
594 440
594 453
594 588
594 657
594 773
594 806
594 864
594 903
595 260
595 324
595 331
595 356
595 470
595 480
595 637
595 784
595 845
596 9
596 55
596 98
596 102
596 362
596 388
596 535
596 548
596 602
596 801
596 809
596 828
596 831
597 63
597 218
597 482
597 602
597 608
597 659
597 677
597 845
598 62
598 261
598 266
598 282
598 318
598 380
598 500
598 537
598 639
598 746
598 987
599 5
599 134
599 184
599 248
599 267
599 313
599 343
599 401
599 441
599 496
599 519
599 584
599 660
599 768
599 785
599 807
599 828
599 852
600 18
600 59
600 79
600 116
600 155
600 479
600 506
600 609
600 617
600 660
600 696
600 781
600 842
600 896
600 900
600 920
600 937
601 16
601 219
601 462
601 589
601 849
602 11
602 221
602 379
602 423
602 547
602 590
602 612
602 702
602 777
602 854
603 166
603 168
603 207
603 503
603 573
603 618
603 697
603 772
603 781
603 823
604 77
604 84
604 371
604 736
604 738
604 785
604 897
604 964
604 977
605 69
605 155
605 246
605 262
605 474
605 515
605 677
605 745
605 786
605 835
605 841
605 852
606 44
606 74
606 354
606 457
606 594
606 638
606 783
606 808
606 886
606 965
606 990
607 315
607 495
607 555
607 574
607 681
607 773
607 925
607 938
608 8
608 33
608 55
608 136
608 383
608 421
608 422
608 636
608 638
608 898
608 925
608 942
609 127
609 137
609 180
609 314
609 330
609 623
609 653
609 731
610 69
610 108
610 119
610 304
610 374
610 418
610 444
610 469
610 565
610 816
610 881
611 36
611 164
611 293
611 403
611 416
611 456
611 564
611 673
611 833
611 920
611 987
612 40
612 171
612 191
612 263
612 474
612 669
612 850
613 379
613 412
613 430
613 445
613 495
613 763
613 850
614 97
614 171
614 185
614 309
614 351
614 374
614 387
614 418
614 567
614 733
614 819
614 913
614 945
615 35
615 74
615 130
615 227
615 276
615 358
615 525
615 646
615 757
615 766
615 885
615 978
616 124
616 235
616 254
616 500
616 549
616 702
616 737
616 818
616 855
616 960
617 46
617 68
617 122
617 398
617 408
617 498
617 500
617 515
617 652
617 725
617 750
617 760
617 763
617 892
617 946
618 54
618 82
618 327
618 449
618 572
618 577
618 597
618 598
618 780
618 892
618 933
618 963
618 987
619 36
619 150
619 280
619 400
619 476
619 531
619 580
619 963
620 91
620 112
620 171
620 245
620 343
620 443
620 577
620 760
620 761
620 910
621 165
621 499
621 505
621 682
621 691
621 704
621 908
622 20
622 108
622 161
622 173
622 262
622 265
622 360
622 858
622 920
622 950
622 990
622 998
623 309
623 383
623 681
623 916
623 976
624 17
624 88
624 358
624 403
624 412
624 506
624 741
624 807
624 820
624 855
625 229
625 574
625 611
625 662
625 725
626 148
626 334
626 391
626 511
626 512
626 533
626 592
626 771
626 790
626 879
626 933
626 951
627 192
627 236
627 453
627 464
627 525
627 552
627 833
627 865
627 898
627 946
628 153
628 301
628 339
628 366
628 373
628 425
628 564
628 656
628 679
628 690
628 714
628 807
628 826
628 966
628 973
628 992
629 141
629 142
629 235
629 258
629 335
629 353
629 360
629 384
629 511
629 541
629 593
629 641
629 671
629 931
630 68
630 102
630 121
630 151
630 292
630 351
630 932
630 954
630 973
631 156
631 306
631 332
631 413
631 464
631 674
631 963
631 997
632 94
632 295
632 384
632 811
632 843
632 845
633 220
633 262
633 307
633 322
633 326
633 377
633 425
633 431
633 590
633 608
633 638
633 740
633 828
633 856
633 903
633 980
634 56
634 95
634 134
634 215
634 248
634 320
634 330
634 490
634 756
634 908
634 913
634 948
635 33
635 65
635 236
635 449
635 566
635 768
635 785
635 803
635 852
635 855
635 857
635 861
635 904
636 166
636 183
636 220
636 438
636 581
636 652
636 674
636 844
636 967
637 94
637 168
637 268
637 346
637 390
637 504
637 593
637 644
637 708
637 922
638 40
638 119
638 258
638 341
638 433
638 470
638 506
638 794
638 999
639 99
639 297
639 454
639 462
639 550
639 655
639 690
639 733
639 801
639 807
639 919
639 964
640 77
640 95
640 151
640 250
640 258
640 304
640 364
640 591
640 618
640 727
641 3
641 230
641 239
641 281
641 362
641 396
641 530
641 564
641 617
641 857
642 127
642 171
642 314
642 356
642 468
642 492
642 504
642 515
642 591
642 972
643 24
643 106
643 119
643 153
643 168
643 184
643 458
643 489
643 644
643 759
643 760
643 874
644 147
644 379
644 381
644 471
644 488
644 568
644 731
644 790
644 962
644 981
645 12
645 43
645 370
645 563
645 677
646 115
646 165
646 181
646 198
646 209
646 261
646 263
646 419
646 583
646 615
646 748
646 787
646 853
646 928
647 52
647 336
647 435
647 478
647 685
647 734
648 76
648 101
648 266
648 375
648 480
648 499
648 562
648 716
648 778
648 934
648 941
648 971
649 259
649 326
649 516
649 537
649 578
649 587
649 903
650 26
650 90
650 99
650 217
650 270
650 348
650 370
650 451
650 453
650 520
650 523
650 560
650 571
650 688
650 862
651 34
651 56
651 345
651 422
651 489
651 645
651 813
651 924
651 973
652 217
652 386
652 412
652 428
652 511
652 520
652 547
652 784
652 820
652 844
652 900
652 960
653 28
653 198
653 285
653 497
653 631
653 671
653 688
653 719
653 761
654 49
654 180
654 249
654 318
654 353
654 371
654 415
654 707
654 790
655 1
655 219
655 296
655 707
655 800
655 821
656 355
656 435
656 446
656 474
656 521
656 824
656 857
656 869
657 102
657 111
657 213
657 523
657 697
657 761
657 864
657 959
658 151
658 229
658 802
658 889
658 908
658 960
658 982
659 9
659 186
659 232
659 246
659 276
659 641
659 746
659 929
659 934
659 957
660 28
660 178
660 245
660 534
660 680
660 702
660 864
661 77
661 124
661 356
661 397
661 436
661 520
661 555
661 614
661 624
661 632
661 784
662 188
662 278
662 305
662 648
662 666
662 687
662 824
662 853
662 986
663 40
663 136
663 191
663 198
663 383
663 467
663 496
663 655
663 796
663 798
664 146
664 210
664 313
664 412
664 417
664 472
664 486
664 494
664 534
664 573
664 725
664 732
664 756
665 66
665 306
665 435
665 438
665 503
665 526
665 548
665 793
665 820
665 823
665 841
666 193
666 302
666 333
666 405
666 654
666 906
667 55
667 79
667 105
667 120
667 247
667 297
667 483
667 782
667 856
667 932
668 56
668 87
668 198
668 251
668 263
668 389
668 484
668 502
668 978
669 201
669 312
669 324
669 374
669 469
669 600
669 726
669 787
669 790
670 37
670 39
670 47
670 53
670 175
670 248
670 388
670 415
670 531
670 594
670 609
670 724
670 915
671 111
671 279
671 417
671 420
671 460
671 477
671 498
671 499
671 547
671 630
671 638
671 907
672 150
672 401
672 402
672 559
672 565
672 576
672 600
672 745
672 793
672 798
672 895
673 66
673 104
673 270
673 295
673 433
673 502
673 734
673 879
673 913
673 971
673 982
674 70
674 81
674 133
674 238
674 333
674 471
674 542
674 666
674 699
674 782
674 823
674 939
675 115
675 202
675 217
675 229
675 525
675 556
675 577
675 609
675 682
675 878
675 966
676 64
676 87
676 162
676 180
676 433
676 457
676 553
676 605
676 695
676 863
676 866
676 888
676 898
677 75
677 138
677 177
677 215
677 436
677 489
677 516
677 783
677 788
678 82
678 231
678 305
678 541
678 658
678 689
679 27
679 46
679 623
679 685
679 708
679 791
679 794
679 845
679 906
679 959
680 58
680 92
680 118
680 251
680 262
680 353
680 355
680 621
680 880
680 968
681 367
681 381
681 459
681 539
681 849
682 154
682 172
682 263
682 388
682 410
682 417
682 501
682 652
682 852
683 330
683 364
683 467
683 505
683 662
683 773
683 846
683 942
684 18
684 156
684 190
684 234
684 301
684 400
684 521
684 534
684 692
684 772
684 817
684 825
684 883
684 943
685 146
685 220
685 228
685 305
685 318
685 323
685 340
685 565
685 758
685 840
685 884
685 982
686 25
686 162
686 174
686 280
686 424
686 484
686 569
686 592
686 645
686 849
686 932
686 998
687 44
687 57
687 68
687 129
687 172
687 329
687 337
687 386
687 449
687 494
688 62
688 192
688 235
688 236
688 262
688 272
688 281
688 452
688 479
688 689
688 757
688 849
689 57
689 336
689 621
689 627
689 682
689 858
689 937
689 990
690 6
690 154
690 224
690 318
690 384
690 441
690 490
690 503
690 585
690 831
690 894
690 902
690 999
691 12
691 82
691 97
691 212
691 299
691 316
691 403
691 408
691 497
691 510
691 628
691 659
691 776
691 879
691 882
692 57
692 105
692 209
692 415
692 440
692 492
692 493
692 551
692 578
692 799
692 950
693 0
693 152
693 200
693 230
693 337
693 385
693 405
693 446
693 471
693 486
693 508
693 598
693 759
694 92
694 126
694 186
694 498
694 527
694 686
694 765
694 875
694 924
694 947
695 148
695 237
695 653
695 714
695 867
695 909
696 119
696 126
696 194
696 281
696 456
696 625
697 59
697 182
697 413
697 498
697 804
697 861
697 929
698 209
698 225
698 468
698 569
698 630
698 631
698 633
698 743
698 859
698 862
698 959
698 992
699 50
699 151
699 155
699 224
699 236
699 317
699 527
699 528
699 554
699 560
699 579
699 692
700 212
700 228
700 260
700 294
700 561
700 653
700 659
700 781
700 845
700 893
700 941
701 29
701 56
701 197
701 244
701 389
701 430
701 444
701 511
701 551
701 770
701 810
701 964
702 26
702 257
702 262
702 267
702 316
702 488
702 917
702 939
703 28
703 166
703 180
703 315
703 352
703 430
703 437
703 604
703 644
703 726
703 777
703 790
704 18
704 31
704 103
704 113
704 129
704 705
704 844
704 912
704 921
704 951
705 262
705 284
705 311
705 351
705 490
705 621
705 823
706 29
706 36
706 107
706 129
706 325
706 396
706 417
706 421
706 472
706 497
706 552
706 675
706 679
706 692
706 709
706 921
706 985
707 178
707 179
707 189
707 263
707 270
707 318
707 396
707 444
707 635
707 641
707 657
707 754
707 812
707 852
708 46
708 67
708 76
708 83
708 240
708 309
708 373
708 565
708 569
708 712
708 957
709 5
709 29
709 101
709 164
709 263
709 317
709 326
709 448
709 520
709 563
709 786
709 800
709 832
709 970
709 988
710 23
710 29
710 44
710 63
710 351
710 402
710 409
710 509
710 526
710 662
710 672
710 692
710 716
710 770
710 866
710 989
711 35
711 113
711 130
711 139
711 165
711 221
711 477
711 553
711 555
711 904
711 983
712 9
712 50
712 98
712 145
712 157
712 242
712 318
712 547
712 738
712 810
712 815
712 851
712 860
712 869
713 88
713 111
713 127
713 146
713 171
713 198
713 228
713 275
713 289
713 402
713 417
713 422
713 622
713 821
713 831
713 834
713 849
714 61
714 312
714 399
714 420
714 485
714 575
714 996
715 92
715 210
715 343
715 508
715 643
715 658
715 671
715 919
715 929
715 936
715 998
716 172
716 413
716 425
716 453
716 547
716 645
716 700
716 789
716 791
717 69
717 256
717 366
717 429
717 591
717 641
717 668
718 30
718 223
718 452
718 464
718 516
718 519
718 566
718 909
719 4
719 149
719 358
719 485
719 562
719 571
719 715
719 865
719 902
720 98
720 156
720 172
720 175
720 183
720 254
720 255
720 452
720 481
720 602
720 727
720 843
720 891
720 903
720 968
721 166
721 238
721 281
721 660
721 846
721 886
721 910
721 978
722 27
722 159
722 166
722 235
722 412
722 422
722 460
722 551
722 642
722 651
722 819
722 911
722 957
723 46
723 153
723 351
723 381
723 416
723 430
723 448
723 475
723 489
723 562
723 666
723 682
723 779
723 804
723 805
723 811
724 245
724 265
724 284
724 294
724 344
724 913
724 966
725 40
725 77
725 79
725 165
725 169
725 191
725 236
725 278
725 289
725 372
725 442
725 543
726 46
726 257
726 562
726 572
726 655
726 681
726 745
726 760
726 839
726 860
726 897
727 19
727 23
727 80
727 163
727 223
727 232
727 249
727 270
727 584
727 655
727 687
727 702
727 893
727 922
727 978
728 394
728 581
728 758
728 917
728 989
729 272
729 398
729 447
729 744
729 863
729 979
730 111
730 117
730 373
730 392
730 512
730 518
730 519
730 727
730 925
731 5
731 161
731 189
731 193
731 204
731 245
731 397
731 401
731 430
731 665
731 683
731 707
731 711
731 760
731 879
732 64
732 78
732 137
732 304
732 477
732 498
732 643
732 687
732 728
732 890
732 945
732 947
733 269
733 283
733 734
733 866
733 889
734 35
734 96
734 158
734 227
734 328
734 349
734 448
734 474
734 482
734 547
734 589
734 902
734 922
735 78
735 88
735 187
735 458
735 616
735 617
735 682
735 921
736 17
736 40
736 59
736 183
736 266
736 565
736 881
736 959
737 137
737 276
737 377
737 433
737 510
737 550
737 649
737 667
737 675
737 687
737 713
737 886
738 18
738 29
738 157
738 519
738 521
738 671
738 804
739 69
739 70
739 251
739 388
739 401
739 405
739 535
739 600
739 605
739 859
739 912
740 108
740 219
740 251
740 289
740 292
740 344
740 355
740 701
740 702
740 785
740 805
740 991
740 994
741 10
741 25
741 103
741 325
741 328
741 375
741 448
741 508
741 559
741 570
741 583
741 636
741 657
741 690
741 787
741 998
742 140
742 174
742 208
742 272
742 583
742 661
743 44
743 315
743 484
743 729
743 811
743 833
743 977
744 33
744 45
744 149
744 158
744 200
744 238
744 332
744 408
744 421
744 711
744 769
745 50
745 110
745 169
745 209
745 244
745 357
745 412
745 600
745 691
745 797
745 933
745 936
745 939
745 945
746 73
746 148
746 485
746 516
746 720
746 974
747 79
747 320
747 387
747 486
747 583
747 702
747 757
747 927
747 969
748 106
748 616
748 999
749 76
749 193
749 194
749 350
749 370
749 471
749 709
749 783
749 849
749 883
750 10
750 51
750 100
750 570
750 720
750 817
750 849
751 28
751 32
751 263
751 400
751 461
751 604
751 783
751 796
751 985
752 29
752 241
752 335
752 339
752 533
752 586
752 596
752 749
752 750
752 938
752 996
753 18
753 56
753 59
753 76
753 125
753 147
753 202
753 205
753 326
753 454
753 877
754 66
754 74
754 119
754 196
754 211
754 232
754 288
754 386
754 388
754 480
754 652
754 810
754 994
755 31
755 56
755 64
755 193
755 204
755 235
755 399
755 459
755 725
755 765
755 908
755 987
756 305
756 332
756 470
756 504
756 512
756 663
756 960
756 965
757 25
757 98
757 283
757 298
757 434
757 554
757 618
757 710
757 715
757 922
758 81
758 93
758 149
758 724
758 745
758 859
759 106
759 216
759 254
759 323
759 334
759 369
759 544
759 547
759 705
759 942
760 198
760 257
760 416
760 443
760 493
760 610
760 635
760 666
760 843
760 908
760 909
760 936
760 979
760 995
761 4
761 11
761 367
761 459
761 536
761 546
761 799
762 65
762 67
762 160
762 171
762 201
762 361
762 430
762 505
762 515
762 591
762 593
762 596
762 614
762 623
762 725
762 821
763 124
763 312
763 332
763 402
763 613
763 653
763 955
763 980
764 26
764 104
764 132
764 153
764 253
764 428
764 508
764 616
764 787
764 971
765 98
765 126
765 184
765 201
765 408
765 622
765 671
765 812
765 948
766 12
766 32
766 250
766 324
766 376
766 456
766 474
766 501
766 708
766 853
766 871
767 48
767 294
767 339
767 483
767 503
767 533
767 752
768 237
768 428
768 467
768 657
768 683
768 751
768 779
768 804
768 806
768 812
769 10
769 59
769 354
769 578
769 689
769 740
769 789
769 888
769 896
770 112
770 168
770 192
770 219
770 229
770 357
770 376
770 432
770 453
770 569
770 656
770 752
770 805
770 841
770 900
771 116
771 142
771 261
771 275
771 446
771 531
771 541
771 583
771 611
771 763
771 860
772 31
772 96
772 184
772 422
772 496
772 512
772 556
772 745
772 827
772 837
772 942
772 970
773 64
773 132
773 192
773 516
773 531
773 540
773 676
773 881
773 977
774 44
774 245
774 320
774 359
774 492
774 543
774 780
774 782
774 834
774 865
774 912
774 932
775 25
775 26
775 47
775 298
775 405
775 452
775 506
775 534
775 576
775 689
775 701
775 822
776 2
776 93
776 213
776 529
776 562
776 596
776 706
776 730
776 977
777 81
777 193
777 257
777 510
777 572
777 695
777 790
777 931
778 150
778 236
778 701
778 832
778 855
779 125
779 153
779 443
779 569
779 763
779 797
779 820
779 842
780 2
780 128
780 190
780 196
780 256
780 336
780 427
780 628
780 634
780 685
780 782
780 865
780 868
780 967
781 36
781 199
781 227
781 292
781 405
781 442
781 493
781 655
781 690
781 789
781 795
781 800
781 981
782 30
782 136
782 313
782 462
782 636
782 858
782 912
783 59
783 133
783 258
783 429
783 495
783 527
783 703
783 707
783 756
783 790
783 856
784 165
784 282
784 490
784 599
784 602
784 636
784 677
784 681
784 706
784 798
785 30
785 187
785 404
785 425
785 446
785 546
785 591
785 768
785 811
785 900
786 7
786 25
786 37
786 80
786 122
786 205
786 266
786 311
786 374
786 427
786 674
787 224
787 297
787 649
787 668
787 837
787 847
787 929
787 950
788 16
788 84
788 132
788 226
788 398
788 400
788 509
788 566
788 571
788 577
788 696
788 806
789 352
789 372
789 389
789 459
789 501
789 574
789 609
789 810
789 978
790 17
790 291
790 359
790 388
790 402
790 411
790 544
790 778
790 965
790 985
791 52
791 86
791 277
791 316
791 389
791 411
791 532
791 554
791 760
791 979
792 111
792 134
792 281
792 428
792 434
792 491
792 504
792 533
792 650
792 742
792 911
793 52
793 112
793 129
793 149
793 226
793 778
793 834
793 847
793 863
793 987
794 47
794 81
794 174
794 246
794 258
794 342
794 818
795 178
795 330
795 373
795 631
795 706
795 779
795 817
795 908
795 976
796 191
796 201
796 366
796 418
796 520
797 43
797 190
797 276
797 587
797 605
797 690
797 955
798 54
798 63
798 147
798 236
798 396
798 553
798 590
798 914
799 103
799 241
799 252
799 327
799 344
799 661
799 663
799 707
799 737
800 186
800 676
800 818
800 839
800 849
800 899
800 935
800 947
801 116
801 154
801 250
801 349
801 390
801 438
801 447
801 458
801 535
801 547
801 549
801 606
801 643
801 680
801 741
801 770
801 771
801 799
801 891
801 960
802 145
802 255
802 267
802 713
802 930
802 987
802 993
803 180
803 661
803 677
803 737
803 867
803 948
804 17
804 25
804 41
804 222
804 251
804 350
804 441
804 591
804 788
804 945
805 18
805 94
805 189
805 294
805 481
805 484
805 613
805 679
805 779
806 230
806 426
806 492
806 635
806 663
806 680
806 724
806 749
806 774
807 507
807 514
807 655
807 671
807 738
807 902
807 980
808 66
808 272
808 399
808 424
808 536
808 568
808 586
808 667
808 764
809 76
809 158
809 411
809 479
809 511
809 565
809 578
809 579
809 630
809 701
809 853
809 864
809 868
809 935
810 56
810 140
810 183
810 277
810 279
810 286
810 361
810 403
810 724
810 976
811 36
811 169
811 213
811 237
811 262
811 373
811 397
811 533
811 555
811 709
811 872
811 935
812 40
812 115
812 138
812 261
812 300
812 345
812 380
812 505
812 534
812 573
812 586
812 626
812 788
812 790
812 846
813 19
813 42
813 181
813 276
813 462
813 915
814 7
814 237
814 277
814 281
814 291
814 417
814 663
814 860
814 897
815 62
815 219
815 311
815 419
815 498
815 530
815 624
815 637
815 851
815 923
816 23
816 289
816 305
816 348
816 352
816 517
816 543
816 575
816 581
816 585
816 759
816 925
816 961
817 154
817 181
817 195
817 239
817 269
817 271
817 304
817 873
817 922
818 47
818 79
818 206
818 376
818 426
818 476
818 829
818 911
818 918
818 982
819 95
819 341
819 430
819 574
819 679
819 705
819 789
819 807
819 810
819 986
820 87
820 164
820 216
820 421
820 488
820 571
820 613
820 614
820 625
820 717
820 752
820 851
820 974
821 26
821 89
821 170
821 183
821 458
821 662
821 875
822 145
822 158
822 241
822 242
822 374
822 389
822 459
822 713
822 726
822 786
822 790
822 892
822 924
823 22
823 96
823 233
823 244
823 381
823 739
823 949
824 29
824 222
824 299
824 341
824 434
824 444
824 567
824 598
824 637
824 889
824 930
824 932
824 939
825 0
825 232
825 631
825 793
825 874
825 959
825 993
826 83
826 161
826 283
826 308
826 315
826 360
826 366
826 449
826 485
826 545
826 875
826 982
827 36
827 138
827 276
827 422
827 517
827 541
827 545
827 562
827 906
828 198
828 375
828 422
828 435
828 477
828 508
828 724
828 787
828 791
828 971
829 357
829 427
829 482
829 774
829 851
829 994
830 176
830 429
830 466
830 554
830 717
830 998
831 64
831 137
831 209
831 332
831 341
831 449
831 681
832 65
832 184
832 200
832 293
832 479
832 608
832 668
832 719
832 792
832 875
832 967
832 978
833 108
833 173
833 201
833 244
833 268
833 444
833 461
833 574
833 600
833 683
833 700
833 755
833 824
833 880
834 28
834 182
834 678
834 955
835 5
835 35
835 79
835 104
835 185
835 198
835 211
835 219
835 454
835 504
835 695
835 734
835 752
836 71
836 145
836 259
836 266
836 451
836 513
836 666
836 671
836 793
836 827
837 8
837 20
837 303
837 513
837 578
837 825
837 851
838 3
838 8
838 72
838 134
838 415
838 441
838 499
838 585
838 619
838 634
838 691
838 809
839 8
839 36
839 56
839 200
839 290
839 331
839 387
839 443
839 449
839 509
839 593
839 637
840 110
840 184
840 207
840 419
840 463
840 862
840 893
840 902
840 923
841 84
841 202
841 218
841 303
841 548
841 631
841 676
841 778
841 885
841 890
841 911
841 941
841 979
842 157
842 259
842 383
842 476
842 901
843 106
843 163
843 197
843 266
843 346
843 397
843 967
844 338
844 440
844 628
844 789
844 854
844 957
845 321
845 331
845 383
845 395
845 451
845 556
845 761
845 815
846 18
846 84
846 92
846 463
846 486
846 742
846 749
846 839
846 960
846 984
846 986
847 71
847 98
847 100
847 262
847 497
847 504
847 663
847 923
847 938
848 24
848 111
848 184
848 201
848 230
848 384
848 420
848 524
848 648
848 806
848 814
848 891
849 43
849 55
849 306
849 328
849 386
849 393
849 611
849 623
849 711
849 763
849 788
849 807
849 844
849 902
849 952
849 966
850 235
850 274
850 308
850 323
850 568
850 644
850 646
850 722
850 750
850 843
851 87
851 448
851 504
851 560
851 568
851 618
851 703
851 776
851 803
852 4
852 21
852 126
852 429
852 509
852 674
852 714
852 730
852 814
853 114
853 227
853 364
853 395
853 615
853 643
853 660
853 729
854 60
854 188
854 315
854 325
854 404
854 505
854 609
854 917
855 12
855 334
855 560
855 801
855 814
855 815
855 858
856 94
856 187
856 231
856 262
856 396
856 566
856 572
856 587
856 652
856 746
856 849
856 904
857 69
857 85
857 86
857 127
857 395
857 548
857 724
857 736
857 766
857 889
857 894
857 909
857 935
858 26
858 33
858 164
858 239
858 314
858 365
858 384
858 393
858 543
858 743
858 868
858 882
859 43
859 215
859 274
859 348
859 394
859 617
860 152
860 269
860 320
860 411
860 684
860 715
860 811
861 166
861 272
861 358
861 490
861 526
861 572
861 637
861 786
861 915
861 992
862 1
862 56
862 211
862 257
862 423
862 575
862 579
862 590
862 605
862 780
862 845
863 12
863 40
863 120
863 198
863 436
863 450
863 501
863 703
863 789
863 828
863 862
863 967
864 130
864 217
864 353
864 655
864 849
865 7
865 33
865 145
865 179
865 181
865 398
865 422
865 432
865 490
865 758
865 759
866 153
866 157
866 162
866 229
866 309
866 533
866 587
866 868
867 212
867 292
867 334
867 361
867 538
867 604
867 697
867 803
867 852
867 872
868 78
868 130
868 173
868 493
868 496
868 648
868 821
868 839
869 640
869 696
869 760
869 762
869 881
869 996
870 123
870 128
870 174
870 262
870 317
870 367
870 539
870 715
870 742
870 764
870 865
871 114
871 173
871 187
871 331
871 464
871 497
871 512
871 607
871 754
871 931
871 961
872 331
872 390
872 611
872 623
872 628
872 740
872 859
873 75
873 255
873 288
873 643
873 692
873 721
873 805
873 824
873 833
873 881
873 912
874 51
874 83
874 144
874 151
874 463
874 471
874 706
874 770
874 831
874 877
874 999
875 44
875 51
875 233
875 244
875 405
875 505
875 513
875 537
875 591
875 604
875 742
875 758
875 790
876 184
876 203
876 595
876 873
877 37
877 62
877 140
877 170
877 252
877 348
877 614
877 917
877 922
878 47
878 320
878 514
878 536
878 599
878 610
878 707
878 782
878 934
879 102
879 119
879 259
879 435
879 474
879 518
879 528
879 566
879 861
879 960
880 183
880 265
880 418
880 457
880 482
880 561
880 657
880 897
881 160
881 260
881 290
881 400
881 472
881 556
881 608
881 809
882 30
882 43
882 147
882 166
882 190
882 425
882 514
882 632
882 648
882 682
882 775
882 810
882 846
883 28
883 58
883 73
883 87
883 507
883 542
883 580
883 680
883 695
883 857
883 926
884 32
884 150
884 158
884 274
884 315
884 595
884 646
884 752
884 814
884 836
885 185
885 211
885 297
885 349
885 461
885 468
885 538
885 562
885 598
885 682
885 873
885 954
886 301
886 386
886 428
886 579
886 669
886 754
886 876
886 939
886 941
886 977
887 157
887 497
887 636
887 686
887 722
887 759
887 766
887 784
887 856
887 911
887 974
888 10
888 95
888 119
888 138
888 139
888 227
888 240
888 371
888 393
888 401
888 678
888 750
888 989
889 62
889 175
889 541
889 549
889 559
889 703
889 712
889 720
889 826
889 943
890 105
890 119
890 193
890 504
890 665
890 731
890 758
890 927
891 105
891 240
891 343
891 730
891 937
891 948
891 978
892 124
892 268
892 320
892 333
892 523
892 610
892 655
892 726
892 750
892 760
892 883
892 972
893 19
893 148
893 315
893 395
893 398
893 482
893 513
893 630
893 797
893 894
893 902
893 946
894 43
894 122
894 127
894 134
894 231
894 272
894 417
894 479
894 608
894 769
894 955
894 966
895 12
895 228
895 305
895 472
895 781
895 940
896 81
896 296
896 572
896 781
896 805
896 974
897 309
897 516
897 533
897 853
898 29
898 339
898 380
898 632
898 638
898 828
898 998
899 12
899 46
899 60
899 187
899 313
899 460
899 588
899 659
899 739
900 23
900 243
900 383
900 421
900 422
900 441
900 705
900 826
900 842
900 948
900 997
901 151
901 156
901 186
901 225
901 306
901 454
901 565
901 636
901 713
901 879
901 900
902 9
902 112
902 259
902 340
902 414
902 460
902 474
902 475
902 606
902 769
902 973
903 61
903 96
903 174
903 255
903 277
903 347
903 371
903 426
903 575
903 645
903 759
904 0
904 79
904 143
904 289
904 467
904 505
904 589
904 611
904 635
904 739
904 740
904 880
904 970
905 24
905 87
905 221
905 268
905 410
905 412
905 443
905 487
905 500
905 554
905 605
905 626
905 706
905 877
905 907
905 954
905 966
906 168
906 169
906 264
906 277
906 339
906 933
907 25
907 94
907 176
907 221
907 717
907 726
907 838
907 840
907 848
908 138
908 155
908 173
908 178
908 315
908 410
908 427
908 594
908 668
908 691
908 700
908 720
908 750
908 785
909 104
909 117
909 372
909 380
909 404
909 420
909 438
909 502
909 723
909 724
909 759
909 844
909 858
909 962
910 1
910 77
910 96
910 163
910 355
910 406
910 446
910 548
910 684
910 689
910 750
910 774
910 904
910 966
911 106
911 230
911 256
911 519
911 549
911 576
911 616
911 683
911 757
911 838
911 871
911 898
912 84
912 290
912 321
912 330
912 419
912 462
912 515
912 573
912 680
912 704
912 730
912 880
912 980
913 10
913 27
913 135
913 173
913 181
913 201
913 250
913 333
913 381
913 473
913 618
913 667
913 786
914 125
914 235
914 617
914 939
915 45
915 354
915 372
915 417
915 662
915 732
915 875
916 43
916 119
916 190
916 252
916 290
916 429
916 567
916 585
916 611
916 903
917 80
917 267
917 333
917 500
917 615
917 666
917 779
917 840
918 28
918 62
918 137
918 381
918 522
918 638
918 691
918 755
918 759
919 102
919 225
919 288
919 602
919 626
919 808
919 834
919 877
920 20
920 44
920 58
920 126
920 260
920 273
920 357
920 488
920 498
920 566
920 658
920 714
920 745
920 787
920 804
920 823
920 867
921 75
921 142
921 218
921 255
921 321
921 345
921 443
921 495
921 504
921 520
921 605
921 640
921 788
921 834
921 864
922 47
922 109
922 201
922 244
922 408
922 410
922 616
922 650
922 678
922 959
923 306
923 436
923 490
923 611
923 643
923 646
923 684
923 767
923 927
923 997
924 61
924 78
924 252
924 400
924 512
924 581
924 690
924 730
924 864
925 22
925 144
925 281
925 307
925 619
925 653
925 870
926 3
926 145
926 254
926 299
926 397
926 489
926 510
926 614
926 718
926 878
927 53
927 122
927 537
927 654
927 661
927 663
927 819
927 955
927 994
928 192
928 570
928 805
928 877
929 17
929 62
929 102
929 117
929 175
929 183
929 200
929 344
929 408
929 433
929 486
929 491
929 764
929 805
929 818
929 889
929 917
929 945
929 985
930 247
930 539
930 569
930 723
930 771
930 776
930 824
930 995
931 35
931 296
931 358
931 674
931 814
931 862
932 125
932 168
932 203
932 303
932 319
932 325
932 410
932 598
932 688
932 720
932 762
932 864
933 6
933 62
933 65
933 677
933 806
933 845
933 945
933 954
934 161
934 456
934 730
934 774
934 905
934 935
935 36
935 206
935 270
935 317
935 332
935 363
935 563
935 623
935 692
935 698
935 720
935 745
935 868
935 921
936 4
936 65
936 110
936 115
936 158
936 586
936 606
936 647
936 835
936 947
937 34
937 147
937 290
937 483
937 539
937 640
937 690
937 712
937 758
937 766
937 825
937 930
938 40
938 82
938 145
938 338
938 437
938 447
938 471
938 734
938 785
938 796
938 812
939 12
939 350
939 379
939 474
939 488
939 560
939 785
939 789
939 795
939 830
939 852
939 877
939 884
939 894
939 951
940 195
940 498
940 583
940 608
940 652
940 666
940 681
940 722
940 762
940 813
940 906
940 988
941 3
941 122
941 401
941 462
941 581
941 694
941 746
941 797
942 58
942 502
942 634
942 643
942 735
942 852
943 55
943 190
943 220
943 236
943 370
943 386
943 403
943 640
943 928
944 70
944 175
944 208
944 339
944 367
944 444
944 619
944 739
944 862
944 874
944 942
945 52
945 90
945 281
945 321
945 352
945 377
945 526
945 824
945 866
945 953
945 992
946 123
946 139
946 143
946 222
946 280
946 386
946 599
946 634
946 995
947 58
947 64
947 159
947 171
947 390
947 713
947 723
947 730
947 885
947 928
948 349
948 517
948 570
948 586
948 661
948 901
948 951
949 136
949 147
949 364
949 402
949 425
949 464
949 478
949 509
949 540
949 675
949 722
949 899
950 65
950 119
950 189
950 244
950 350
950 355
950 442
950 756
950 870
950 890
950 897
951 87
951 98
951 241
951 272
951 426
951 628
951 776
951 778
951 796
951 904
951 940
951 949
952 58
952 221
952 341
952 456
952 584
952 634
952 752
952 768
952 962
952 977
953 100
953 149
953 229
953 361
953 388
953 453
953 804
953 822
953 884
953 995
954 3
954 21
954 59
954 133
954 138
954 280
954 424
954 501
954 543
954 730
954 733
954 736
954 799
954 960
954 965
955 174
955 269
955 363
955 394
955 504
955 553
955 748
955 751
955 900
955 939
956 72
956 79
956 104
956 274
956 285
956 374
956 490
956 595
956 645
956 648
956 819
956 863
957 658
957 772
958 54
958 200
958 559
958 574
958 755
958 784
958 828
959 76
959 97
959 144
959 555
959 579
959 684
959 943
959 947
959 983
960 125
960 130
960 159
960 169
960 176
960 232
960 272
960 341
960 369
960 396
960 677
960 825
961 135
961 144
961 265
961 333
961 362
961 371
961 539
961 625
961 857
961 874
961 879
962 80
962 228
962 260
962 374
962 521
962 646
962 694
962 715
962 734
962 745
962 760
962 825
962 956
962 987
962 994
963 147
963 266
963 315
963 378
963 523
963 747
963 871
963 983
964 37
964 39
964 114
964 251
964 259
964 374
964 389
964 413
964 511
964 552
964 591
964 670
964 842
965 140
965 243
965 304
965 330
965 349
965 413
965 668
965 860
965 906
965 917
966 149
966 165
966 231
966 442
966 559
966 667
966 792
966 992
967 127
967 158
967 204
967 472
967 498
967 668
967 820
968 134
968 298
968 357
968 465
968 524
968 606
968 930
969 55
969 58
969 62
969 89
969 151
969 156
969 589
969 704
969 719
969 806
969 908
969 922
970 15
970 24
970 190
970 204
970 239
970 350
970 391
970 653
970 746
971 92
971 168
971 192
971 337
971 379
971 564
971 674
971 761
971 915
972 307
972 489
972 505
972 507
972 556
972 659
972 669
972 683
972 805
972 889
972 896
972 917
972 987
973 453
973 553
973 645
973 702
973 818
973 984
974 0
974 100
974 140
974 308
974 377
974 430
974 464
974 472
974 474
974 492
974 559
974 685
974 714
974 729
974 929
975 154
975 288
975 462
975 687
976 183
976 419
976 423
976 556
976 673
976 693
976 801
976 894
976 943
976 971
977 52
977 236
977 296
977 304
977 324
977 503
977 587
977 818
977 927
977 971
978 47
978 118
978 210
978 236
978 309
978 311
978 461
978 557
978 594
978 630
978 641
978 660
978 691
978 719
978 755
978 825
978 840
978 966
978 980
978 981
979 385
979 538
979 579
979 619
979 889
980 176
980 260
980 517
980 619
980 649
980 745
980 869
980 942
981 191
981 383
981 429
981 471
981 734
981 744
981 845
981 986
981 993
982 16
982 139
982 309
982 366
982 499
982 559
982 740
982 934
982 942
982 960
983 189
983 194
983 357
983 435
983 523
983 623
983 715
983 730
983 855
984 4
984 71
984 81
984 153
984 247
984 264
984 267
984 294
984 312
984 410
984 583
984 841
984 862
984 949
985 121
985 274
985 414
985 416
985 483
985 577
985 751
985 762
985 768
985 940
986 313
986 321
986 334
986 531
986 574
986 812
986 899
987 91
987 93
987 163
987 378
987 425
987 429
987 449
987 485
987 796
987 850
987 902
987 940
988 1
988 53
988 86
988 252
988 431
988 456
988 496
988 582
988 604
988 710
988 845
988 890
988 893
989 143
989 222
989 227
989 333
989 334
989 377
989 425
989 520
989 620
989 775
989 842
989 924
990 29
990 50
990 349
990 425
990 435
990 458
990 476
990 528
990 549
990 607
990 689
990 766
990 775
990 858
991 27
991 62
991 69
991 212
991 256
991 504
991 582
991 615
991 666
991 682
991 834
991 921
991 953
991 993
992 33
992 64
992 187
992 240
992 960
992 964
992 971
993 79
993 138
993 203
993 460
993 490
993 519
993 724
994 96
994 135
994 168
994 303
994 378
994 564
994 862
994 919
995 89
995 94
995 159
995 240
995 243
995 270
995 276
995 341
995 361
995 388
995 844
995 909
996 20
996 150
996 201
996 234
996 283
996 810
996 898
996 904
996 988
997 302
997 395
997 655
997 877
997 992
998 99
998 123
998 132
998 187
998 188
998 199
998 204
998 305
998 363
998 423
998 451
998 456
998 496
998 500
998 686
998 751
998 759
998 767
998 887
999 152
999 157
999 175
999 241
999 287
999 303
999 502
999 589
999 690
999 744
999 822
999 877
999 903
