0 46
0 70
0 78
0 122
0 206
0 247
0 337
0 487
0 543
0 587
0 608
0 685
0 805
0 825
1 85
1 128
1 138
1 300
1 321
1 857
2 16
2 271
2 293
2 297
2 419
2 453
2 472
2 535
2 605
2 905
3 103
3 129
3 149
3 200
3 390
3 541
3 719
3 727
3 733
3 748
3 929
4 155
4 212
4 245
4 339
4 424
4 470
4 479
4 491
4 497
4 511
4 537
4 542
4 615
4 635
4 719
4 979
4 981
5 117
5 225
5 285
5 347
5 396
5 452
5 483
5 497
5 889
6 4
6 79
6 106
6 168
6 268
6 293
6 461
6 529
6 537
6 561
6 678
6 764
6 894
6 991
7 123
7 219
7 440
7 485
7 607
7 627
7 697
7 737
7 860
8 130
8 528
8 545
8 584
8 643
8 722
8 985
9 31
9 267
9 304
9 431
9 489
9 537
9 595
9 641
9 724
9 733
9 751
9 784
9 955
10 73
10 162
10 226
10 229
10 313
10 401
10 464
10 662
10 757
10 766
10 770
10 879
10 973
11 99
11 292
11 301
11 451
11 465
11 467
11 485
11 753
11 812
11 890
11 896
11 927
12 62
12 101
12 154
12 275
12 711
12 911
12 945
12 974
13 50
13 237
13 540
13 579
13 617
13 636
13 748
13 842
13 876
14 26
14 49
14 194
14 474
14 555
14 604
14 720
14 738
14 784
14 801
14 956
15 95
15 233
15 267
15 622
15 915
15 932
15 981
16 205
16 355
16 362
16 395
16 530
16 625
16 684
16 699
17 146
17 261
17 309
17 419
17 458
17 574
17 761
17 776
17 777
17 841
18 17
18 75
18 76
18 101
18 247
18 420
18 455
18 581
18 590
18 607
18 724
18 734
18 779
18 784
18 873
18 906
18 941
19 8
19 243
19 402
19 441
19 590
19 655
19 727
19 833
19 847
19 972
19 988
20 68
20 178
20 304
20 362
20 621
20 717
20 868
20 869
20 871
20 940
20 987
21 1
21 292
21 738
21 772
21 835
22 44
22 170
22 255
22 452
22 673
22 693
22 808
22 873
22 936
23 102
23 172
23 357
23 370
23 430
23 538
23 592
23 606
23 608
23 825
23 901
24 32
24 44
24 63
24 78
24 120
24 547
24 772
24 786
24 889
24 890
24 911
25 422
25 791
25 794
25 819
25 913
25 946
25 960
26 137
26 604
26 613
26 703
26 844
26 889
26 905
26 994
27 3
27 132
27 203
27 258
27 406
27 468
27 569
27 629
27 690
27 724
27 792
27 796
27 877
27 899
28 47
28 136
28 199
28 291
28 643
28 743
28 799
29 10
29 80
29 87
29 212
29 276
29 356
29 382
29 510
29 528
29 788
29 843
30 157
30 429
30 456
30 467
30 756
30 798
30 870
31 81
31 85
31 90
31 341
31 565
31 583
31 611
31 650
31 670
31 673
31 826
31 900
31 998
32 0
32 202
33 291
33 413
33 485
33 674
33 715
34 26
34 94
34 237
34 264
34 441
34 511
34 609
34 697
34 728
34 734
34 793
35 14
35 39
35 97
35 115
35 164
35 210
35 450
35 710
35 857
35 859
35 872
35 898
35 987
36 81
36 224
36 274
36 481
36 505
36 553
36 594
36 627
36 647
36 774
37 16
37 53
37 247
37 339
37 342
37 401
37 481
37 539
37 732
37 860
38 206
38 398
38 410
38 744
38 873
38 910
39 118
39 140
39 232
39 248
39 316
39 457
39 493
39 499
39 550
39 655
39 734
39 835
39 869
39 975
39 981
40 80
40 177
40 178
40 840
40 857
40 875
41 39
41 82
41 409
41 512
41 592
41 597
41 617
41 719
41 927
42 213
42 508
42 779
42 859
43 58
43 192
43 200
43 212
43 360
43 509
43 661
43 736
43 746
43 848
43 875
43 891
44 54
44 149
44 231
44 419
44 497
44 606
44 784
44 909
45 14
45 155
45 229
45 515
45 529
45 660
45 779
45 891
45 893
45 906
46 71
46 127
46 180
46 211
46 530
46 556
46 614
46 651
46 716
46 789
46 834
46 884
46 949
46 957
46 992
47 55
47 81
47 255
47 266
47 290
47 305
47 375
47 450
47 491
47 559
47 629
47 880
48 83
48 198
48 222
48 379
48 438
48 537
48 571
48 635
48 695
48 751
48 897
48 993
49 35
49 305
49 311
49 475
49 491
49 507
49 582
49 642
49 663
49 691
50 167
50 279
50 322
50 362
50 677
50 771
50 815
50 866
50 928
50 966
51 58
51 86
51 323
51 352
51 447
51 744
51 828
52 65
52 76
52 156
52 207
52 384
52 444
52 453
52 517
52 571
52 650
52 763
52 773
52 836
53 22
53 226
53 253
53 287
53 533
53 995
54 187
54 326
54 383
54 484
54 554
54 717
54 726
54 778
54 808
54 837
54 849
54 987
55 128
55 190
55 207
55 350
55 459
55 530
55 542
55 570
55 574
55 595
55 635
55 665
55 977
56 310
56 384
56 471
56 687
56 773
56 912
56 942
57 53
57 113
57 131
57 134
57 270
57 288
57 330
57 442
57 502
57 526
57 538
57 539
57 598
57 682
57 688
57 768
57 972
57 994
58 72
58 162
58 209
58 232
58 554
58 791
58 969
59 49
59 51
59 117
59 140
59 185
59 296
59 436
59 568
59 699
59 745
59 810
59 830
60 46
60 90
60 187
60 306
60 375
60 402
60 431
60 485
60 513
60 676
60 679
60 934
61 9
61 193
61 432
61 511
61 708
61 713
61 738
61 837
61 936
62 29
62 96
62 139
62 329
62 380
62 521
62 775
63 203
63 250
63 376
63 559
63 661
63 871
63 917
63 924
63 963
63 993
64 119
64 143
64 151
64 201
64 226
64 271
64 299
64 381
64 485
64 669
64 862
64 989
65 99
65 107
65 347
65 464
65 725
65 975
66 369
66 648
66 707
66 758
66 837
66 853
66 900
67 26
67 44
67 51
67 75
67 167
67 282
67 322
67 367
67 464
67 519
67 632
67 735
67 788
67 910
67 965
68 32
68 41
68 94
68 317
68 395
68 404
68 625
68 689
68 770
68 859
68 873
69 129
69 161
69 169
69 255
69 441
69 476
69 552
69 711
69 756
69 853
70 29
70 131
70 328
70 526
70 607
70 669
70 741
71 49
71 131
71 154
71 226
71 310
71 353
71 394
71 425
71 445
71 579
71 757
71 807
71 898
71 915
72 79
72 220
72 390
72 489
72 501
72 538
72 834
72 885
73 25
73 49
73 70
73 395
73 419
73 533
73 566
73 662
73 690
73 796
73 935
74 113
74 208
74 333
74 351
74 367
74 602
74 871
74 932
74 933
75 142
75 151
75 161
75 163
75 229
75 257
75 298
75 327
75 345
75 417
75 427
75 445
75 490
75 585
75 737
75 754
75 811
76 44
76 435
76 539
76 586
76 591
76 728
76 954
76 991
77 18
77 42
77 110
77 266
77 401
77 587
77 657
77 690
77 972
78 188
78 359
78 409
78 514
78 580
78 632
78 649
79 39
79 93
79 104
79 387
79 422
79 427
79 449
79 462
79 470
79 501
79 503
79 566
79 713
79 793
80 55
80 105
80 333
80 494
80 874
80 959
81 332
81 513
81 579
81 640
82 208
82 334
82 359
82 414
82 684
82 696
82 790
82 810
82 854
83 54
83 57
83 220
83 314
83 324
83 360
83 511
83 529
83 531
83 631
83 921
83 953
84 83
84 191
84 208
84 251
84 394
84 512
84 583
84 828
84 865
84 869
84 953
84 960
85 25
85 129
85 399
85 431
85 501
85 589
85 868
86 31
86 34
86 54
86 98
86 100
86 160
86 442
86 597
86 690
86 807
86 861
86 911
86 996
87 140
87 236
87 258
87 300
87 368
87 441
87 449
87 617
87 727
87 752
87 815
88 20
88 24
88 78
88 105
88 192
88 395
88 560
88 601
88 655
88 675
88 709
88 717
88 802
88 843
88 919
88 956
88 973
89 58
89 302
89 576
89 632
89 756
89 893
89 919
89 967
89 990
90 40
90 88
90 204
90 468
90 538
90 579
90 620
90 660
90 668
90 703
90 836
90 922
90 926
90 956
91 22
91 80
91 83
91 84
91 180
91 430
91 462
91 505
91 517
91 520
91 592
91 781
91 783
91 803
92 40
92 56
92 102
92 560
92 596
92 625
92 787
92 792
92 835
92 865
93 49
93 200
93 264
93 320
93 466
93 556
93 579
93 590
93 628
93 814
93 925
94 83
94 193
94 212
94 271
94 350
94 726
94 728
94 738
94 821
94 866
94 890
94 964
94 979
95 132
95 213
95 238
95 476
95 540
95 545
95 570
95 711
95 767
95 788
95 806
95 810
95 814
95 816
95 821
95 986
96 20
96 198
96 286
96 300
96 340
96 345
96 351
96 453
96 749
96 774
96 980
97 23
97 211
97 228
97 259
97 295
97 464
97 536
97 733
97 801
97 811
97 882
98 57
98 126
98 246
98 475
98 490
98 498
98 586
98 754
98 857
99 54
99 218
99 342
99 417
99 598
99 630
99 726
99 805
99 822
99 924
99 947
99 972
100 41
100 157
100 291
100 307
100 476
100 539
100 544
100 886
100 931
101 14
101 231
101 350
101 354
101 570
101 587
101 946
102 8
102 20
102 30
102 36
102 86
102 125
102 259
102 335
102 445
102 451
102 633
102 710
102 826
103 27
103 160
103 189
103 206
103 219
103 489
103 500
103 531
103 554
103 595
103 680
103 811
103 879
103 903
104 59
104 135
104 201
104 225
104 232
104 284
104 502
104 651
104 743
104 767
105 103
105 265
105 303
105 453
105 495
105 585
105 621
105 670
105 676
105 760
105 910
106 42
106 71
106 132
106 154
106 172
106 206
106 408
106 625
106 646
106 703
106 748
106 983
107 16
107 21
107 116
107 157
107 273
107 379
107 445
107 457
107 463
107 682
107 689
107 706
108 16
108 106
108 107
108 462
108 599
108 609
109 315
109 419
109 508
109 743
109 955
110 200
110 369
110 562
110 566
110 594
110 624
110 638
110 744
110 878
110 916
110 926
111 327
111 330
111 377
111 521
111 523
111 531
111 532
111 848
111 852
111 869
111 887
111 932
112 9
112 18
112 198
112 286
112 343
112 444
112 535
112 548
112 565
112 611
113 56
113 75
113 433
113 703
113 746
113 787
113 911
114 98
114 259
114 512
114 515
114 599
114 641
114 650
114 661
114 681
114 764
114 784
114 876
115 444
115 495
115 597
115 648
115 810
116 29
116 214
116 313
116 621
116 639
116 898
116 909
116 938
117 162
117 170
117 421
117 546
117 642
117 752
117 839
117 874
117 984
118 38
118 221
118 223
118 224
118 237
118 320
118 513
118 538
118 821
118 864
119 71
119 154
119 185
119 236
119 249
119 377
119 452
119 552
119 679
119 831
119 990
120 121
120 173
120 226
120 240
120 552
120 626
120 664
120 845
121 85
121 345
121 381
121 438
121 644
121 763
121 946
122 108
122 126
122 252
122 653
122 849
122 857
122 913
123 24
123 99
123 119
123 163
123 195
123 239
123 253
123 286
123 305
123 409
123 553
123 565
123 773
123 800
123 964
124 181
124 418
124 461
124 561
124 615
124 700
124 736
124 924
124 942
125 52
125 111
125 299
125 609
125 696
125 727
125 741
125 984
126 48
126 326
126 679
126 780
126 791
126 828
126 829
126 866
126 929
127 98
127 183
127 316
127 397
127 590
127 646
127 697
127 702
127 798
127 869
128 277
128 279
128 322
128 415
128 440
128 496
128 690
128 703
128 915
129 120
129 421
129 637
129 774
129 820
129 850
129 885
129 925
129 955
130 246
130 380
130 591
130 739
130 891
130 926
130 928
130 941
131 168
131 282
131 330
131 337
131 465
131 520
131 876
131 884
131 963
132 63
132 140
132 178
132 346
132 452
132 550
132 660
132 805
132 836
132 913
133 71
133 98
133 102
133 170
133 332
133 395
133 438
133 550
133 604
133 718
133 826
133 853
133 894
133 928
134 220
134 231
134 233
134 249
134 294
134 415
134 662
134 699
134 735
134 754
134 910
135 116
135 130
135 222
135 619
135 659
135 699
135 747
135 852
136 274
136 448
136 586
136 595
136 695
136 732
136 763
136 765
136 792
136 816
137 43
137 132
137 228
137 259
137 269
137 485
137 579
137 611
137 671
137 717
137 828
137 884
137 917
138 5
138 59
138 120
138 172
138 190
138 322
138 372
138 408
138 549
138 555
138 608
138 673
138 686
138 762
138 889
138 957
139 23
139 639
139 653
139 696
139 717
139 765
139 766
139 877
140 164
140 384
140 457
140 585
140 745
140 764
140 812
140 905
141 107
141 261
141 287
141 349
141 365
141 416
141 457
141 639
141 813
141 815
141 848
141 884
142 102
142 126
142 187
142 210
142 296
142 330
142 342
142 586
142 861
142 956
143 250
143 271
143 367
143 541
143 675
143 686
143 826
144 197
144 365
144 447
144 483
144 485
144 526
144 595
144 784
145 110
145 242
145 266
145 318
145 338
145 381
145 532
145 536
145 575
145 595
145 708
145 795
145 905
146 131
146 204
146 236
146 265
146 375
146 394
146 462
146 709
146 736
146 779
146 793
146 919
147 128
147 170
147 227
147 232
147 280
147 347
147 403
147 469
147 649
147 657
147 704
147 884
148 64
148 227
148 292
148 429
148 484
148 551
148 681
148 919
149 31
149 46
149 89
149 108
149 126
149 156
149 217
149 219
149 252
150 77
150 156
150 298
150 386
150 476
150 691
150 695
150 849
150 934
151 8
151 117
151 177
151 251
151 377
151 706
151 746
151 846
151 921
151 968
152 109
152 145
152 239
152 375
152 429
152 576
152 665
152 724
152 890
152 899
153 2
153 9
153 22
153 29
153 50
153 192
153 453
153 500
153 533
153 600
153 834
153 973
154 181
154 210
154 281
154 515
154 564
154 675
154 718
154 759
154 947
155 333
155 348
155 394
155 479
155 524
155 841
155 948
155 952
156 58
156 193
156 443
156 452
156 703
156 739
156 753
156 943
157 165
157 363
157 462
157 466
157 754
157 755
157 794
157 825
157 897
158 52
158 129
158 280
158 335
158 581
158 584
158 607
158 694
158 739
158 886
158 891
159 1
159 5
159 82
159 113
159 273
159 329
159 422
159 610
159 663
160 97
160 120
160 138
160 158
160 363
160 475
160 639
160 687
160 761
160 782
160 787
160 796
160 831
160 905
160 992
161 122
161 140
161 146
161 337
161 343
161 489
161 507
161 743
161 826
161 915
161 940
161 963
162 50
162 67
162 180
162 229
162 427
162 475
162 820
162 832
162 834
162 852
162 886
162 923
163 130
163 136
163 316
163 324
163 457
163 916
163 951
164 46
164 60
164 87
164 150
164 198
164 293
164 463
164 714
164 817
164 845
164 858
164 953
164 970
165 166
165 225
165 377
165 390
165 409
165 436
165 494
165 543
165 595
165 851
165 878
165 888
166 30
166 69
166 141
166 185
166 230
166 657
166 674
166 775
166 824
167 137
167 144
167 366
167 371
167 504
167 667
167 709
167 793
167 803
167 841
167 862
167 929
167 944
168 61
168 111
168 113
168 317
168 361
168 637
168 821
169 113
169 118
169 280
169 281
169 383
169 594
169 629
169 669
170 154
170 175
170 553
170 621
170 804
170 806
170 884
170 888
170 951
171 293
171 455
171 527
171 744
171 835
171 858
171 891
172 18
172 129
172 235
172 266
172 347
172 508
172 516
172 812
172 855
172 921
173 77
173 139
173 217
173 383
173 398
173 494
173 544
173 729
173 754
173 768
173 834
173 836
173 934
174 91
174 395
174 407
174 442
174 489
174 622
174 752
174 832
174 995
175 89
175 90
175 342
175 618
175 808
176 172
176 226
176 294
176 342
176 381
176 404
176 409
176 570
176 608
176 650
176 898
176 910
176 939
177 72
177 82
177 211
177 236
177 277
177 430
177 553
178 92
178 248
178 312
178 329
178 350
178 435
178 628
178 740
178 841
178 902
179 295
179 324
179 596
179 632
179 833
179 909
179 912
179 922
180 73
180 79
180 135
180 425
180 449
180 458
180 585
180 945
181 119
181 133
181 150
181 201
181 418
181 447
181 490
181 657
181 792
181 793
181 939
182 77
182 82
182 260
182 536
182 602
182 665
182 911
183 23
183 127
183 167
183 214
183 240
183 330
183 410
183 486
183 761
183 957
183 971
184 4
184 137
184 162
184 186
184 424
184 664
184 781
184 895
185 31
185 97
185 177
185 377
185 502
185 618
185 980
186 116
186 150
186 272
186 432
186 604
186 728
186 746
186 804
186 833
186 980
187 147
187 233
187 321
187 353
187 356
187 368
187 482
187 578
187 761
187 840
187 909
188 33
188 144
188 698
188 722
188 843
188 913
189 5
189 6
189 28
189 62
189 70
189 338
189 629
189 726
189 768
189 916
190 10
190 155
190 199
190 420
190 421
190 453
190 652
190 981
191 153
191 237
191 341
191 471
191 522
191 577
191 623
191 633
191 682
191 829
191 933
191 995
192 35
192 44
192 131
192 419
192 447
192 478
192 556
192 622
192 651
192 661
193 18
193 162
193 353
193 370
193 471
193 488
193 613
193 617
193 630
193 666
193 715
193 818
194 9
194 202
194 309
194 357
194 459
194 597
194 608
194 626
194 959
195 121
195 147
195 218
195 248
195 261
195 306
195 423
195 467
195 492
195 536
195 567
195 622
195 805
195 934
195 935
196 65
196 189
196 257
196 489
196 944
197 186
197 247
197 433
197 472
197 649
197 674
197 788
197 842
197 874
197 879
197 997
198 66
198 528
198 533
198 817
198 846
198 863
199 427
199 508
199 521
199 550
199 605
199 642
199 900
200 103
200 173
200 296
200 375
200 587
200 591
200 695
200 930
201 68
201 121
201 151
201 433
201 546
201 559
201 616
201 721
201 771
201 793
202 15
202 46
202 63
202 215
202 408
202 588
202 594
202 708
202 751
202 862
202 879
202 990
203 132
203 172
203 280
203 370
203 546
203 718
203 803
203 839
203 959
204 75
204 107
204 127
204 238
204 322
204 328
204 468
204 651
204 711
204 767
204 793
204 813
204 836
205 18
205 260
205 430
205 480
205 579
205 692
205 729
205 732
205 817
205 928
206 6
206 135
206 305
206 619
206 815
206 972
206 975
207 25
207 120
207 238
207 290
207 607
207 673
207 707
207 758
207 812
208 113
208 124
208 201
208 213
208 309
208 336
208 571
208 694
208 712
208 775
208 783
208 901
208 925
209 177
209 229
209 409
209 432
209 546
209 681
209 734
209 736
209 878
209 903
209 906
210 35
210 173
210 335
210 717
210 780
210 880
210 931
210 965
210 990
210 996
211 26
211 34
211 109
211 190
211 419
211 439
211 716
211 728
211 834
211 851
211 970
212 172
212 193
212 219
212 278
212 381
212 418
212 426
212 583
212 631
212 663
212 828
212 830
212 863
212 865
212 917
212 926
212 954
212 971
212 988
213 233
213 374
213 483
213 621
213 764
213 858
214 65
214 159
214 471
214 532
214 533
214 592
214 621
214 649
214 714
214 856
214 867
214 908
215 49
215 89
215 395
215 411
215 536
215 694
215 763
215 918
215 970
216 54
216 69
216 84
216 168
216 218
216 277
216 319
216 378
216 574
216 614
216 693
216 733
216 734
216 744
216 749
216 791
216 915
216 945
216 980
217 115
217 137
217 242
217 399
217 416
217 518
217 588
217 810
217 920
217 921
218 115
218 175
218 254
218 357
218 424
218 494
218 506
218 566
218 581
218 753
218 980
219 135
219 650
219 821
219 893
219 902
219 957
220 111
220 217
220 364
220 406
220 601
220 618
221 65
221 88
221 90
221 396
221 758
221 916
222 86
222 113
222 135
222 178
222 346
222 379
222 448
222 481
222 729
222 743
222 858
223 29
223 129
223 246
223 271
223 332
223 590
223 605
223 680
223 686
223 776
223 848
223 930
223 954
224 58
224 221
224 275
224 480
224 522
224 606
224 612
224 663
224 759
224 839
224 959
225 46
225 86
225 244
225 302
225 328
225 446
225 489
225 609
225 680
225 694
225 733
225 746
225 806
225 813
226 28
226 138
226 175
226 222
226 292
226 438
226 657
226 881
227 1
227 59
227 87
227 159
227 221
227 501
227 661
227 674
227 711
227 732
227 879
228 289
228 443
228 587
228 662
228 696
228 763
228 879
229 53
229 124
229 261
229 286
229 346
229 350
229 459
229 545
229 665
230 30
230 413
230 702
230 726
230 891
231 7
231 85
231 117
231 289
231 365
231 566
231 631
231 647
231 736
231 747
231 790
231 957
231 969
232 22
232 99
232 131
232 243
232 465
232 631
232 669
232 765
232 786
233 155
233 173
233 196
233 208
233 461
233 665
233 838
233 887
234 53
234 184
234 375
234 441
234 472
234 607
234 619
234 741
234 816
234 848
234 875
235 63
235 163
235 302
235 352
235 645
235 696
235 768
235 838
235 914
236 9
236 299
236 313
236 430
236 444
236 504
236 514
236 581
236 600
236 695
236 764
236 960
237 58
237 109
237 443
237 598
237 602
237 656
238 21
238 51
238 65
238 80
238 81
238 193
238 407
238 462
238 519
238 652
238 669
238 732
238 834
238 867
238 880
238 947
239 4
239 293
239 420
239 547
239 633
239 689
239 969
240 70
240 146
240 302
240 543
241 138
241 163
241 274
241 510
241 517
241 759
241 930
241 940
242 10
242 108
242 185
242 275
242 385
242 602
242 649
242 853
242 858
243 9
243 190
243 353
243 475
243 597
243 744
243 748
243 886
243 926
244 12
244 137
244 201
244 319
244 715
244 762
244 981
244 994
245 52
245 264
245 346
245 482
245 584
245 692
245 711
245 858
245 981
246 247
246 270
246 517
246 530
246 602
246 678
246 711
246 956
246 981
247 65
247 68
247 107
247 189
247 228
247 348
247 419
247 471
247 547
247 630
247 952
248 30
248 35
248 90
248 135
248 145
248 241
248 258
248 277
248 287
248 399
248 417
248 856
249 85
249 142
249 398
249 466
249 527
249 700
249 723
249 892
249 965
250 118
250 212
250 229
250 327
250 365
250 393
250 419
250 488
250 496
250 521
250 814
250 898
250 907
250 952
251 204
251 245
251 317
251 342
251 499
251 523
251 615
251 625
251 627
251 742
251 869
252 144
252 147
252 426
252 444
252 544
252 719
252 733
252 826
252 859
252 898
253 111
253 151
253 160
253 166
253 236
253 301
253 357
253 362
253 437
253 442
253 613
253 729
253 757
253 955
253 997
254 78
254 219
254 250
254 314
254 397
254 434
254 473
254 557
254 652
254 750
254 757
254 796
254 877
254 878
254 908
254 982
255 157
255 238
255 249
255 381
255 491
255 573
255 588
255 769
255 911
256 7
256 94
256 263
256 373
256 526
256 586
256 636
256 824
256 887
256 892
257 187
257 242
257 250
257 251
257 394
257 812
257 817
258 32
258 159
258 247
258 255
258 278
258 297
258 321
258 435
258 545
258 714
258 760
258 834
258 839
258 866
258 939
259 18
259 383
259 472
259 653
259 655
259 836
259 903
259 919
260 151
260 164
260 198
260 213
260 386
260 509
260 519
260 565
260 757
260 836
260 874
260 928
261 256
261 285
261 464
261 542
261 626
261 698
261 731
261 777
261 819
261 882
261 962
262 21
262 57
262 102
262 134
262 180
262 350
262 358
262 500
263 40
263 204
263 216
263 432
263 474
263 478
263 578
263 704
263 864
263 951
264 22
264 54
264 104
264 274
264 317
264 351
264 364
264 429
264 559
264 717
264 752
264 856
264 887
264 914
265 46
265 63
265 102
265 201
265 246
265 317
265 353
265 496
265 600
265 756
265 883
265 939
265 963
265 967
266 48
266 180
266 206
266 340
266 525
266 540
266 557
266 702
266 796
266 874
266 917
266 970
267 34
267 35
267 38
267 60
267 173
267 411
267 529
267 704
267 775
267 840
267 956
267 993
268 173
268 185
268 289
268 306
268 376
268 387
268 601
268 878
268 901
268 929
268 941
269 74
269 227
269 996
270 17
270 158
270 293
270 307
270 311
270 453
270 585
270 642
270 643
270 696
270 776
270 818
270 879
270 980
270 987
271 44
271 64
271 70
271 359
271 444
271 448
271 624
271 648
271 664
271 709
271 736
271 754
272 34
272 132
272 229
272 232
272 291
272 724
272 746
272 905
273 128
273 286
273 522
273 533
273 726
273 934
274 153
274 352
274 353
274 466
274 484
274 538
274 564
274 623
274 775
274 931
274 946
274 982
275 38
275 68
275 78
275 322
275 345
275 414
275 486
275 493
275 520
275 537
275 624
275 786
275 817
275 875
276 57
276 117
276 131
276 263
276 282
276 418
276 441
276 577
276 642
276 859
276 930
277 183
277 263
277 269
277 400
277 459
277 618
277 732
277 915
277 949
277 962
278 107
278 157
278 282
278 328
278 410
278 453
278 463
278 466
278 483
278 605
278 749
278 871
278 895
279 114
279 206
279 344
279 586
279 643
279 679
279 837
280 173
280 290
280 306
280 439
280 493
280 558
280 575
280 978
281 52
281 271
281 468
282 29
282 58
282 77
282 355
282 367
282 371
282 394
282 395
282 417
282 440
282 572
282 797
282 963
283 23
283 55
283 218
283 229
283 251
283 276
283 395
283 441
283 768
283 897
284 19
284 25
284 117
284 206
284 352
284 422
284 514
284 591
284 617
285 266
285 293
285 302
285 330
285 387
285 436
285 767
285 893
286 115
286 340
286 342
286 386
286 424
286 499
286 637
286 869
286 966
287 207
287 215
287 358
287 574
287 633
288 83
288 143
288 309
288 351
288 589
288 697
288 732
288 813
288 831
289 15
289 163
289 279
289 317
289 421
289 501
289 576
289 654
289 982
289 991
290 20
290 33
290 218
290 235
290 323
290 547
290 562
290 747
290 912
291 51
291 137
291 272
291 325
291 357
291 394
291 438
291 634
291 914
292 411
292 569
292 648
292 809
292 846
293 19
293 22
293 255
293 275
293 334
293 467
293 489
293 682
293 697
293 942
294 34
294 165
294 177
294 198
294 251
294 397
294 528
294 531
294 570
294 619
294 692
294 733
294 796
294 814
294 898
294 925
294 989
295 123
295 143
295 151
295 257
295 261
295 281
295 417
295 635
295 684
295 794
295 827
295 897
295 929
296 190
296 203
296 282
296 549
296 667
296 780
296 837
297 99
297 242
297 384
297 443
297 495
297 558
297 581
297 831
297 919
297 930
297 960
298 25
298 180
298 235
298 262
298 266
298 272
298 548
298 587
298 603
298 738
298 865
298 891
299 159
299 199
299 209
299 234
299 257
299 313
299 643
299 838
299 917
300 109
300 425
300 445
300 558
300 565
300 847
300 862
300 961
300 997
301 162
301 169
301 213
301 327
301 423
301 455
301 482
301 606
301 651
301 745
301 747
301 933
301 965
302 33
302 98
302 219
302 355
302 364
302 422
302 431
302 432
302 473
302 516
302 585
302 712
302 821
302 881
302 994
303 67
303 172
303 392
303 425
303 446
303 740
303 854
303 870
303 984
304 24
304 29
304 53
304 79
304 146
304 337
304 444
304 527
304 566
304 606
304 784
304 785
304 820
304 933
304 934
305 50
305 53
305 150
305 163
305 208
305 516
305 612
305 631
305 719
305 802
306 161
306 326
306 359
306 384
306 388
306 527
306 601
306 742
306 800
307 17
307 23
307 241
307 260
307 262
307 276
307 324
307 403
307 839
307 916
308 17
308 58
308 417
308 570
308 574
308 593
308 700
308 727
308 765
308 836
308 880
308 998
309 222
309 278
309 416
309 564
309 600
309 616
309 620
309 835
309 981
310 222
310 352
310 399
310 429
310 550
310 559
310 687
310 711
310 716
310 915
311 157
311 174
311 211
311 255
311 348
311 378
311 401
311 566
312 229
312 283
312 616
312 653
312 656
312 773
312 838
312 844
312 854
312 924
312 948
313 51
313 254
313 267
313 373
313 548
313 593
313 650
313 686
313 696
313 748
313 764
313 847
313 941
314 41
314 85
314 95
314 804
314 889
314 909
315 19
315 72
315 153
315 158
315 190
315 250
315 392
315 430
315 551
315 579
315 970
315 994
316 51
316 66
316 95
316 176
316 360
316 471
316 489
316 583
316 637
316 649
316 797
316 925
316 940
317 25
317 34
317 55
317 126
317 330
317 609
317 694
317 752
317 926
317 936
318 18
318 60
318 225
318 250
318 374
318 390
318 445
318 636
318 641
318 776
318 905
318 960
318 975
319 49
319 188
319 482
319 739
319 804
319 887
319 951
319 995
320 49
320 106
320 197
320 293
320 294
320 390
320 392
320 538
320 633
320 675
320 726
320 956
321 153
321 205
321 211
321 325
321 498
321 685
321 937
321 968
322 108
322 133
322 144
322 324
322 647
322 714
322 738
322 803
322 982
323 65
323 100
323 161
323 248
323 250
323 449
323 453
323 882
324 430
324 456
324 929
325 25
325 109
325 471
325 532
325 543
325 601
325 670
325 688
325 712
325 901
325 962
326 63
326 105
326 238
326 239
326 310
326 324
326 386
326 471
326 488
326 540
326 666
326 715
326 819
327 103
327 295
327 341
327 476
327 661
327 703
327 719
327 900
327 902
328 124
328 134
328 150
328 281
328 514
328 594
328 778
328 801
329 109
329 142
329 415
329 522
329 565
329 567
329 602
329 610
329 720
329 764
329 904
329 976
330 247
330 284
330 411
330 472
330 479
330 539
330 652
330 674
330 691
330 767
330 907
330 952
331 89
331 286
331 731
331 883
332 63
332 129
332 160
332 325
332 632
332 722
332 768
333 44
333 74
333 122
333 227
333 271
333 273
333 348
333 401
333 429
333 479
333 580
333 638
333 659
333 703
333 709
333 756
333 778
333 904
333 975
334 1
334 98
334 126
334 166
334 179
334 200
334 359
334 371
334 425
334 540
334 624
334 637
334 641
334 804
335 263
335 353
335 638
335 666
335 876
336 22
336 89
336 113
336 215
336 266
336 277
336 523
336 608
336 635
336 699
336 721
336 726
336 766
337 154
337 279
337 330
337 441
337 540
337 675
337 742
337 987
338 299
338 619
338 794
339 32
339 292
339 346
339 349
339 430
339 507
339 526
339 552
339 736
339 846
339 857
339 885
339 925
340 57
340 126
340 211
340 246
340 327
340 379
340 467
340 475
340 510
340 747
340 806
340 815
340 863
341 18
341 23
341 113
341 240
341 613
341 631
341 704
341 760
341 778
341 779
341 893
341 972
342 102
342 261
342 702
342 704
342 872
343 105
343 123
343 170
343 383
343 441
343 780
343 807
344 13
344 15
344 69
344 251
344 348
344 383
344 555
344 690
344 790
344 826
344 889
344 978
345 62
345 89
345 214
345 287
345 348
345 352
345 376
345 689
345 842
345 886
346 14
346 232
346 542
346 577
346 705
346 885
346 892
347 49
347 355
347 363
347 624
347 748
347 810
347 836
347 920
348 38
348 178
348 240
348 248
348 275
348 353
348 361
348 388
348 523
348 787
348 810
348 845
348 972
348 994
349 96
349 155
349 389
349 512
349 603
349 760
349 837
350 0
350 102
350 313
350 366
350 530
350 741
350 839
350 842
350 935
351 299
351 330
351 336
351 414
351 434
351 648
351 709
351 750
351 779
351 798
351 837
351 997
352 76
352 127
352 272
352 296
352 336
352 640
352 732
352 777
352 821
352 849
352 986
353 227
353 237
353 277
353 534
353 774
353 867
353 969
353 996
354 102
354 131
354 155
354 211
354 398
354 528
354 727
354 812
354 941
355 102
355 382
355 448
355 607
355 671
355 759
355 769
355 847
355 900
356 79
356 287
356 322
356 420
356 555
356 613
356 636
356 663
356 718
356 740
356 780
356 862
356 921
356 943
357 65
357 421
357 519
357 728
357 931
358 65
358 69
358 199
358 219
358 283
358 656
358 923
358 924
359 223
359 305
359 362
359 368
359 394
359 396
359 402
359 408
359 482
359 632
359 653
359 681
359 730
359 854
360 90
360 131
360 137
360 214
360 221
360 430
360 681
360 765
360 810
360 823
361 121
361 249
361 384
361 522
361 679
361 720
361 774
362 60
362 69
362 144
362 161
362 284
362 286
362 290
362 431
362 448
362 486
362 837
363 67
363 82
363 85
363 242
363 257
363 275
363 326
363 357
363 520
363 560
363 593
363 695
363 757
363 983
364 32
364 70
364 117
364 155
364 360
364 413
364 509
364 579
364 604
364 720
364 845
364 897
365 99
365 211
365 235
365 514
365 656
365 763
366 5
366 37
366 115
366 352
366 451
366 486
366 538
366 638
366 654
366 816
366 842
366 950
367 0
367 168
367 204
367 228
367 238
367 384
367 490
367 620
367 943
368 222
368 256
368 346
368 657
368 769
368 821
369 96
369 397
369 470
369 609
369 651
369 895
370 16
370 62
370 138
370 162
370 242
370 251
370 288
370 391
370 480
370 670
370 862
371 2
371 515
371 540
371 542
371 552
371 795
371 929
372 57
372 218
372 675
372 815
372 854
373 276
373 298
373 422
373 454
373 474
373 742
373 800
373 827
373 916
374 262
374 346
374 531
374 542
374 702
375 69
375 391
375 432
375 470
375 490
375 537
375 719
375 777
375 843
375 885
376 70
376 75
376 159
376 187
376 320
376 487
376 859
376 874
377 3
377 110
377 368
377 408
377 594
377 596
377 865
377 890
377 998
378 32
378 81
378 86
378 87
378 162
378 351
378 426
378 454
378 564
378 719
378 923
379 114
379 116
379 213
379 231
379 327
379 375
379 567
379 648
379 728
379 842
379 936
380 6
380 64
380 191
380 273
380 277
380 291
380 323
380 379
380 439
380 459
380 844
380 955
380 982
381 63
381 145
381 151
381 194
381 216
381 359
381 432
381 512
381 546
381 559
381 610
381 643
381 799
381 807
381 967
382 128
382 707
382 861
382 881
382 885
382 887
382 894
382 973
382 974
382 983
382 987
383 6
383 136
383 189
383 231
383 268
383 462
383 504
383 524
383 588
383 612
383 727
383 808
383 842
384 47
384 53
384 144
384 357
384 440
384 476
384 486
384 515
384 529
384 628
384 630
384 722
384 744
384 820
384 830
384 910
384 941
385 57
385 118
385 154
385 274
385 472
385 507
385 547
385 595
385 776
385 967
386 60
386 487
386 556
386 649
386 794
386 813
386 824
387 333
387 465
387 527
387 530
387 557
387 599
387 708
387 813
387 866
387 892
388 173
388 181
388 217
388 385
388 468
388 746
388 798
388 846
388 942
388 948
388 958
389 49
389 114
389 116
389 288
389 382
389 390
389 559
389 602
389 691
389 726
389 845
389 975
390 108
390 193
390 194
390 282
390 300
390 391
390 784
390 860
390 990
390 992
391 75
391 203
391 306
391 389
391 509
391 512
391 682
391 724
391 775
391 826
391 876
391 884
391 913
391 944
391 971
392 250
392 373
392 604
392 623
392 666
392 674
392 678
392 918
392 931
392 967
393 129
393 147
393 588
393 617
393 643
393 677
394 38
394 276
394 403
394 591
394 643
394 691
394 743
394 837
394 957
395 42
395 81
395 318
395 324
395 424
395 461
395 471
395 522
395 565
395 732
395 802
395 839
395 882
395 917
396 73
396 139
396 189
396 413
396 493
396 661
396 751
396 841
396 844
396 999
397 25
397 146
397 452
397 759
398 55
398 109
398 151
398 328
398 425
398 520
398 574
399 70
399 232
399 255
399 303
399 380
399 419
399 451
399 507
399 547
399 767
399 770
399 991
400 197
400 199
400 221
400 362
400 368
400 391
400 577
400 589
400 801
400 820
400 849
400 886
401 86
401 147
401 218
401 256
401 283
401 346
401 408
401 488
401 500
401 559
401 742
401 834
402 52
402 98
402 139
402 391
402 404
402 442
402 503
402 553
402 645
402 737
402 743
402 823
402 862
403 24
403 41
403 84
403 181
403 728
403 820
404 224
404 409
404 436
404 458
404 512
404 576
404 651
404 722
404 780
404 852
405 262
405 282
405 318
405 339
405 458
405 566
405 855
405 947
406 45
406 51
406 173
406 229
406 252
406 315
406 384
406 386
406 468
406 497
406 556
406 728
406 776
406 817
406 858
407 74
407 185
407 197
407 205
407 218
407 358
407 364
407 415
407 430
407 453
407 496
407 572
407 578
407 649
408 828
408 905
408 907
409 64
409 135
409 183
409 226
409 240
409 262
409 548
409 605
409 658
409 659
409 778
409 809
409 812
410 58
410 174
410 310
410 419
410 541
410 697
410 710
410 728
410 819
411 33
411 63
411 303
411 347
411 415
411 616
411 628
411 712
411 933
412 34
412 54
412 206
412 455
412 541
412 546
412 666
412 775
412 976
413 144
413 237
413 312
413 739
413 789
413 869
413 983
413 988
414 51
414 119
414 144
414 228
414 318
414 328
414 350
414 412
414 536
414 706
414 808
414 941
414 954
414 958
415 42
415 141
415 175
415 178
415 223
415 401
415 532
415 638
415 666
415 758
415 770
415 909
415 961
416 150
416 160
416 295
416 314
416 457
416 592
416 602
416 993
417 28
417 83
417 155
417 238
417 244
417 341
417 721
417 782
417 886
418 89
418 101
418 179
418 496
418 508
418 647
418 718
418 729
418 764
418 781
418 865
419 314
419 338
419 340
419 377
419 576
419 762
419 806
419 906
419 925
420 59
420 60
420 308
420 391
420 443
420 499
420 578
420 602
420 714
420 742
420 792
420 925
420 996
421 172
421 244
421 267
421 553
421 702
421 784
422 31
422 120
422 262
422 303
422 428
422 522
422 915
422 918
423 143
423 192
423 235
423 239
423 393
423 603
423 697
423 742
423 824
423 927
423 968
424 96
424 342
424 351
424 630
424 645
424 826
424 865
424 883
424 923
425 89
425 210
425 537
425 722
425 735
425 811
425 912
425 976
426 144
426 267
426 318
426 418
426 427
426 429
426 433
426 502
426 506
426 526
426 534
426 539
426 573
426 601
426 776
426 788
426 849
427 93
427 103
427 157
427 403
427 476
427 584
427 601
427 710
427 725
428 44
428 109
428 121
428 140
428 284
428 651
428 666
428 850
428 994
429 128
429 174
429 765
429 769
429 788
429 866
429 924
430 229
430 265
430 361
430 386
430 454
430 506
430 679
430 779
430 780
431 102
431 266
431 309
431 341
431 367
431 395
431 470
431 550
431 577
431 704
431 710
431 723
431 760
431 783
431 895
431 898
432 222
432 302
432 324
432 541
432 578
432 663
432 740
432 812
432 847
432 977
433 27
433 112
433 217
433 338
433 354
433 420
433 642
433 749
434 151
434 254
434 350
434 560
434 781
434 810
434 892
434 908
435 56
435 126
435 249
435 320
435 324
435 713
435 853
435 868
435 874
435 902
436 437
436 589
436 717
436 796
436 882
437 7
437 26
437 119
437 226
437 230
437 281
437 330
437 352
437 431
437 471
437 651
437 760
437 765
437 852
437 884
437 940
438 35
438 36
438 121
438 491
438 527
438 867
439 176
439 248
439 404
439 431
439 446
439 571
439 656
439 723
439 861
439 911
440 13
440 82
440 88
440 260
440 304
440 380
440 445
440 525
440 577
440 683
440 834
440 986
441 364
441 387
441 416
441 483
441 727
441 783
441 973
442 15
442 128
442 255
442 353
442 400
442 562
442 766
442 783
442 804
442 838
442 849
442 947
442 995
443 263
443 435
443 810
443 816
444 116
444 137
444 171
444 448
444 659
444 693
444 869
445 56
445 107
445 141
445 153
445 290
445 301
445 402
445 415
445 480
445 523
445 530
445 569
445 780
445 802
445 860
445 880
445 900
445 973
446 204
446 402
446 442
446 447
446 468
446 857
446 976
447 145
447 257
447 392
447 556
447 655
447 706
447 757
447 781
447 830
448 34
448 55
448 220
448 379
448 589
448 593
448 670
448 695
448 710
449 81
449 208
449 215
449 266
449 279
449 396
449 758
449 842
449 959
449 992
450 31
450 70
450 136
450 175
450 216
450 367
450 491
450 638
450 788
450 987
451 74
451 161
451 246
451 290
451 308
451 312
451 348
451 401
451 429
451 441
451 533
451 690
451 726
451 777
451 887
451 919
451 966
452 168
452 289
452 364
452 632
452 720
452 840
452 856
452 912
452 986
453 198
453 249
453 266
453 287
453 513
453 619
453 705
453 718
453 795
453 894
453 975
454 6
454 31
454 51
454 250
454 251
454 256
454 463
454 554
454 807
454 897
454 902
454 916
454 996
455 51
455 81
455 94
455 143
455 152
455 226
455 846
455 868
455 875
455 889
455 894
455 938
455 952
455 995
456 9
456 60
456 104
456 114
456 156
456 225
456 282
456 320
456 533
456 731
456 735
456 779
457 24
457 194
457 209
457 266
457 321
457 364
457 459
457 504
457 612
457 615
457 723
457 945
457 970
458 52
458 137
458 164
458 348
458 467
458 734
458 746
458 817
459 9
459 292
459 354
459 435
459 603
459 703
459 727
459 766
459 888
459 895
460 28
460 82
460 134
460 146
460 164
460 167
460 352
460 372
460 736
460 956
461 148
461 258
461 469
461 487
461 492
461 544
461 618
461 675
461 740
461 935
461 941
461 963
461 968
462 142
462 163
462 254
462 265
462 342
462 566
462 584
462 618
462 735
462 759
462 862
463 70
463 105
463 112
463 277
463 289
463 332
463 398
463 440
463 694
463 793
463 798
463 809
463 841
463 910
463 966
464 13
464 16
464 320
464 411
464 453
464 587
464 772
464 891
465 455
465 472
465 557
465 695
465 777
465 844
465 854
465 960
466 30
466 280
466 316
466 319
466 534
466 749
466 786
467 218
467 301
467 334
467 485
467 646
467 651
467 708
467 876
468 0
468 104
468 661
468 694
468 724
468 739
468 917
468 957
468 979
469 31
469 76
469 415
469 600
469 745
469 777
469 812
469 949
469 967
470 28
470 90
470 422
470 460
470 531
470 580
470 654
470 657
470 937
470 967
471 131
471 186
471 216
471 283
471 332
471 407
471 482
471 679
471 802
472 79
472 129
472 418
472 501
472 555
472 577
472 604
472 623
472 715
472 718
472 722
472 783
472 810
473 132
473 159
473 172
473 267
473 271
473 311
473 367
473 406
473 472
473 501
473 966
474 47
474 233
474 317
474 404
474 442
474 663
474 713
474 956
475 54
475 275
475 292
475 378
475 556
475 754
475 875
475 960
476 49
476 53
476 164
476 236
476 261
476 296
476 425
476 632
476 770
476 824
476 959
476 964
477 92
477 171
477 177
477 350
477 413
477 436
477 526
477 617
477 644
477 660
477 788
477 868
477 871
477 875
478 37
478 87
478 171
478 338
478 423
478 484
478 505
478 514
478 564
478 566
478 574
478 643
478 673
478 790
478 804
478 930
478 958
479 19
479 76
479 221
479 324
479 353
479 500
479 602
479 730
479 751
479 898
479 947
480 139
480 360
480 407
480 493
480 565
480 654
480 655
480 699
480 903
480 979
481 41
481 158
481 511
481 535
481 618
481 647
481 683
481 747
481 784
481 824
482 262
482 327
482 374
482 397
482 401
482 463
482 466
482 512
482 629
482 754
482 761
483 122
483 191
483 247
483 644
483 657
483 994
483 999
484 178
484 234
484 361
484 404
484 416
484 504
484 596
484 702
484 728
484 882
484 906
484 937
484 970
485 37
485 108
485 117
485 732
485 957
485 972
486 68
486 107
486 261
486 447
486 729
486 746
486 755
486 848
486 950
487 8
487 73
487 192
487 433
487 538
487 599
487 734
487 967
487 974
487 977
487 984
488 59
488 308
488 453
488 502
488 511
488 525
488 832
488 926
489 47
489 91
489 218
489 261
489 365
489 486
489 549
489 558
489 597
489 674
489 734
489 787
489 839
489 993
490 7
490 55
490 95
490 132
490 298
490 375
490 548
490 606
490 653
490 887
490 902
490 996
491 138
491 205
491 208
491 246
491 306
491 512
491 558
491 599
491 635
491 760
491 927
491 971
492 121
492 180
492 189
492 249
492 360
492 540
492 580
492 695
492 851
492 902
493 112
493 121
493 201
493 251
493 416
493 629
493 708
493 713
493 829
493 954
494 21
494 348
494 541
494 614
494 641
494 654
494 677
494 732
494 952
494 985
495 114
495 125
495 381
495 432
495 471
495 575
495 660
495 673
495 726
495 780
495 854
495 951
496 216
496 228
496 229
496 352
496 380
496 440
496 477
496 508
496 587
496 734
496 952
497 2
497 32
497 63
497 135
497 171
497 215
497 216
497 256
497 283
497 460
497 487
497 866
497 895
497 973
498 193
498 198
498 379
498 773
498 822
498 892
499 186
499 230
499 289
499 346
499 433
499 442
499 478
499 691
499 799
499 807
499 871
499 887
500 86
500 88
500 125
500 230
500 263
500 400
500 540
500 607
500 617
500 687
500 705
500 716
500 754
500 971
500 985
501 55
501 89
501 186
501 243
501 254
501 640
501 676
501 688
501 694
501 887
502 315
502 448
502 509
502 589
502 597
502 604
502 663
502 739
502 781
503 295
503 473
503 539
503 622
503 697
503 744
503 812
503 820
503 845
503 871
504 411
504 576
504 946
504 997
505 42
505 118
505 149
505 242
505 566
505 620
505 644
505 712
505 727
505 762
506 75
506 196
506 226
506 519
506 525
506 526
506 536
506 810
506 845
506 852
506 963
506 965
507 6
507 40
507 78
507 117
507 131
507 481
507 946
507 955
508 667
508 681
508 715
508 879
508 897
509 15
509 565
509 666
509 758
509 885
510 95
510 291
510 327
510 416
510 435
510 731
510 817
510 861
510 875
510 974
511 140
511 414
511 420
511 441
511 476
511 791
511 905
512 35
512 62
512 175
512 226
512 294
512 371
512 380
512 496
512 572
512 627
512 675
512 736
512 786
513 40
513 301
513 363
513 431
513 520
513 608
513 672
513 709
513 752
514 311
514 345
514 391
514 454
514 563
514 574
514 715
514 754
514 880
515 17
515 46
515 54
515 348
515 659
515 745
515 782
515 834
515 969
515 974
515 976
516 229
516 234
516 356
516 411
516 418
516 448
516 487
516 518
516 615
516 810
516 834
516 921
516 924
517 92
517 117
517 272
517 429
517 671
517 691
517 889
517 934
517 942
518 47
518 122
518 234
518 255
518 274
518 468
518 539
518 610
518 715
518 736
518 748
518 803
518 835
518 980
518 986
519 198
519 242
519 392
519 467
519 605
519 623
519 639
519 684
519 710
519 727
519 742
519 778
519 842
519 850
520 40
520 208
520 222
520 262
520 349
520 398
520 416
520 542
520 543
520 583
520 643
520 645
520 686
520 697
520 704
520 712
520 939
521 232
521 840
521 842
521 965
522 10
522 40
522 82
522 88
522 152
522 247
522 314
522 699
522 861
522 928
523 55
523 132
523 273
523 636
523 713
523 775
523 792
523 889
524 305
524 359
524 419
524 550
524 610
524 628
524 641
524 672
524 704
524 940
524 966
525 54
525 105
525 166
525 239
525 381
525 679
525 713
525 803
525 815
525 848
525 910
526 106
526 213
526 413
526 729
526 758
526 879
526 965
526 985
527 93
527 255
527 725
527 840
528 202
528 372
528 734
528 819
528 885
528 919
528 969
528 990
528 993
529 55
529 80
529 253
529 267
529 301
529 364
529 580
529 612
530 7
530 128
530 265
530 334
530 493
530 559
530 604
530 731
530 835
530 976
531 24
531 154
531 585
531 668
531 828
532 128
532 156
532 199
532 289
532 290
532 436
532 440
532 561
532 574
532 665
532 863
532 927
533 65
533 384
533 474
533 576
533 644
533 825
533 858
533 876
533 908
533 978
534 312
534 485
534 546
534 722
534 910
534 957
534 981
534 997
535 11
535 176
535 355
535 454
535 519
535 529
535 589
535 626
535 806
536 46
536 112
536 291
536 371
536 400
536 560
536 575
536 828
537 354
537 709
537 764
537 783
537 898
537 913
538 99
538 130
538 255
538 377
538 383
538 464
538 465
538 520
538 559
538 743
539 53
539 121
539 207
539 208
539 248
539 279
539 283
539 459
539 564
539 631
539 636
539 732
539 836
539 942
540 227
540 419
540 463
540 672
540 713
540 781
540 929
540 942
541 44
541 266
541 407
541 423
541 469
541 486
541 527
541 555
541 556
541 735
541 812
542 28
542 832
542 847
543 349
543 370
543 392
543 443
543 465
543 506
543 637
543 870
543 874
543 915
544 202
544 278
544 286
544 470
544 505
544 513
544 571
544 613
544 763
544 767
544 768
545 134
545 288
545 418
545 678
546 62
546 245
546 384
546 429
546 526
546 644
547 193
547 215
547 371
547 773
547 798
547 851
547 959
547 970
547 973
547 995
548 49
548 59
548 67
548 361
548 400
548 467
548 617
548 674
548 708
548 780
549 21
549 31
549 82
549 223
549 456
549 501
549 634
549 747
549 763
549 799
549 858
549 889
549 953
549 957
549 991
550 23
550 33
550 36
550 65
550 92
550 130
550 206
550 277
550 471
550 629
551 118
551 230
551 272
551 287
551 399
551 443
551 456
551 555
551 565
551 840
551 946
552 21
552 105
552 133
552 327
552 411
552 421
552 495
552 524
552 594
552 667
552 730
552 913
552 969
552 978
553 26
553 160
553 353
553 502
553 519
553 621
553 695
553 729
553 809
553 825
553 904
554 98
554 244
554 283
554 307
554 522
554 574
554 621
554 753
554 788
554 806
554 812
555 35
555 122
555 201
555 222
555 247
555 281
555 407
555 409
555 830
555 889
555 938
556 86
556 201
556 675
556 681
556 878
556 917
557 16
557 129
557 470
557 540
557 626
557 646
557 766
557 933
558 52
558 58
558 258
558 264
558 467
558 489
558 659
558 732
558 736
558 830
558 845
558 935
559 177
559 290
559 406
559 420
559 425
559 546
559 589
559 748
559 830
559 835
559 921
560 40
560 85
560 102
560 175
560 176
560 357
560 547
560 565
560 591
560 830
561 10
561 101
561 332
561 388
561 602
561 648
561 776
561 830
562 95
562 173
562 274
562 397
562 718
562 754
562 812
562 818
562 883
563 277
563 344
563 439
563 474
563 606
563 635
563 680
563 806
563 892
563 914
564 212
564 230
564 283
564 341
564 518
564 641
564 842
564 923
565 73
565 141
565 153
565 320
565 378
565 591
565 608
565 809
565 934
565 944
566 74
566 167
566 234
566 295
566 340
566 359
566 445
566 469
566 477
566 657
566 720
566 762
566 796
566 806
566 917
566 999
567 24
567 245
567 286
567 390
567 559
567 565
567 646
568 76
568 285
568 327
568 389
568 417
568 446
568 487
568 592
568 647
568 665
568 788
568 895
568 965
569 176
569 362
569 369
569 617
569 666
569 723
569 733
569 795
570 148
570 309
570 362
570 629
570 652
570 695
570 782
570 979
571 23
571 118
571 434
571 445
571 602
571 747
571 794
571 818
572 58
572 59
572 67
572 90
572 293
572 348
572 435
572 530
572 603
572 646
572 664
572 759
572 805
572 832
573 0
573 83
573 198
573 222
573 234
573 837
573 862
573 888
573 914
574 75
574 143
574 209
574 378
574 515
575 238
575 590
575 627
575 628
575 636
575 664
575 771
575 862
575 964
576 77
576 317
576 336
576 403
576 412
576 460
576 479
576 630
576 807
576 822
576 833
576 869
576 897
577 105
577 173
577 215
577 250
577 263
577 407
577 450
577 553
577 562
577 690
577 704
577 939
578 32
578 98
578 158
578 378
578 449
578 765
578 781
578 796
578 861
578 866
579 90
579 220
579 228
579 383
579 560
579 698
579 715
579 754
579 818
580 58
580 96
580 142
580 210
580 324
580 370
580 437
580 469
580 480
580 598
581 22
581 97
581 135
581 146
581 257
581 324
581 718
581 794
581 801
581 985
582 57
582 72
582 132
582 202
582 316
582 416
582 471
582 502
582 702
582 996
583 237
583 336
583 372
583 437
583 622
583 963
584 54
584 61
584 120
584 143
584 303
584 324
584 380
584 434
584 444
584 613
584 618
584 649
584 663
584 680
584 712
584 727
584 739
584 753
584 931
585 6
585 43
585 55
585 155
585 194
585 667
585 832
585 846
585 954
586 33
586 48
586 400
586 434
586 572
587 235
587 254
587 501
587 526
587 593
587 614
587 641
587 684
587 717
587 961
588 137
588 287
588 350
588 357
588 441
588 523
589 17
589 99
589 150
589 411
589 503
589 656
589 751
589 765
589 774
589 779
590 46
590 189
590 197
590 224
590 605
590 773
590 794
590 802
590 825
591 59
591 107
591 198
591 261
591 519
591 583
591 589
591 594
591 684
591 691
591 984
592 183
592 214
592 234
592 665
592 727
592 833
593 69
593 107
593 133
593 156
593 216
593 284
593 312
593 379
593 404
593 451
593 506
593 812
593 876
593 881
593 883
593 908
593 911
593 925
593 986
594 5
594 52
594 87
594 196
594 219
594 236
594 269
594 311
594 954
595 81
595 184
595 204
595 207
595 529
595 704
595 872
595 905
596 254
596 308
596 495
596 568
596 618
596 716
596 834
596 910
596 946
597 244
597 474
597 514
597 556
597 814
597 831
597 869
598 180
598 384
598 425
598 479
598 487
598 639
598 651
598 768
598 771
598 776
598 923
599 16
599 160
599 215
599 237
599 270
599 295
599 355
599 554
599 630
599 824
600 46
600 138
600 231
600 235
600 416
600 471
600 553
600 732
600 827
600 866
600 882
600 908
601 128
601 213
601 545
601 659
601 704
601 822
601 850
601 943
602 94
602 194
602 253
602 276
602 372
602 406
602 655
602 686
602 731
602 790
602 804
602 901
602 941
603 17
603 54
603 221
603 682
603 685
603 962
604 34
604 57
604 307
604 339
604 496
604 837
605 12
605 90
605 369
605 534
605 596
605 850
605 915
605 919
605 971
606 25
606 63
606 330
606 422
606 432
606 463
606 551
606 857
606 902
606 978
607 9
607 41
607 514
607 590
607 750
607 852
607 914
607 993
608 28
608 86
608 131
608 186
608 258
608 522
608 561
608 837
609 308
609 383
609 461
609 530
609 572
609 748
609 751
609 813
609 986
609 997
610 33
610 101
610 151
610 480
610 591
610 763
610 764
610 837
610 883
611 100
611 290
611 335
611 589
611 610
612 181
612 378
612 446
612 451
612 583
612 692
612 699
612 716
612 758
612 973
612 995
613 10
613 32
613 560
613 563
613 581
613 602
613 974
613 996
614 26
614 82
614 92
614 120
614 212
614 379
614 424
614 592
614 650
615 74
615 149
615 150
615 205
615 562
615 699
615 720
615 787
615 881
615 966
616 63
616 70
616 73
616 152
616 206
616 374
616 444
616 508
616 846
616 930
616 969
617 399
617 849
617 869
617 919
617 933
617 956
618 191
618 350
618 511
618 580
618 594
618 617
618 733
618 763
618 782
618 810
618 906
619 123
619 317
619 338
619 411
619 445
619 580
619 649
619 747
619 960
619 991
620 65
620 143
620 196
620 225
620 232
620 316
620 322
620 352
620 447
620 540
620 554
620 732
620 800
620 824
620 933
620 997
621 25
621 41
621 158
621 166
621 255
621 441
621 668
621 683
621 771
622 71
622 113
622 218
622 232
622 492
622 586
622 638
622 671
622 729
622 805
622 981
623 69
623 199
623 269
623 375
623 583
623 669
623 754
623 788
623 859
624 167
624 387
624 562
624 665
624 689
624 696
624 898
624 975
625 98
625 305
625 310
625 422
625 495
625 507
625 714
625 954
625 993
626 40
626 130
626 329
626 384
626 504
626 507
626 580
626 725
626 805
626 850
626 895
627 93
627 229
627 315
627 325
627 441
627 515
627 704
627 765
627 937
628 44
628 69
628 350
628 464
628 799
629 30
629 93
629 315
629 338
629 371
629 411
629 429
629 454
629 539
629 606
629 895
630 50
630 550
630 647
630 670
630 714
630 826
630 885
630 927
630 946
631 97
631 219
631 308
631 554
631 567
631 590
631 965
631 979
632 255
632 318
632 537
632 654
632 667
632 821
632 858
633 67
633 152
633 158
633 209
633 358
633 375
633 408
633 478
633 699
633 810
633 813
633 863
633 966
634 5
634 20
634 97
634 345
634 402
634 588
634 897
634 923
635 2
635 216
635 298
635 325
635 368
635 450
635 683
635 805
635 835
635 841
636 30
636 34
636 298
636 339
636 434
636 481
636 511
636 615
636 631
636 942
637 316
637 428
637 468
637 544
637 547
637 911
637 935
637 956
638 29
638 30
638 59
638 69
638 157
638 237
638 497
638 506
638 578
638 621
638 718
638 948
639 191
639 460
639 499
639 601
639 707
639 993
640 16
640 99
640 167
640 306
640 472
640 618
640 698
641 54
641 78
641 90
641 94
641 155
641 173
641 264
641 266
641 278
641 620
641 624
641 754
641 759
641 776
641 784
642 38
642 100
642 252
642 278
642 392
642 452
642 777
642 975
643 112
643 299
643 382
643 571
643 657
643 723
644 19
644 109
644 146
644 148
644 181
644 195
644 310
644 592
644 650
644 652
644 657
644 700
644 766
645 266
645 273
645 274
645 436
645 483
645 797
645 872
645 978
646 162
646 261
646 288
646 312
646 334
646 419
646 435
646 451
646 477
646 482
646 632
646 666
646 667
646 679
646 812
646 844
646 879
647 41
647 334
647 464
647 613
647 618
647 708
647 720
647 755
647 789
647 879
647 965
648 24
648 117
648 337
648 824
648 854
648 973
649 34
649 224
649 430
649 475
649 806
649 861
650 55
650 80
650 159
650 212
650 323
650 411
650 549
650 716
650 811
650 957
651 143
651 147
651 202
651 359
651 391
652 221
652 299
652 317
652 425
652 597
652 601
652 619
652 689
652 703
652 823
652 864
653 72
653 100
653 141
653 221
653 327
653 361
653 482
653 563
653 611
653 738
653 812
653 827
653 846
654 88
654 94
654 98
654 120
654 172
654 179
654 188
654 193
654 210
654 238
654 275
654 493
654 541
654 542
654 557
654 588
654 630
654 682
654 783
655 105
655 300
655 407
655 445
655 471
655 759
655 921
656 283
656 388
656 472
656 500
656 530
656 569
656 869
657 0
657 29
657 85
657 168
657 315
657 496
657 517
657 556
657 613
657 762
657 802
657 821
657 832
658 273
658 478
658 687
658 737
658 797
658 827
658 916
658 930
659 93
659 299
659 535
659 618
659 789
660 99
660 361
660 577
660 625
660 664
660 687
660 870
661 465
661 534
661 616
661 641
661 676
661 761
661 807
661 963
662 241
662 256
662 423
662 516
662 579
662 680
663 65
663 192
663 284
663 355
663 447
663 488
663 655
663 771
663 864
663 903
664 136
664 143
664 201
664 245
664 302
664 388
664 414
664 693
664 783
664 974
665 37
665 45
665 145
665 344
665 459
665 708
665 716
665 896
665 949
666 128
666 188
666 344
666 475
666 538
666 798
666 809
666 968
667 50
667 139
667 325
667 400
667 549
667 567
667 606
667 687
667 810
667 884
667 894
668 465
668 526
668 548
668 773
668 906
668 917
668 938
668 960
669 44
669 254
669 319
669 344
669 677
669 687
669 689
669 988
670 38
670 40
670 95
670 144
670 230
670 755
670 886
671 30
671 223
671 295
671 368
671 480
671 590
671 746
671 770
672 8
672 17
672 32
672 279
672 356
672 422
672 469
672 752
672 837
672 843
672 894
673 36
673 117
673 255
673 264
673 299
673 369
673 404
673 505
673 765
673 876
673 880
674 12
674 101
674 128
674 170
674 193
674 200
674 310
674 443
674 507
674 662
674 809
674 927
675 48
675 161
675 195
675 320
675 332
675 423
675 575
676 70
676 131
676 240
676 402
676 424
676 479
676 521
676 623
676 672
676 695
676 785
676 791
676 971
677 11
677 145
677 533
677 555
677 575
677 720
677 857
678 80
678 82
678 356
678 488
678 718
678 970
679 148
679 152
679 190
679 384
679 427
679 458
679 470
679 502
679 540
679 574
679 583
679 629
679 813
679 829
680 204
680 327
680 465
680 482
680 504
680 589
680 659
680 728
680 911
680 982
681 96
681 111
681 132
681 185
681 547
681 571
681 726
681 774
682 77
682 154
682 189
682 207
682 269
682 452
682 494
682 550
682 563
682 616
682 732
682 932
683 387
683 405
683 480
683 568
683 595
683 674
683 947
683 975
684 10
684 23
684 94
684 127
684 152
684 168
684 264
684 458
684 589
684 646
684 715
684 829
684 865
684 918
684 944
684 996
685 104
685 323
685 359
685 409
685 468
685 777
685 846
685 854
685 953
685 955
685 972
685 986
686 101
686 173
686 304
686 323
686 530
686 766
686 772
686 790
687 116
687 123
687 239
687 311
687 325
687 417
687 441
687 709
687 982
688 231
688 336
688 348
688 365
688 476
688 524
688 584
688 656
688 660
688 810
689 444
689 470
689 499
689 633
689 696
689 883
690 132
690 150
690 263
690 295
690 467
690 763
690 870
690 894
691 301
691 314
691 354
691 399
691 570
691 588
691 609
691 666
691 953
692 92
692 262
692 288
692 416
692 431
692 466
692 491
692 496
692 583
692 738
692 752
692 816
692 896
692 922
693 30
693 88
693 326
693 554
693 555
693 611
693 715
693 976
694 57
694 461
694 468
694 526
694 567
694 646
694 682
694 708
694 792
695 121
695 372
695 375
695 380
695 585
695 619
695 705
695 896
695 950
696 65
696 210
696 405
696 488
696 521
696 531
696 674
696 848
696 861
696 939
697 483
697 719
697 789
697 849
697 875
697 902
697 951
697 976
698 38
698 59
698 61
698 154
698 201
698 296
698 339
698 356
698 364
698 436
698 458
698 601
698 631
698 673
698 743
698 844
698 997
699 72
699 90
699 133
699 153
699 228
699 344
699 480
699 511
699 521
699 596
699 680
699 836
699 905
700 95
700 121
700 149
700 169
700 200
700 405
700 701
700 751
700 852
700 870
700 982
701 107
701 257
701 379
701 381
701 412
701 437
701 605
701 653
701 658
701 754
701 893
701 941
701 954
701 990
702 199
702 354
702 374
702 522
702 714
702 821
703 150
703 643
703 738
703 867
703 929
704 247
704 265
704 335
704 530
704 982
705 171
705 236
705 314
705 466
705 515
705 548
705 560
705 597
705 613
705 645
705 697
705 709
705 815
705 823
705 874
705 888
705 913
705 981
706 69
706 217
706 317
706 527
706 619
706 741
706 804
707 151
707 167
707 199
707 267
707 476
707 549
707 555
707 822
707 934
708 82
708 102
708 125
708 336
708 409
708 418
708 441
708 744
708 831
708 880
708 909
708 923
709 65
709 92
709 154
709 184
709 250
709 314
709 354
709 536
709 651
709 955
710 210
710 221
710 497
710 513
710 641
710 689
710 806
710 913
711 10
711 252
711 277
711 429
711 666
711 786
711 825
711 963
712 164
712 281
712 363
712 385
712 419
712 463
712 477
712 799
712 807
712 826
712 871
713 16
713 123
713 146
713 209
713 292
713 368
713 469
713 512
713 600
713 694
713 781
713 945
713 999
714 40
714 79
714 103
714 319
714 635
714 664
714 739
714 882
715 298
715 312
715 329
715 332
715 367
715 474
715 605
715 723
715 808
716 33
716 99
716 146
716 203
716 380
716 566
716 688
716 718
716 772
716 881
716 900
716 969
717 264
717 356
717 454
717 564
717 565
717 660
717 757
717 871
717 908
717 958
718 70
718 275
718 473
718 483
718 581
718 679
718 724
718 845
718 943
718 980
719 61
719 121
719 167
719 183
719 399
719 453
719 469
719 706
720 326
720 402
720 431
720 522
720 529
720 595
720 757
721 36
721 37
721 43
721 48
721 93
721 150
721 193
721 277
721 544
721 559
721 649
721 668
721 828
721 839
722 64
722 97
722 172
722 291
722 304
722 588
722 655
722 878
722 949
723 62
723 277
723 303
723 421
723 477
723 534
723 573
723 618
723 652
723 768
723 780
723 870
724 41
724 388
724 504
724 516
724 554
724 577
724 613
724 646
724 678
724 686
725 42
725 324
725 379
725 462
725 543
725 551
725 571
725 780
726 11
726 105
726 342
726 401
726 612
726 734
726 824
726 924
726 949
726 956
726 964
726 983
727 91
727 117
727 286
727 299
727 384
727 480
727 602
727 800
727 967
728 28
728 33
728 198
728 203
728 227
728 328
728 586
728 722
728 753
728 831
728 851
728 912
728 950
729 17
729 84
729 127
729 147
729 168
729 433
729 765
729 845
729 852
730 75
730 89
730 340
730 520
731 3
731 53
731 92
731 150
731 161
731 194
731 265
731 359
731 469
731 562
731 599
731 609
731 631
731 709
731 751
731 789
731 838
731 982
732 71
732 78
732 230
732 440
732 763
732 983
733 164
733 301
733 344
733 579
733 580
733 778
734 23
734 97
734 117
734 128
734 164
734 168
734 186
734 224
734 285
734 312
734 350
734 355
734 434
734 532
734 567
734 588
734 735
734 991
735 25
735 185
735 255
735 282
735 506
735 543
735 772
735 839
735 868
735 883
735 885
735 889
735 901
735 963
736 71
736 142
736 175
736 268
736 482
736 571
736 641
736 813
736 887
736 947
736 963
737 54
737 144
737 237
737 252
737 394
737 532
737 712
737 749
737 875
737 881
737 882
738 4
738 200
738 203
738 424
738 427
738 446
738 573
738 880
738 939
739 350
739 442
739 467
739 473
739 515
739 810
739 846
739 901
740 55
740 58
740 86
740 224
740 241
740 248
740 311
740 521
740 707
740 909
741 2
741 9
741 74
741 101
741 156
741 204
741 439
741 513
741 622
741 655
741 763
741 790
741 797
742 144
742 160
742 183
742 203
742 384
742 449
742 515
742 840
742 852
742 858
742 869
742 944
742 954
743 29
743 400
743 407
743 518
743 635
743 647
743 944
744 90
744 133
744 460
744 482
744 532
744 563
744 895
744 945
744 964
745 69
745 162
745 206
745 381
745 490
745 532
745 638
745 737
745 888
746 138
746 271
746 323
746 657
746 963
746 983
747 236
747 635
747 833
747 837
748 13
748 39
748 42
748 177
748 519
748 552
748 665
748 852
748 863
748 934
748 971
748 986
749 246
749 356
749 460
749 503
749 715
749 730
749 843
749 854
749 913
750 95
750 113
750 192
750 289
750 379
750 383
750 476
750 514
750 523
750 773
750 892
750 986
750 987
751 20
751 194
751 435
751 492
751 605
751 929
751 961
752 144
752 181
752 380
752 381
752 484
752 559
752 661
752 718
752 777
752 865
752 884
752 885
752 952
753 81
753 109
753 133
753 504
753 632
753 683
753 736
753 773
753 905
753 917
753 978
753 984
754 81
754 296
754 415
754 445
754 552
754 592
754 663
754 707
754 721
755 6
755 108
755 254
755 259
755 410
755 459
755 574
755 848
755 866
756 94
756 261
756 320
756 344
756 393
756 438
756 451
756 593
756 624
756 741
757 51
757 219
757 243
757 387
757 452
757 550
757 580
757 585
757 645
757 789
757 876
757 939
758 20
758 32
758 398
758 457
758 471
758 563
758 605
758 606
758 624
758 718
758 915
758 994
759 27
759 32
759 81
759 86
759 95
759 108
759 155
759 160
759 184
759 314
759 402
759 609
759 741
759 829
760 145
760 162
760 233
760 266
760 412
760 582
760 791
760 890
760 910
761 245
761 267
761 281
761 303
761 571
761 579
761 623
761 656
761 708
761 754
761 871
761 914
761 969
761 999
762 64
762 115
762 287
762 316
762 320
762 326
762 338
762 346
762 395
762 470
762 529
762 539
762 646
762 745
762 939
762 955
762 957
762 988
763 168
763 180
763 323
763 437
763 482
763 608
763 655
763 668
763 866
763 952
764 177
764 306
764 368
764 478
764 480
764 488
764 655
764 927
765 41
765 252
765 302
765 473
765 484
765 510
765 727
765 810
765 812
765 881
765 907
765 945
766 4
766 46
766 152
766 162
766 179
766 224
766 251
766 330
766 590
766 639
766 675
766 840
766 909
767 74
767 112
767 121
767 138
767 411
767 684
767 724
768 201
768 254
768 568
768 571
768 689
768 802
768 907
769 296
769 330
769 520
769 541
769 668
769 744
769 927
770 148
770 176
770 382
770 484
770 505
770 610
770 628
770 639
770 947
770 983
771 110
771 182
771 199
771 214
771 261
771 325
771 332
771 339
771 519
771 559
771 691
771 928
772 33
772 39
772 178
772 369
772 375
772 439
772 679
772 754
773 69
773 357
773 380
773 406
773 531
773 552
773 677
773 693
773 697
773 707
773 708
773 964
773 974
774 352
774 371
774 386
774 398
774 527
774 569
774 604
774 612
774 802
774 998
775 124
775 149
775 212
775 406
775 407
775 499
775 512
775 540
775 619
775 729
775 803
775 860
775 984
776 229
776 430
776 444
776 493
776 571
776 599
776 799
776 977
776 986
777 0
777 79
777 286
777 287
777 326
777 367
777 468
777 692
777 967
777 991
778 256
778 419
778 423
778 545
778 591
778 711
778 769
778 930
778 933
778 993
779 318
779 667
779 771
779 855
779 911
780 29
780 429
780 501
780 609
780 734
780 778
780 787
781 298
781 428
781 558
781 590
781 603
781 611
781 655
781 769
781 790
781 801
781 887
781 943
782 13
782 45
782 139
782 167
782 452
782 465
782 619
782 683
782 686
782 841
782 960
783 99
783 205
783 252
783 257
783 373
783 529
783 623
783 632
783 640
783 805
783 891
784 5
784 35
784 95
784 278
784 344
784 475
784 525
784 769
785 185
785 239
785 318
785 351
785 371
785 438
785 512
785 528
785 578
785 598
785 820
785 875
785 924
786 82
786 135
786 411
786 528
786 558
787 118
787 271
787 356
787 452
787 565
787 720
787 858
787 892
787 952
788 115
788 257
788 285
788 354
788 556
788 607
788 622
788 642
788 741
788 799
788 946
788 994
788 998
789 29
789 61
789 147
789 168
789 245
789 287
789 327
789 474
789 487
789 661
790 145
790 158
790 188
790 575
790 614
790 617
790 629
790 641
790 934
790 940
790 993
791 9
791 40
791 71
791 106
791 108
791 265
791 581
791 628
791 739
791 899
791 903
792 2
792 27
792 123
792 306
792 350
792 471
792 577
792 641
792 696
792 704
792 773
792 790
792 997
793 9
793 111
793 171
793 300
793 307
793 318
793 684
793 815
793 868
793 969
793 984
794 19
794 78
794 248
794 256
794 333
794 349
794 440
794 467
794 643
794 658
795 94
795 124
795 204
795 214
795 246
795 273
795 434
795 438
795 633
795 697
795 770
795 824
796 1
796 21
796 194
796 222
796 242
796 367
796 479
796 480
796 530
796 588
796 732
796 806
797 36
797 131
797 246
797 302
797 414
797 470
797 488
797 501
797 543
797 590
797 684
797 826
797 856
797 858
798 168
798 226
798 266
798 267
798 322
798 474
798 696
798 927
799 43
799 90
799 120
799 188
799 445
799 477
799 885
800 9
800 241
800 280
800 287
800 622
800 843
800 863
800 893
801 98
801 114
801 149
801 372
801 461
801 617
801 629
801 633
801 686
801 752
801 814
801 878
802 285
802 376
802 476
802 477
802 519
802 584
802 636
802 709
802 759
802 774
802 870
802 983
803 37
803 53
803 151
803 226
803 322
803 324
803 350
803 367
803 370
803 377
803 422
803 526
803 602
803 697
803 871
803 918
803 953
803 985
804 234
804 267
804 272
804 316
804 341
804 395
804 445
804 462
804 476
804 531
804 551
804 559
804 721
804 918
805 2
805 251
805 291
805 484
805 595
805 605
805 817
806 201
806 288
806 290
806 354
806 518
806 564
806 609
806 613
806 827
806 848
807 213
807 284
807 289
807 313
807 755
808 86
808 92
808 220
808 429
808 533
808 536
808 540
808 605
808 697
808 944
809 29
809 229
809 305
809 378
809 483
809 615
809 725
809 777
809 979
810 39
810 51
810 84
810 143
810 176
810 227
810 704
810 787
810 793
810 801
810 859
810 947
811 641
811 844
811 905
812 55
812 221
812 245
812 351
812 471
812 472
812 602
812 700
812 751
812 879
812 888
813 49
813 108
813 389
813 448
813 460
813 478
813 484
813 617
813 762
813 777
814 54
814 149
814 258
814 448
814 480
814 514
814 532
814 831
814 874
814 885
814 909
814 914
815 169
815 179
815 269
815 271
815 361
815 799
815 822
815 891
815 936
816 68
816 101
816 120
816 360
816 451
816 648
816 661
816 754
816 995
817 95
817 171
817 195
817 201
817 216
817 260
817 364
817 547
817 644
817 753
817 794
817 805
817 925
817 967
818 33
818 190
818 244
818 659
818 691
818 747
818 823
818 866
818 996
819 192
819 415
819 430
819 509
819 547
819 558
819 675
819 689
819 773
819 827
819 835
820 4
820 361
820 499
820 586
820 630
820 696
820 742
820 785
820 911
820 996
821 76
821 87
821 89
821 495
821 523
821 529
821 614
821 812
822 13
822 53
822 141
822 187
822 412
822 429
822 469
822 500
822 652
822 725
822 758
822 763
822 883
822 935
823 34
823 194
823 219
823 408
823 641
823 649
823 742
823 803
823 882
823 929
824 15
824 140
824 272
824 294
824 370
824 421
824 518
824 712
824 969
825 55
825 100
825 159
825 287
825 310
825 329
825 353
825 399
825 428
825 439
825 522
825 543
825 591
825 594
825 641
825 780
825 810
825 848
825 960
826 42
826 209
826 304
826 306
826 434
826 578
826 699
826 814
826 867
827 251
827 379
827 509
827 601
827 691
827 702
827 726
827 751
827 896
827 928
828 39
828 132
828 271
828 284
828 325
828 337
828 402
828 506
828 556
828 576
828 617
828 761
828 803
828 964
828 977
828 979
829 15
829 34
829 109
829 130
829 256
829 278
829 310
829 426
829 475
829 544
829 626
829 758
829 897
830 238
830 270
830 360
830 460
830 571
830 622
830 672
830 699
830 783
830 809
830 878
830 964
831 60
831 91
831 196
831 230
831 309
831 470
831 508
831 513
831 693
831 758
831 979
831 986
831 995
832 122
832 198
832 253
832 277
832 305
832 411
832 555
832 682
832 780
832 844
832 900
833 7
833 133
833 136
833 141
833 165
833 239
833 481
833 537
833 710
833 810
834 28
834 140
834 177
834 338
834 359
834 503
834 672
834 752
834 922
835 13
835 90
835 198
835 221
835 416
835 443
835 491
835 574
835 584
835 631
835 859
835 861
835 987
836 75
836 131
836 132
836 143
836 250
836 408
836 528
836 785
836 809
836 952
837 76
837 128
837 220
837 471
837 492
837 545
837 865
838 33
838 201
838 426
838 545
838 678
838 751
838 792
838 839
838 999
839 126
839 296
839 345
839 595
839 638
839 893
840 395
840 725
840 738
840 789
840 854
840 922
840 925
840 933
841 88
841 132
841 296
841 309
841 382
841 429
841 450
841 455
841 557
841 820
841 881
841 908
841 981
842 77
842 198
842 228
842 373
842 407
842 456
842 614
842 801
843 104
843 415
843 460
843 834
843 886
844 13
844 34
844 203
844 335
844 425
844 655
844 840
844 842
844 874
844 914
844 916
845 23
845 115
845 118
845 142
845 157
845 330
845 346
845 554
845 561
845 766
845 835
845 891
845 940
846 62
846 170
846 495
846 496
846 504
846 642
846 664
846 826
846 844
846 919
846 955
847 3
847 83
847 196
847 209
847 290
847 311
847 340
847 445
847 550
847 584
847 784
848 100
848 124
848 233
848 562
848 573
848 616
848 793
848 820
848 838
848 972
849 142
849 175
849 188
849 239
849 244
849 635
849 658
849 681
849 742
849 783
849 886
850 132
850 438
850 477
850 633
850 670
851 52
851 181
851 270
851 292
851 314
851 393
851 396
851 423
851 432
851 563
851 774
851 928
852 13
852 18
852 206
852 222
852 244
852 300
852 338
852 479
852 554
852 670
852 741
853 138
853 159
853 202
853 464
853 537
853 558
853 665
853 904
853 987
854 76
854 110
854 156
854 308
854 324
854 402
854 847
854 907
855 39
855 263
855 335
855 343
855 450
855 665
855 677
855 944
856 334
856 420
856 589
856 674
856 932
857 99
857 143
857 485
857 506
857 618
857 958
857 987
858 95
858 145
858 170
858 242
858 347
858 381
858 675
858 751
858 862
859 63
859 70
859 114
859 267
859 290
859 379
859 439
859 578
859 653
859 791
859 888
860 101
860 129
860 184
860 287
860 421
860 581
860 597
860 676
860 705
860 996
861 20
861 95
861 202
861 259
861 357
861 402
861 470
861 540
861 609
861 641
861 664
861 759
861 838
861 947
862 169
862 207
862 458
862 611
862 672
862 699
862 755
862 761
862 897
862 937
863 50
863 53
863 118
863 135
863 183
863 241
863 415
863 517
863 523
863 547
863 607
863 615
863 623
863 675
863 698
863 824
863 949
863 964
863 988
864 194
864 240
864 509
864 560
864 603
864 823
864 828
864 907
864 960
864 964
864 976
865 46
865 254
865 333
865 415
865 423
865 541
866 102
866 144
866 290
866 525
866 567
866 655
866 751
866 759
866 818
866 835
866 919
866 989
867 8
867 122
867 173
867 277
867 350
867 535
867 554
867 703
867 852
867 924
868 52
868 57
868 61
868 268
868 386
868 423
868 435
868 787
868 831
868 832
868 837
868 923
869 9
869 96
869 229
869 240
869 392
869 526
869 638
869 690
869 827
869 834
869 874
869 995
870 20
870 131
870 306
870 321
870 387
870 405
870 515
870 530
870 564
870 734
870 869
870 950
870 963
871 402
871 505
871 531
871 614
871 889
871 921
871 935
872 113
872 132
872 321
872 359
872 374
872 390
872 483
872 511
872 638
872 686
872 854
872 974
873 63
873 140
873 299
873 458
873 888
873 922
874 39
874 105
874 143
874 166
874 256
874 312
874 346
874 465
874 519
874 543
874 560
874 568
874 639
874 777
875 150
875 557
875 590
875 729
875 788
875 848
875 872
876 25
876 68
876 132
876 195
876 244
876 456
876 853
876 945
876 947
877 135
877 160
877 580
877 626
877 745
877 827
877 950
877 983
878 18
878 80
878 171
878 179
878 251
878 311
878 413
878 484
878 518
878 529
878 564
878 572
878 576
878 621
878 641
878 647
878 710
878 778
878 841
878 927
878 971
879 12
879 111
879 141
879 142
879 582
879 597
879 636
879 790
879 922
880 46
880 64
880 73
880 431
880 472
880 649
880 665
880 820
881 54
881 102
881 825
881 932
881 973
882 137
882 526
882 571
882 589
882 943
882 956
883 93
883 133
883 144
883 181
883 688
883 734
883 850
883 859
883 945
883 994
884 67
884 212
884 256
884 337
884 565
884 640
884 676
884 834
884 836
885 2
885 49
885 472
885 477
885 588
885 671
885 686
885 769
885 958
886 167
886 322
886 418
886 615
886 632
886 826
886 828
886 871
886 879
886 933
886 953
886 961
886 963
887 22
887 222
887 413
887 498
887 541
887 614
887 677
887 715
887 735
887 789
887 992
888 67
888 68
888 82
888 114
888 131
888 169
888 611
888 620
888 674
888 690
888 711
889 77
889 106
889 140
889 195
889 589
889 612
889 892
889 902
889 998
890 49
890 55
890 234
890 240
890 368
890 559
890 564
890 594
890 799
890 867
890 893
890 993
891 16
891 121
891 290
891 304
891 370
891 379
891 488
891 618
891 707
891 716
891 732
891 820
891 838
891 898
892 54
892 158
892 353
892 449
892 676
892 896
893 0
893 69
893 80
893 127
893 155
893 240
893 251
893 329
893 475
893 485
893 487
893 523
893 576
893 739
893 864
893 886
893 910
893 976
894 20
894 185
894 299
894 405
894 559
894 615
894 655
894 814
894 839
894 892
894 914
895 163
895 178
895 325
895 421
895 635
895 705
895 829
895 888
895 934
895 993
896 60
896 190
896 222
896 229
896 357
896 452
896 471
896 587
896 866
896 930
897 91
897 189
897 219
897 239
897 278
897 358
897 459
897 461
897 576
897 629
897 630
897 875
897 887
897 927
897 935
897 945
897 970
897 980
897 998
898 121
898 161
898 198
898 217
898 240
898 246
898 275
898 348
898 462
898 584
898 798
899 94
899 273
899 375
899 377
899 532
899 616
899 644
899 797
900 417
900 561
900 658
900 739
900 772
900 782
900 985
901 103
901 108
901 116
901 192
901 288
901 397
902 387
902 678
902 698
902 728
902 777
902 900
902 930
902 998
903 3
903 67
903 245
903 552
903 555
903 633
903 637
903 806
903 920
904 97
904 100
904 128
904 130
904 253
904 265
904 385
904 482
904 667
904 693
904 760
904 894
904 905
905 186
905 207
905 403
905 655
905 931
906 112
906 167
906 318
906 365
906 371
906 420
906 429
906 436
906 520
906 715
906 774
906 784
906 911
907 28
907 116
907 260
907 642
907 668
907 716
907 738
907 977
908 171
908 179
908 197
908 198
908 219
908 261
908 265
908 596
908 650
908 739
908 836
908 995
909 93
909 144
909 303
909 363
909 598
909 768
909 952
909 998
910 54
910 162
910 369
910 470
910 480
910 524
910 651
910 696
910 720
910 770
910 855
910 915
910 950
910 957
911 66
911 85
911 145
911 185
911 251
911 287
911 342
911 402
911 763
911 840
911 881
911 994
912 14
912 107
912 160
912 228
912 312
912 340
912 523
912 724
912 822
912 865
912 897
912 934
913 19
913 153
913 228
913 346
913 469
913 864
913 944
914 257
914 269
914 302
914 427
914 454
914 477
914 478
914 550
914 639
914 748
914 911
914 928
914 939
914 944
915 38
915 99
915 154
915 431
915 479
915 495
915 672
915 770
915 803
915 879
915 923
915 968
916 37
916 66
916 76
916 83
916 87
916 117
916 266
916 415
916 416
916 538
916 829
916 852
916 921
916 930
917 19
917 132
917 263
917 283
917 360
917 470
917 537
917 575
917 603
917 680
917 735
917 753
917 865
917 943
918 93
918 123
918 588
918 704
918 713
918 781
918 820
918 879
918 929
918 991
919 21
919 90
919 148
919 189
919 456
919 504
919 678
919 819
919 848
919 904
919 910
919 948
920 0
920 241
920 397
920 414
920 449
920 468
920 492
920 696
920 982
920 994
921 144
921 172
921 326
921 359
921 503
921 611
921 618
921 685
921 731
922 61
922 66
922 288
922 370
922 549
922 565
922 667
922 698
922 800
923 137
923 156
923 335
923 341
923 367
923 383
923 449
923 488
923 636
923 814
923 924
923 935
924 101
924 106
924 235
924 247
924 272
924 342
924 497
924 502
924 613
924 871
924 997
925 136
925 180
925 191
925 203
925 396
925 530
925 636
925 798
926 286
926 478
926 481
926 538
926 574
926 610
926 735
926 808
926 865
926 927
926 996
927 47
927 305
927 496
927 834
927 987
928 73
928 96
928 284
928 379
928 489
928 620
928 644
928 719
929 11
929 312
929 379
929 454
929 474
929 503
929 996
930 0
930 24
930 117
930 250
930 281
930 349
930 589
930 734
930 975
931 164
931 240
931 298
931 339
931 441
931 955
932 312
932 510
932 752
933 25
933 44
933 83
933 205
933 206
933 325
933 472
933 582
933 934
934 285
934 396
934 470
934 477
934 785
934 965
935 8
935 26
935 86
935 95
935 137
935 206
935 312
935 425
935 536
935 659
935 726
935 845
935 848
936 9
936 498
936 703
936 843
936 895
936 918
936 961
937 42
937 127
937 187
937 196
937 204
937 317
937 371
937 448
937 498
937 528
937 540
937 579
937 589
937 644
937 646
937 689
937 800
937 864
938 54
938 229
938 391
938 404
938 407
938 483
938 489
938 507
938 598
938 960
939 154
939 276
939 412
939 459
939 548
939 671
939 837
939 917
940 30
940 66
940 181
940 671
940 697
940 863
941 259
941 338
941 345
941 394
941 420
941 445
941 456
941 475
941 716
941 723
941 784
941 888
941 916
942 86
942 332
942 404
942 410
942 535
942 595
942 692
943 50
943 208
943 256
943 278
943 292
943 413
943 416
943 630
943 680
943 736
943 760
943 768
943 867
943 928
944 51
944 104
944 169
944 174
944 225
944 553
944 722
944 733
945 38
945 180
945 194
945 251
945 616
945 652
945 661
945 781
945 952
945 959
945 994
946 130
946 202
946 235
946 265
946 321
946 336
946 451
946 505
946 593
946 614
946 771
946 911
946 967
947 13
947 44
947 157
947 212
947 245
947 276
947 285
947 310
947 349
947 796
947 812
947 816
947 895
947 898
947 945
948 26
948 73
948 688
948 936
949 333
949 359
949 509
949 927
950 16
950 36
950 178
950 208
950 335
950 351
950 499
950 591
950 607
950 630
950 642
950 704
950 706
950 726
950 808
951 22
951 52
951 229
951 338
951 463
951 494
951 786
951 819
951 855
951 933
952 240
952 390
952 444
952 457
952 576
952 606
952 893
952 940
953 88
953 99
953 249
953 253
953 294
953 332
953 436
953 471
953 543
953 564
953 565
953 651
953 978
954 104
954 180
954 787
954 850
954 914
955 140
955 180
955 214
955 230
955 608
955 680
955 853
955 897
955 905
956 70
956 174
956 301
956 317
956 357
956 378
956 453
956 508
956 604
956 808
957 2
957 54
957 129
957 384
957 594
957 712
957 724
957 784
957 815
957 958
958 63
958 162
958 263
958 306
958 489
958 692
958 869
958 911
958 955
959 100
959 320
959 563
959 568
959 652
959 657
959 722
959 760
959 895
960 6
960 96
960 103
960 166
960 302
960 407
960 485
960 624
960 894
960 938
961 27
961 158
961 182
961 428
961 475
961 552
961 608
961 987
962 103
962 181
962 375
962 415
962 523
962 731
962 789
962 957
963 180
963 217
963 242
963 478
963 659
963 684
963 933
964 11
964 304
964 370
964 627
964 716
964 725
964 742
964 748
965 19
965 114
965 298
965 321
965 391
965 437
965 475
965 505
965 611
965 614
965 846
965 942
966 35
966 156
966 213
966 328
966 588
966 632
966 807
966 850
966 950
967 79
967 132
967 148
967 155
967 159
967 179
967 232
967 244
967 246
967 279
967 350
967 352
967 405
967 597
967 740
967 962
968 63
968 94
968 203
968 405
968 439
968 469
968 496
968 657
968 713
968 724
968 825
969 123
969 347
969 413
969 464
969 799
969 833
969 926
969 989
970 73
970 89
970 98
970 432
970 479
970 493
970 765
970 823
970 884
970 891
971 76
971 79
971 456
971 463
971 476
971 767
972 278
972 315
972 361
972 440
972 951
973 226
973 491
973 854
974 18
974 49
974 76
974 111
974 126
974 248
974 311
974 316
974 441
974 596
974 776
974 943
974 996
975 152
975 298
975 339
975 353
975 503
975 543
975 558
975 570
975 643
975 752
975 764
975 932
976 163
976 352
976 414
976 438
976 473
976 521
976 709
976 822
976 831
976 948
977 210
977 238
977 352
977 361
977 440
977 596
977 635
977 780
978 108
978 272
978 304
978 376
978 466
978 467
978 577
978 922
979 112
979 195
979 342
979 437
979 745
979 879
979 985
980 228
980 342
980 346
980 352
980 388
980 428
980 485
980 517
980 629
980 685
980 725
981 128
981 134
981 162
981 372
981 657
981 761
981 790
982 59
982 107
982 138
982 328
982 394
982 410
982 411
982 546
982 627
982 631
982 672
982 693
982 853
982 894
982 937
982 985
982 992
983 59
983 145
983 308
983 443
983 485
983 510
983 544
983 632
983 743
983 926
983 946
983 980
983 991
984 76
984 93
984 125
984 130
984 167
984 270
984 342
984 522
984 744
984 778
984 860
984 938
985 93
985 194
985 358
985 409
985 411
985 483
985 492
985 686
985 696
985 763
985 781
985 832
985 915
986 65
986 206
986 497
986 510
986 633
986 686
986 761
986 837
986 946
987 108
987 208
987 312
987 355
987 671
987 861
987 926
988 170
988 206
988 220
988 299
988 319
988 556
988 591
988 613
988 720
989 27
989 35
989 465
989 619
989 631
990 17
990 20
990 85
990 121
990 123
990 129
990 221
990 245
990 408
990 420
990 442
990 460
990 568
990 760
990 768
990 933
991 82
991 160
991 201
991 292
991 296
991 368
991 411
991 558
991 568
991 820
992 88
992 161
992 182
992 186
992 215
992 256
992 349
992 485
992 569
992 577
992 788
992 812
992 867
992 952
992 953
992 974
992 985
993 94
993 141
993 143
993 466
993 518
993 655
993 717
993 828
993 939
993 989
994 27
994 374
994 705
994 853
994 963
994 981
995 12
995 181
995 399
995 436
995 542
995 564
995 617
995 654
995 865
996 279
996 349
996 465
996 762
996 819
996 893
997 344
997 699
997 788
997 829
998 30
998 52
998 166
998 195
998 274
998 286
998 314
998 361
998 369
998 372
998 461
998 595
998 621
999 189
999 394
999 704
999 726
999 743
999 865
999 885
