0 21
0 125
0 189
0 281
0 341
0 382
0 426
0 605
0 690
0 786
0 836
1 25
1 49
1 154
1 276
1 312
1 369
1 378
1 737
1 752
1 811
1 869
2 149
2 151
2 419
2 730
3 317
3 395
3 880
3 884
4 6
4 68
4 131
4 499
4 557
4 608
4 666
4 703
4 708
4 885
4 938
5 61
5 135
5 193
5 354
5 550
5 795
5 857
5 934
5 982
6 84
6 111
6 149
6 249
6 306
6 316
6 367
6 414
6 529
6 573
6 629
6 757
6 764
6 853
6 858
6 887
6 891
6 995
7 115
7 142
7 345
7 383
7 435
7 641
7 676
7 686
8 26
8 70
8 109
8 296
8 315
8 350
8 803
8 879
8 890
8 913
8 956
9 89
9 132
9 142
9 202
9 205
9 273
9 470
9 558
9 559
9 595
9 628
9 792
9 837
9 876
9 878
9 906
9 963
9 964
9 993
10 47
10 49
10 65
10 203
10 259
10 416
10 636
10 652
10 691
10 745
10 819
10 944
10 950
11 148
11 179
11 285
11 397
11 642
11 714
11 783
11 851
11 971
11 989
11 992
12 139
12 392
12 435
12 570
12 740
13 32
13 167
13 301
13 545
13 662
13 706
13 734
13 855
14 90
14 222
14 257
14 705
14 758
14 824
14 838
14 865
14 975
15 13
15 17
15 52
15 116
15 135
15 336
15 451
15 568
15 722
15 973
16 118
16 216
16 261
16 546
16 570
16 708
16 860
16 873
16 962
17 50
17 345
17 419
17 695
17 764
17 855
18 84
18 98
18 104
18 342
18 365
18 475
18 499
18 526
18 569
18 602
18 670
18 727
18 778
18 795
18 887
19 75
19 100
19 139
19 308
19 431
19 440
19 451
19 532
19 623
19 804
19 884
20 157
20 211
20 217
20 418
20 435
20 519
20 607
20 679
20 709
20 792
20 878
20 928
21 106
21 229
21 358
21 360
21 456
21 545
21 698
21 701
21 801
21 910
21 971
22 248
22 395
22 409
22 698
22 985
23 76
23 96
23 204
23 227
23 239
23 338
23 366
23 374
23 505
23 541
23 577
23 815
23 843
23 945
23 951
23 972
24 4
24 106
24 456
24 491
24 517
24 674
24 779
24 916
25 123
25 143
25 179
25 265
25 296
25 352
25 695
25 727
25 820
25 862
25 886
26 196
26 218
26 241
26 392
26 544
26 553
26 571
26 576
26 582
26 685
26 692
26 737
26 777
26 839
26 860
26 875
26 887
26 890
27 172
27 235
27 242
27 256
27 636
27 647
27 681
27 831
28 25
28 62
28 226
28 233
28 446
28 461
28 619
28 669
28 701
28 715
28 836
29 82
29 185
29 229
29 356
29 720
29 892
29 908
30 90
30 159
30 395
30 468
30 593
30 619
30 770
30 994
31 68
31 82
31 258
31 284
31 304
31 444
31 458
31 586
31 679
31 758
31 780
31 969
32 26
32 184
32 418
32 546
32 706
32 918
32 920
32 934
33 140
33 260
33 356
33 819
34 241
34 334
34 416
34 524
34 535
34 561
34 641
34 677
34 787
34 847
34 950
35 51
35 195
35 241
35 303
35 412
35 436
35 487
35 526
35 528
35 558
35 614
35 621
35 659
35 680
35 799
35 865
35 874
35 999
36 237
36 241
36 551
36 583
36 595
36 662
36 864
37 218
37 241
37 249
37 410
37 445
37 571
37 642
37 669
37 722
37 792
37 908
38 147
38 413
38 455
38 640
38 756
38 963
39 147
39 177
39 245
39 312
39 423
39 429
39 442
39 537
39 553
39 794
39 820
40 146
40 181
40 376
40 402
40 438
40 555
40 737
40 835
40 992
41 20
41 51
41 59
41 82
41 468
41 702
41 715
41 804
42 26
42 82
42 219
42 402
42 547
42 608
42 640
42 667
42 780
42 819
42 830
42 976
43 76
43 483
43 510
43 569
43 709
43 771
43 845
43 882
43 978
44 100
44 113
44 149
44 225
44 354
44 486
44 537
44 694
44 758
44 960
44 966
44 971
45 23
45 235
45 363
45 456
45 486
45 513
45 614
45 691
45 724
45 735
45 967
46 2
46 12
46 79
46 120
46 133
46 203
46 263
46 321
46 598
46 600
46 692
46 769
46 823
46 985
47 120
47 157
47 166
47 435
47 937
48 259
48 284
48 459
48 511
48 517
48 588
48 605
48 607
48 637
48 788
48 803
48 837
48 842
48 975
49 17
49 227
49 407
49 478
49 492
49 522
49 812
49 934
49 969
50 3
50 171
50 287
50 407
50 454
50 645
50 851
50 872
51 104
51 206
51 213
51 313
51 323
51 464
51 733
51 782
51 826
51 885
51 897
52 41
52 134
52 369
52 512
52 593
52 719
52 835
53 2
53 63
53 455
53 515
53 535
53 663
53 803
53 912
53 955
53 981
54 139
54 185
54 231
54 471
54 507
54 790
54 995
55 0
55 20
55 146
55 763
55 986
56 37
56 208
56 437
56 506
56 683
56 895
57 29
57 256
57 493
57 556
57 578
57 845
57 856
57 866
57 926
58 64
58 124
58 188
58 336
58 462
58 516
58 617
58 757
58 816
59 7
59 20
59 131
59 388
59 452
59 672
59 721
59 907
59 915
59 934
60 57
60 94
60 288
60 345
60 935
60 942
61 73
61 174
61 238
61 249
61 273
61 327
61 718
61 855
61 873
61 886
62 216
62 277
62 360
62 377
62 423
62 602
62 701
62 726
62 737
62 923
62 935
62 954
62 969
63 11
63 52
63 126
63 157
63 329
63 369
63 513
63 696
63 702
63 721
63 806
63 893
64 71
64 72
64 172
64 284
64 329
64 437
64 572
64 608
64 617
64 647
64 654
64 675
64 769
64 812
64 907
64 930
65 49
65 258
65 476
65 549
65 562
65 588
65 725
65 841
65 868
65 896
65 912
65 934
65 962
65 995
66 75
66 93
66 94
66 313
66 505
66 553
66 590
66 696
67 394
67 417
67 432
67 472
67 492
67 512
67 699
67 758
67 843
67 918
67 982
68 7
68 225
68 333
68 348
68 913
69 167
69 206
69 300
69 382
69 480
69 541
69 547
69 559
69 642
69 712
69 755
69 893
70 116
70 166
70 212
70 279
70 457
70 779
70 943
70 980
71 104
71 115
71 250
71 462
71 568
71 569
71 782
71 821
71 863
71 966
72 15
72 16
72 218
72 346
72 578
72 641
72 690
72 722
73 42
73 350
73 551
73 607
73 643
73 815
73 923
74 355
74 410
74 474
74 491
74 550
74 557
74 664
74 912
74 943
75 90
75 130
75 135
75 195
75 219
75 399
75 605
75 724
75 738
75 793
75 858
75 863
76 64
76 376
76 426
76 627
76 716
76 734
76 952
76 982
77 36
77 160
77 187
77 206
77 228
77 470
77 747
78 59
78 60
78 138
78 181
78 184
78 281
78 398
78 505
78 593
78 692
78 736
79 35
79 45
79 86
79 155
79 350
79 399
79 582
79 686
79 707
79 746
79 849
79 911
79 977
80 180
80 205
80 247
80 290
80 517
80 674
80 711
80 744
80 840
80 870
80 968
80 969
81 65
81 92
81 148
81 153
81 434
81 543
81 591
81 633
81 660
81 673
81 699
81 993
82 238
82 417
82 449
82 480
82 493
82 527
82 577
82 593
82 641
82 734
82 739
82 743
82 754
82 849
82 919
82 922
83 104
83 163
83 212
83 238
83 438
83 520
83 588
83 628
83 654
83 727
83 858
83 961
83 977
84 30
84 140
84 212
84 224
84 242
84 754
84 881
85 367
85 426
85 504
85 721
85 771
85 875
85 999
86 133
86 344
86 662
86 685
86 865
86 940
86 966
87 113
87 121
87 587
87 755
87 967
88 45
88 77
88 292
88 425
88 564
88 678
88 745
88 772
88 960
88 973
88 983
89 39
89 85
89 164
89 203
89 212
89 213
89 243
89 256
89 365
89 421
89 492
89 807
90 193
90 533
90 582
90 609
90 728
90 833
90 842
90 949
91 24
91 81
91 98
91 118
91 176
91 322
91 395
91 446
91 522
91 567
91 583
91 594
91 620
91 702
91 723
91 743
91 982
91 998
92 90
92 231
92 310
92 330
92 361
92 626
92 663
92 717
92 718
92 748
92 916
92 974
93 191
93 199
93 301
93 389
93 425
93 538
93 601
93 804
93 903
93 991
94 37
94 166
94 205
94 215
94 251
94 284
94 285
94 293
94 498
94 517
94 521
94 644
94 877
94 921
95 27
95 35
95 208
95 224
95 250
95 322
95 348
95 396
95 474
95 478
95 491
95 533
95 662
95 948
96 71
96 164
96 189
96 222
96 247
96 307
96 389
96 539
96 571
96 606
96 839
96 845
96 997
97 11
97 54
97 159
97 208
97 386
97 595
97 735
97 838
98 1
98 6
98 165
98 222
98 286
98 345
98 406
98 516
98 579
98 604
99 0
99 57
99 93
99 94
99 113
99 251
99 351
99 364
99 568
99 599
99 739
99 779
99 780
100 19
100 117
100 137
100 209
100 331
100 439
100 451
100 460
100 708
100 837
100 918
101 46
101 88
101 145
101 233
101 262
101 298
101 349
101 425
101 431
101 548
101 802
101 879
101 881
101 987
102 41
102 117
102 145
102 171
102 257
102 321
102 499
102 700
102 896
103 51
103 160
103 171
103 293
103 399
103 453
103 603
103 609
103 728
103 869
103 959
103 998
104 111
104 222
104 224
104 265
104 300
104 341
104 370
104 401
104 531
104 541
104 956
105 68
105 115
105 146
105 147
105 419
105 495
105 508
105 510
105 757
105 763
106 364
106 397
106 507
106 602
106 625
106 649
106 828
106 830
106 891
106 895
106 955
106 991
107 75
107 98
107 100
107 220
107 243
107 384
107 445
107 508
107 648
107 661
107 672
107 689
107 700
107 749
107 890
107 891
107 930
108 230
108 333
108 374
108 518
108 554
108 599
108 890
109 2
109 4
109 167
109 379
109 431
109 486
109 532
109 608
109 756
110 105
110 134
110 303
110 314
110 503
110 587
110 665
110 758
110 825
110 828
110 900
110 909
111 101
111 185
111 207
111 222
111 261
111 450
111 495
111 531
111 534
111 554
111 606
111 681
111 683
111 821
111 904
111 945
111 995
112 178
112 299
112 360
112 395
112 510
112 543
112 549
112 929
113 226
113 389
113 399
113 400
113 424
113 456
113 457
113 555
113 635
113 829
113 885
114 108
114 150
114 187
114 257
114 340
114 362
114 407
114 498
114 518
114 533
114 573
115 17
115 88
115 168
115 175
115 247
115 298
115 344
115 609
115 854
115 973
116 108
116 219
116 532
116 664
116 762
116 841
116 976
117 280
117 361
117 444
117 535
117 601
117 609
117 732
117 768
117 882
117 963
118 35
118 307
118 382
118 427
118 436
118 442
118 562
118 578
118 699
118 759
118 776
118 886
118 895
118 924
118 981
118 988
119 13
119 48
119 240
119 397
119 425
119 767
119 776
119 801
119 881
120 151
120 394
120 608
120 793
120 874
121 108
121 171
121 210
121 234
121 262
121 270
121 432
121 510
121 534
121 814
122 8
122 44
122 267
122 302
122 319
122 352
122 360
122 401
122 466
122 560
122 612
122 740
122 908
122 995
123 73
123 74
123 162
123 432
123 551
123 591
123 736
123 793
123 879
124 140
124 230
124 242
124 263
124 347
124 654
124 709
124 803
124 812
125 48
125 122
125 155
125 212
125 408
125 410
125 419
125 507
125 510
125 635
125 656
125 723
125 772
125 872
125 929
125 952
126 14
126 189
126 368
126 840
126 890
126 906
126 978
127 40
127 280
127 450
127 464
127 527
127 596
127 777
127 787
127 801
127 939
128 142
128 316
128 330
128 586
128 595
128 610
128 776
128 916
128 957
129 56
129 179
129 276
129 419
129 430
129 509
129 512
129 645
130 21
130 156
130 241
130 248
130 663
130 751
130 753
130 945
131 38
131 511
131 548
131 581
131 638
131 656
131 705
131 723
131 742
131 789
131 791
131 856
132 58
132 417
132 446
132 450
132 571
132 660
132 664
132 703
132 883
132 913
132 933
133 59
133 67
133 142
133 175
133 367
133 423
133 429
133 763
133 930
134 240
134 258
134 269
134 275
134 300
134 472
134 881
134 979
135 11
135 119
135 257
135 278
135 318
135 406
135 678
135 712
135 729
135 750
135 768
135 851
135 874
136 23
136 98
136 220
136 479
136 510
136 574
136 693
136 829
137 70
137 201
137 226
137 275
137 506
137 513
137 515
137 584
137 657
137 700
137 784
137 831
137 940
138 168
138 216
138 270
138 358
138 434
138 444
138 588
138 600
138 669
139 27
139 37
139 294
139 359
139 380
140 80
140 181
140 227
140 289
140 344
140 356
140 451
140 718
141 53
141 148
141 448
141 461
141 707
141 708
141 746
141 812
141 889
141 951
142 52
142 194
142 228
142 239
142 311
142 372
142 426
142 504
142 540
142 541
142 610
142 696
142 701
142 958
142 960
142 984
143 11
143 146
143 173
143 667
143 822
143 872
143 972
143 992
144 268
144 282
144 575
144 795
144 840
144 942
144 956
145 38
145 89
145 121
145 176
145 248
145 496
145 589
145 630
145 708
145 905
146 162
146 304
146 348
146 365
146 383
146 505
146 572
146 592
146 603
146 668
146 744
146 753
147 105
147 124
147 224
147 305
147 312
147 317
147 392
147 465
147 549
147 554
147 704
147 742
147 819
147 879
147 888
147 936
147 995
148 85
148 200
148 217
148 342
148 358
148 413
148 496
148 519
148 561
148 880
148 916
148 939
149 92
149 152
149 281
149 292
149 479
149 519
149 571
149 764
149 947
150 84
150 90
150 121
150 298
150 334
150 582
150 618
150 623
150 755
150 787
150 827
151 63
151 176
151 262
151 265
151 292
151 455
151 473
151 716
151 937
151 992
152 10
152 92
152 218
152 554
152 559
152 673
152 723
152 777
152 792
152 853
152 862
152 962
153 131
153 137
153 317
153 349
153 419
153 432
153 467
153 473
153 544
153 637
153 672
153 725
154 7
154 25
154 160
154 182
154 542
154 730
154 803
154 894
154 952
155 135
155 140
155 284
155 300
155 501
155 578
155 612
155 715
155 899
156 96
156 128
156 307
156 314
156 645
156 713
156 729
156 769
156 797
156 894
156 914
156 984
157 65
157 324
157 371
157 537
157 619
157 629
157 649
158 625
158 637
158 802
158 804
159 154
159 265
159 463
159 777
159 860
159 991
160 125
160 244
160 266
160 366
160 581
160 675
160 822
160 987
160 993
161 102
161 229
161 373
161 443
161 558
161 600
161 666
161 761
161 951
162 85
162 107
162 147
162 285
162 482
162 503
162 504
162 697
162 722
162 790
162 966
162 996
163 31
163 74
163 141
163 238
163 256
163 363
163 453
163 475
163 496
163 512
163 539
163 601
163 660
163 661
163 757
163 937
164 150
164 303
164 307
164 308
164 457
164 488
164 550
164 560
164 854
164 881
164 899
164 922
165 8
165 34
165 65
165 72
165 163
165 210
165 315
165 525
165 547
165 704
165 707
165 818
165 927
166 26
166 172
166 184
166 198
166 229
166 247
166 284
166 297
166 657
166 660
166 720
166 785
166 823
167 27
167 43
167 136
167 152
167 190
167 305
167 321
167 376
167 423
167 527
167 571
167 583
167 761
167 796
167 859
167 964
168 10
168 160
168 212
168 263
168 268
168 576
168 589
168 655
168 724
168 767
168 980
169 320
169 399
169 462
169 491
169 557
169 565
169 786
169 797
169 865
170 79
170 298
170 326
170 644
170 686
170 700
170 719
170 818
170 850
170 955
170 959
171 47
171 48
171 109
171 201
171 268
171 269
171 293
171 351
171 437
171 461
171 492
171 525
171 796
171 913
172 105
172 210
172 399
172 405
172 496
172 534
172 824
172 881
172 885
172 912
173 9
173 10
173 73
173 114
173 234
173 250
173 570
173 723
173 789
173 824
174 36
174 161
174 228
174 246
174 439
174 464
174 847
174 866
174 933
174 960
174 966
175 67
175 68
175 154
175 198
175 295
175 306
175 413
175 454
175 513
175 601
175 670
175 673
175 830
175 937
176 337
176 383
176 412
176 523
176 529
176 640
176 751
176 841
176 919
176 961
176 988
177 6
177 87
177 109
177 119
177 272
177 360
177 495
177 638
177 692
177 706
177 741
177 745
177 772
177 848
177 990
178 25
178 147
178 214
178 220
178 472
178 768
178 775
178 995
179 144
179 224
179 264
179 278
179 340
179 377
179 527
179 787
179 868
179 995
180 90
180 118
180 150
180 191
180 213
180 321
180 380
180 416
180 551
180 562
180 640
180 642
180 711
180 773
180 815
180 851
180 865
180 945
180 949
181 19
181 394
181 468
181 492
181 510
181 634
181 642
181 668
181 690
181 952
182 16
182 59
182 115
182 138
182 197
182 373
182 413
182 465
182 556
182 645
182 727
182 769
182 772
182 796
182 886
183 10
183 56
183 84
183 279
183 389
183 410
183 430
183 469
183 485
183 628
183 650
183 656
183 754
184 286
184 355
184 449
184 491
184 653
184 711
184 863
184 985
184 995
185 453
185 513
185 546
185 572
185 748
185 857
186 35
186 204
186 223
186 237
186 279
186 316
186 394
186 605
186 623
186 626
186 728
186 762
186 861
187 250
187 390
187 504
187 602
187 726
187 822
187 861
187 894
187 954
188 587
188 623
188 693
188 755
188 892
189 466
189 552
189 619
189 925
190 105
190 209
190 307
190 367
190 381
190 387
190 425
190 441
190 565
190 603
190 648
190 738
190 761
190 844
190 968
191 5
191 12
191 96
191 221
191 395
191 510
191 526
191 793
191 811
191 952
191 981
192 12
192 23
192 47
192 74
192 95
192 430
192 494
192 554
192 582
192 598
192 687
192 801
192 812
192 894
192 938
193 38
193 123
193 149
193 303
193 534
193 570
193 861
193 999
194 15
194 497
194 579
194 638
194 712
194 855
194 906
194 966
195 200
195 247
195 383
195 478
195 525
195 632
195 853
195 927
195 986
196 340
196 474
196 536
196 626
196 646
196 775
196 777
196 824
197 3
197 28
197 86
197 116
197 141
197 184
197 193
197 273
197 333
197 710
197 942
197 982
197 987
198 86
198 193
198 355
198 420
198 840
198 868
199 13
199 94
199 266
199 376
199 428
199 776
199 953
199 970
200 41
200 135
200 425
200 524
200 584
200 597
200 621
200 632
200 703
200 815
200 893
201 86
201 93
201 109
201 288
201 531
201 541
201 559
201 564
201 624
201 992
202 147
202 188
202 267
202 324
202 560
202 661
202 805
202 813
202 970
203 54
203 128
203 206
203 269
203 286
203 491
203 660
203 753
203 891
204 34
204 83
204 531
204 573
204 588
204 603
204 657
204 713
204 753
204 840
204 868
204 875
205 70
205 171
205 295
205 434
205 579
205 863
205 892
205 907
205 959
206 185
206 617
206 762
206 775
206 883
206 920
206 978
207 11
207 278
207 441
207 467
207 505
207 540
207 554
207 659
207 702
207 814
207 881
208 50
208 242
208 291
208 455
208 492
208 614
208 734
208 846
208 864
208 964
208 970
209 31
209 102
209 104
209 177
209 200
209 228
209 449
209 532
209 776
209 897
209 979
210 100
210 276
210 595
210 829
210 934
210 958
211 7
211 8
211 34
211 146
211 275
211 357
211 450
211 475
211 703
211 781
211 870
212 152
212 298
212 351
212 358
212 428
212 676
212 832
212 837
213 80
213 138
213 301
213 507
213 598
213 653
214 201
214 277
214 290
214 481
214 579
214 940
214 955
214 980
214 986
215 107
215 132
215 148
215 506
215 610
215 625
215 627
215 800
215 825
215 859
215 860
215 893
215 966
215 977
216 133
216 242
216 252
216 315
216 389
216 395
216 589
216 598
216 617
216 785
216 886
216 904
216 956
217 184
217 276
217 382
217 410
217 599
217 602
217 661
217 720
217 780
217 822
217 847
217 940
218 365
218 414
218 489
218 550
218 558
218 574
219 18
219 35
219 213
219 624
219 825
220 20
220 115
220 124
220 133
220 141
220 498
220 521
220 547
220 758
221 204
221 226
221 425
221 568
221 687
221 729
222 296
222 303
222 549
222 613
222 652
222 697
222 813
222 882
222 886
222 968
223 3
223 91
223 322
223 459
223 766
223 781
223 813
223 846
223 929
223 959
223 972
224 237
224 680
224 751
224 767
224 784
224 788
224 898
224 918
224 958
225 159
225 162
225 180
225 194
225 369
225 370
225 425
225 454
225 855
225 921
225 993
226 154
226 174
226 240
226 530
226 594
226 595
226 656
226 705
226 736
226 742
226 797
227 120
227 189
227 244
227 250
227 281
227 297
227 307
227 331
227 345
227 379
227 388
227 456
227 552
227 590
227 639
227 742
227 752
227 769
227 795
227 881
227 895
227 972
228 82
228 108
228 220
228 300
228 403
228 427
228 501
228 530
228 629
228 916
228 918
228 985
228 986
229 26
229 46
229 101
229 170
229 263
229 327
229 336
229 343
229 419
229 489
229 492
229 633
229 638
229 725
229 787
229 958
230 69
230 191
230 220
230 376
230 404
230 463
230 687
230 704
230 962
230 963
231 2
231 45
231 100
231 111
231 226
231 471
231 508
231 585
231 682
231 781
231 799
231 852
231 923
232 145
232 193
232 197
232 210
232 217
232 423
232 720
233 19
233 232
233 268
233 331
233 374
233 468
233 562
233 622
233 812
233 892
233 921
233 978
233 981
234 116
234 177
234 208
234 296
234 413
234 414
234 416
234 621
234 776
234 864
235 159
235 180
235 309
235 376
235 410
235 465
235 511
235 680
235 706
235 813
235 867
235 919
235 987
236 61
236 90
236 257
236 293
236 295
236 385
236 456
236 573
236 600
236 662
236 967
237 107
237 254
237 327
237 422
237 683
237 686
237 761
238 279
238 481
238 486
238 521
238 556
238 585
238 666
238 893
238 933
238 981
239 79
239 257
239 330
239 406
239 446
239 519
239 915
239 919
239 961
240 328
240 410
240 534
240 712
240 754
240 809
240 836
240 895
240 910
241 163
241 269
241 409
241 485
241 518
241 643
241 755
242 7
242 269
242 312
242 375
242 424
242 538
242 627
242 666
242 702
242 884
242 897
242 954
243 47
243 277
243 331
243 344
243 476
243 494
243 503
243 832
244 31
244 71
244 79
244 248
244 318
244 383
244 556
244 585
244 811
245 44
245 91
245 100
245 109
245 195
245 203
245 219
245 256
245 277
245 326
245 348
245 372
245 472
245 518
245 705
245 963
245 974
245 984
246 163
246 228
246 253
246 304
246 349
246 392
246 425
246 431
246 541
246 569
246 740
246 793
246 986
247 102
247 197
247 343
247 402
247 555
247 645
247 950
247 962
247 969
248 42
248 267
248 434
248 485
248 549
248 654
248 692
248 702
248 875
248 987
249 12
249 256
249 318
249 376
249 508
249 612
249 674
249 892
250 342
250 386
250 395
250 455
250 469
250 735
251 162
251 197
251 205
251 258
251 326
251 401
251 409
251 450
251 619
251 735
251 746
251 758
251 763
251 802
251 857
251 888
251 895
252 13
252 45
252 312
252 511
252 532
252 595
252 622
252 990
253 112
253 319
253 410
253 531
253 556
253 561
253 582
253 671
253 700
253 735
253 749
253 769
253 834
253 952
254 76
254 154
254 501
254 529
254 668
254 934
255 68
255 97
255 182
255 309
255 374
255 458
255 487
255 639
255 693
255 838
255 910
256 28
256 98
256 375
256 489
256 497
256 545
256 573
256 674
256 933
257 312
257 383
257 420
257 498
257 585
257 736
257 883
257 915
258 173
258 188
258 262
258 271
258 323
258 436
258 585
259 40
259 158
259 292
259 297
259 480
259 488
259 628
259 714
259 992
260 246
260 300
260 444
260 722
260 724
260 805
260 901
260 921
260 972
260 977
261 8
261 28
261 300
261 321
261 539
261 594
261 693
261 918
262 90
262 199
262 213
262 253
262 387
262 414
262 479
262 521
262 563
262 584
262 830
262 862
263 3
263 69
263 123
263 197
263 286
263 556
263 727
263 730
263 843
263 963
264 69
264 88
264 200
264 291
264 307
264 311
264 312
264 340
264 460
264 594
264 660
264 862
264 875
264 905
264 927
265 133
265 196
265 345
265 462
265 556
265 663
265 715
265 739
265 805
265 916
265 966
266 48
266 168
266 563
266 860
266 920
266 937
267 69
267 109
267 213
267 233
267 383
267 391
267 402
267 447
267 490
267 552
267 555
267 637
267 781
267 861
267 911
267 916
268 142
268 171
268 249
268 278
268 492
268 501
268 530
268 584
268 591
268 635
268 726
268 731
268 761
269 3
269 50
269 62
269 376
269 415
269 611
269 677
269 686
269 976
270 253
270 421
270 469
270 533
270 537
270 613
270 641
270 666
270 771
270 911
270 951
271 219
271 396
271 500
271 545
271 586
271 645
271 654
271 667
271 714
271 809
271 880
272 7
272 38
272 342
272 400
272 476
272 498
272 544
272 612
272 869
272 908
272 939
272 971
273 37
273 167
273 212
273 214
273 269
273 324
273 636
273 655
273 663
273 666
273 912
273 963
274 82
274 90
274 272
274 823
274 887
274 909
274 920
275 8
275 38
275 80
275 83
275 85
275 163
275 185
275 396
275 533
275 615
275 736
275 738
275 892
276 54
276 89
276 192
276 226
276 247
276 297
276 528
276 540
276 971
277 39
277 193
277 202
277 244
277 353
277 372
277 458
277 523
277 772
277 885
277 928
277 998
278 2
278 170
278 460
278 595
278 718
278 936
278 953
279 20
279 114
279 226
279 287
279 405
279 430
279 496
279 608
279 868
279 983
280 60
280 246
280 290
280 303
280 556
280 726
280 727
280 798
280 996
281 33
281 133
281 215
281 241
281 340
281 373
281 377
281 426
281 578
281 676
281 716
281 791
281 929
281 931
282 20
282 86
282 115
282 133
282 416
282 446
282 519
282 563
282 728
282 886
282 930
282 940
283 137
283 419
283 464
283 531
283 883
284 140
284 465
284 695
284 726
285 144
285 342
285 542
285 572
285 598
285 599
285 630
285 642
285 810
285 867
286 165
286 328
286 434
286 613
286 676
286 809
286 824
286 850
286 901
287 174
287 311
287 507
287 658
287 851
287 909
287 997
288 6
288 38
288 54
288 116
288 137
288 160
288 188
288 210
288 388
288 416
288 498
288 600
289 2
289 83
289 201
289 250
289 340
289 499
289 644
289 672
289 752
289 858
289 902
289 940
289 943
290 138
290 302
290 314
290 429
290 555
290 828
290 842
290 920
290 955
291 60
291 93
291 188
291 299
291 334
291 388
291 795
291 856
291 901
292 32
292 268
292 284
292 293
292 469
292 735
292 783
293 112
293 132
293 168
293 287
293 384
293 565
293 721
293 727
293 766
293 849
293 900
293 948
293 964
294 90
294 306
294 643
294 704
294 804
295 98
295 332
295 336
295 346
295 401
295 547
295 684
295 710
295 735
295 788
295 934
295 961
296 45
296 260
296 507
296 517
296 546
296 692
296 788
296 887
296 930
297 2
297 45
297 106
297 153
297 302
297 366
297 383
297 483
297 554
297 654
297 842
297 914
298 282
298 389
298 413
298 488
298 501
298 718
298 729
298 824
298 864
298 936
299 95
299 178
299 276
299 292
299 347
299 369
299 446
299 520
299 552
299 620
299 624
299 630
299 783
299 915
300 359
300 424
300 475
300 529
300 559
300 740
300 900
300 972
301 131
301 161
301 177
301 290
301 400
301 527
301 637
301 649
301 799
301 839
301 881
301 882
301 889
302 29
302 116
302 225
302 339
302 369
302 418
302 539
302 825
302 837
303 35
303 60
303 233
303 341
303 396
303 469
303 507
303 610
303 728
303 756
304 42
304 164
304 277
304 413
304 490
304 956
304 973
305 15
305 24
305 424
305 759
305 770
305 814
305 982
306 12
306 73
306 187
306 284
306 361
306 419
306 797
307 31
307 426
307 552
307 778
307 796
307 798
307 847
307 857
307 882
307 969
308 124
308 140
308 248
308 281
308 312
308 446
308 464
308 524
308 538
308 727
308 742
308 818
308 828
309 19
309 43
309 57
309 237
309 354
309 363
309 499
309 534
309 540
309 575
309 693
309 814
309 849
309 909
309 933
310 13
310 165
310 185
310 404
310 658
310 674
310 686
310 696
310 707
310 848
310 895
310 930
310 934
310 958
310 975
311 133
311 173
311 380
311 500
311 511
311 772
311 846
311 852
311 955
311 959
311 986
312 74
312 81
312 157
312 167
312 408
312 499
312 533
312 535
312 649
312 810
312 847
312 931
313 196
313 414
313 495
313 558
313 571
313 685
313 972
314 73
314 102
314 170
314 194
314 205
314 228
314 233
314 640
314 656
314 682
314 821
314 870
315 50
315 189
315 399
315 458
315 478
315 593
315 675
315 732
315 766
315 795
315 813
315 947
316 67
316 128
316 203
316 465
316 482
316 578
316 605
316 659
316 727
316 945
317 182
317 304
317 412
317 453
317 605
317 624
317 823
317 956
317 986
318 25
318 63
318 151
318 195
318 506
318 522
318 621
318 736
318 738
318 753
319 82
319 88
319 149
319 440
319 511
319 661
319 793
320 0
320 58
320 68
320 101
320 109
320 289
320 401
320 465
320 555
320 604
320 735
320 775
320 814
320 892
320 943
320 982
321 221
321 223
321 386
321 407
321 464
321 504
321 536
321 541
321 556
321 600
321 613
321 648
321 668
321 697
322 45
322 128
322 139
322 143
322 174
322 259
322 311
322 465
322 564
322 600
322 622
322 751
323 180
323 191
323 224
323 479
323 864
323 946
324 13
324 197
324 447
324 538
324 555
324 631
324 749
324 896
324 915
324 918
324 946
324 961
324 968
325 17
325 42
325 53
325 218
325 471
325 665
325 685
325 744
325 804
325 823
325 997
326 34
326 119
326 254
326 294
326 501
326 527
326 596
326 679
326 971
327 35
327 78
327 182
327 184
327 202
327 255
327 332
327 387
327 396
327 398
327 420
327 598
327 601
327 616
327 690
327 818
327 851
327 863
327 896
327 973
328 7
328 11
328 247
328 496
328 569
328 869
328 936
329 117
329 120
329 390
329 652
329 680
329 707
329 974
330 5
330 26
330 48
330 234
330 295
330 371
330 372
330 386
330 751
330 860
330 915
330 978
331 9
331 75
331 124
331 173
331 228
331 455
331 518
331 556
331 570
331 621
331 837
331 866
331 984
332 17
332 26
332 46
332 517
332 629
332 682
332 758
332 844
332 907
332 966
333 29
333 43
333 58
333 70
333 230
333 381
333 439
333 459
333 606
333 728
333 803
333 897
334 96
334 135
334 248
334 344
334 402
334 851
334 867
334 938
335 228
335 337
335 414
335 444
335 557
335 644
335 655
335 905
336 182
336 247
336 391
336 536
336 649
336 679
336 689
336 717
336 888
336 994
337 108
337 187
337 204
337 255
337 273
337 329
337 445
337 557
337 606
337 689
337 810
337 850
337 905
337 959
338 175
338 249
338 254
338 304
338 486
339 20
339 32
339 95
339 147
339 239
339 459
339 710
339 783
339 810
339 885
340 148
340 197
340 411
340 510
340 515
340 518
340 554
340 635
340 684
340 692
340 830
340 948
340 998
341 666
341 731
342 105
342 279
342 303
342 362
342 759
342 763
342 844
342 889
342 964
343 46
343 188
343 219
343 320
343 442
343 531
343 604
343 766
343 819
343 891
343 982
344 43
344 52
344 283
344 291
344 323
344 504
344 556
344 565
344 622
344 673
344 693
344 778
344 794
344 845
344 900
344 933
345 42
345 126
345 143
345 294
345 310
345 343
345 453
345 554
345 575
345 714
345 719
345 849
345 880
345 953
345 984
346 149
346 216
346 321
346 415
346 499
346 598
346 664
346 694
346 759
346 894
347 28
347 34
347 77
347 105
347 120
347 185
347 396
347 444
347 472
347 867
347 957
348 150
348 249
348 347
348 368
348 404
348 407
348 635
348 683
348 716
348 951
349 396
349 457
349 467
349 673
349 744
349 799
350 22
350 75
350 563
350 644
350 681
350 696
350 803
350 859
350 861
350 953
351 200
351 234
351 305
351 333
351 341
351 480
351 612
351 624
351 640
351 883
351 961
352 94
352 166
352 176
352 291
352 440
352 464
352 502
352 577
352 762
353 113
353 133
353 240
353 351
353 393
353 406
353 466
353 572
353 603
354 143
354 252
354 297
354 323
354 439
354 516
354 697
354 739
354 886
355 202
355 271
355 369
355 565
355 582
355 583
355 848
356 342
356 343
356 532
356 717
356 730
356 780
356 782
357 31
357 141
357 232
357 629
357 679
357 844
357 859
357 876
357 895
357 982
358 113
358 135
358 157
358 193
358 280
358 367
358 387
358 437
358 753
358 947
359 5
359 48
359 182
359 225
359 280
359 383
359 517
359 640
359 692
359 762
359 853
359 867
359 936
359 986
360 226
360 443
360 467
360 579
360 768
360 769
360 991
361 394
361 453
361 545
361 579
361 749
361 789
362 191
362 506
362 507
362 621
362 930
362 964
363 211
363 227
363 301
363 460
363 466
363 513
363 936
363 952
364 138
364 223
364 395
364 427
364 527
364 563
364 618
364 640
364 647
364 696
364 833
364 849
364 963
364 980
365 161
365 211
365 246
365 274
365 315
365 632
365 633
365 660
365 678
365 832
365 850
365 899
365 973
366 23
366 306
366 315
366 355
366 644
366 716
366 846
366 862
366 882
366 951
367 16
367 305
367 368
367 429
367 484
367 544
367 597
367 727
367 972
368 48
368 152
368 216
368 334
368 428
368 819
368 879
368 916
368 962
369 130
369 133
369 225
369 384
369 400
369 461
369 528
369 554
369 696
369 783
369 914
369 935
369 976
370 46
370 66
370 111
370 141
370 171
370 249
370 442
370 445
370 481
370 541
370 661
370 708
370 755
371 81
371 86
371 236
371 264
371 407
371 420
371 491
371 574
372 26
372 77
372 107
372 293
372 465
372 495
372 513
372 586
372 687
372 865
372 881
372 970
372 971
372 997
373 38
373 114
373 123
373 170
373 484
373 512
373 545
373 657
374 131
374 569
374 724
375 9
375 83
375 96
375 523
375 582
375 594
375 736
375 794
375 972
376 136
376 199
376 240
376 293
376 309
376 433
376 456
376 609
377 100
377 117
377 124
377 135
377 148
377 238
377 303
377 337
377 371
377 472
377 550
377 634
377 641
377 777
378 37
378 132
378 187
378 216
378 277
378 361
378 450
378 517
378 585
378 750
378 914
378 988
379 167
379 169
379 545
379 568
379 589
379 591
379 616
379 629
379 676
379 799
379 970
380 46
380 204
380 223
380 246
380 266
380 379
380 426
380 441
380 730
380 732
380 848
380 956
381 0
381 177
381 274
381 275
381 293
381 347
381 385
381 420
381 514
381 525
381 778
381 847
382 12
382 94
382 107
382 323
382 342
382 365
382 630
382 680
382 807
383 95
383 292
383 407
383 422
383 463
383 606
383 660
383 695
383 780
383 955
384 7
384 47
384 49
384 178
384 261
384 593
384 651
384 656
384 665
384 685
384 833
384 893
384 928
385 14
385 47
385 135
385 137
385 174
385 192
385 220
385 806
385 902
386 14
386 114
386 189
386 237
386 342
386 463
386 484
386 499
386 501
386 541
386 640
386 664
386 717
386 778
386 808
386 827
386 860
386 913
387 30
387 372
387 506
387 702
387 751
387 759
387 839
387 912
387 927
387 961
388 0
388 6
388 75
388 197
388 240
388 294
388 455
388 500
388 511
388 521
388 716
388 829
388 934
389 120
389 358
389 371
389 387
389 510
389 523
389 613
389 635
389 735
389 748
390 80
390 127
390 422
390 535
390 672
390 801
390 812
390 867
391 219
391 282
391 489
391 618
391 681
391 682
391 706
391 734
391 949
392 156
392 175
392 186
392 300
392 398
392 515
392 603
392 634
392 774
392 859
392 883
392 949
393 11
393 82
393 156
393 157
393 437
393 539
393 545
393 670
393 727
393 765
393 791
393 797
393 808
393 869
394 67
394 148
394 194
394 300
394 533
394 569
394 584
394 642
394 741
394 773
394 842
394 977
394 982
395 47
395 273
395 308
395 341
395 407
395 540
395 692
395 859
396 308
396 360
396 479
396 574
396 771
396 776
396 853
396 934
397 77
397 141
397 155
397 323
397 342
397 427
397 514
397 516
397 638
397 721
397 873
397 905
398 66
398 202
398 543
398 787
398 797
398 828
398 921
398 947
399 1
399 196
399 259
399 294
399 358
399 439
399 503
399 567
399 789
400 83
400 89
400 146
400 195
400 310
400 440
400 589
400 759
400 796
400 826
400 902
401 50
401 256
401 361
401 624
401 722
401 850
402 72
402 162
402 214
402 266
402 356
402 408
402 461
402 531
402 676
402 685
402 860
402 888
402 964
403 17
403 83
403 202
403 338
403 499
403 715
404 178
404 234
404 309
404 584
404 669
404 805
404 882
404 939
405 219
405 266
405 533
405 539
405 592
405 666
405 972
406 111
406 254
406 275
406 553
406 679
406 692
406 849
406 868
407 120
407 236
407 237
407 293
407 356
407 428
407 614
407 891
407 909
407 926
407 948
407 950
408 492
408 496
408 526
408 652
408 724
408 992
409 120
409 188
409 313
409 407
409 418
409 483
409 522
409 575
409 661
409 714
409 806
409 859
409 893
410 90
410 111
410 123
410 235
410 321
410 361
410 422
410 464
410 471
410 518
410 600
410 623
410 638
410 655
410 818
410 823
411 24
411 54
411 269
411 329
411 401
411 460
411 815
412 55
412 309
412 352
412 488
412 631
412 648
412 770
412 851
412 896
413 29
413 89
413 107
413 133
413 175
413 261
413 274
413 492
413 520
413 535
413 614
413 708
414 37
414 119
414 200
414 345
414 360
414 396
414 548
414 583
414 599
414 664
414 817
414 879
414 895
414 979
414 986
415 64
415 444
415 476
415 525
415 600
415 601
415 616
415 778
415 811
415 872
415 889
415 966
416 95
416 305
416 316
416 326
416 540
416 604
416 697
416 983
417 32
417 80
417 118
417 472
417 699
417 785
417 812
418 143
418 362
418 450
418 478
418 596
418 620
418 794
418 820
418 843
419 136
419 168
419 250
419 428
419 502
419 507
419 512
419 673
419 707
419 714
419 786
419 931
419 982
420 8
420 158
420 207
420 246
420 267
420 285
420 410
420 424
420 638
420 656
420 744
420 750
420 811
420 835
421 39
421 342
421 456
421 618
421 806
421 872
421 884
421 912
421 987
422 32
422 58
422 94
422 144
422 209
422 370
422 509
422 516
422 564
422 690
422 709
422 808
422 993
423 182
423 200
423 346
423 556
423 584
423 757
423 776
423 790
423 883
423 894
423 902
423 926
423 941
423 981
424 46
424 148
424 201
424 219
424 340
424 433
424 505
424 673
424 738
424 898
424 989
424 993
425 67
425 285
425 318
425 396
425 400
425 441
425 665
425 822
425 872
426 64
426 113
426 116
426 172
426 340
426 508
426 653
426 836
426 895
426 946
427 175
427 184
427 212
427 309
427 317
427 438
427 549
427 627
427 667
427 762
428 25
428 279
428 410
428 460
428 476
428 973
429 10
429 14
429 27
429 98
429 194
429 571
429 716
429 738
429 833
429 843
429 947
429 956
430 91
430 128
430 179
430 274
430 351
430 420
430 733
430 789
430 922
431 180
431 264
431 266
431 420
431 484
431 545
431 574
431 621
431 795
431 861
432 80
432 144
432 201
432 215
432 435
432 894
432 910
432 926
433 13
433 55
433 306
433 311
433 445
433 583
433 586
433 620
433 816
433 840
433 960
434 149
434 180
434 214
434 330
434 497
434 743
434 908
434 974
434 982
435 110
435 463
435 505
436 64
436 681
436 942
437 60
437 135
437 152
437 187
437 251
437 303
437 374
437 544
437 673
437 713
437 831
437 834
437 889
437 945
438 89
438 193
438 218
438 425
438 469
438 740
438 865
438 901
438 947
439 67
439 162
439 251
439 553
439 692
439 824
439 973
440 170
440 484
440 517
440 656
440 674
440 761
440 863
440 977
441 109
441 161
441 293
441 630
441 691
441 848
441 907
441 985
442 179
442 246
442 389
442 467
442 834
442 905
442 939
443 66
443 73
443 382
443 472
443 577
443 581
443 713
443 714
443 775
443 783
443 868
443 920
444 160
444 215
444 448
445 136
445 312
445 416
445 468
445 496
445 871
446 234
446 257
446 682
446 890
447 52
447 77
447 175
447 203
447 284
447 391
447 790
448 30
448 171
448 305
448 317
448 444
448 573
448 657
448 781
448 819
449 36
449 61
449 205
449 368
449 370
449 389
449 435
449 467
449 721
449 753
449 770
449 859
450 167
450 334
450 339
450 439
450 571
450 632
450 735
450 799
450 916
451 139
451 175
451 364
451 389
451 417
451 481
451 831
451 890
451 918
451 924
451 951
452 258
452 423
452 476
452 754
452 765
452 867
452 976
453 117
453 203
453 434
453 623
453 807
453 948
454 210
454 278
454 349
454 395
454 445
454 560
454 624
454 822
454 823
454 897
454 983
455 12
455 78
455 90
455 179
455 185
455 187
455 193
455 324
455 411
455 458
455 702
455 925
456 15
456 95
456 151
456 185
456 299
456 337
456 355
456 357
456 412
456 424
456 501
456 539
456 718
456 842
456 929
456 997
457 26
457 80
457 236
457 383
457 406
457 534
457 581
457 635
457 764
457 930
457 972
458 34
458 87
458 573
458 585
458 635
458 751
458 872
458 943
459 13
459 299
459 335
459 341
459 380
459 583
459 713
459 752
459 802
459 874
459 883
459 913
460 392
460 461
460 541
460 656
460 671
460 745
460 830
460 851
460 860
460 861
461 86
461 286
461 388
461 439
461 582
461 601
461 635
461 800
462 26
462 102
462 179
462 195
462 295
462 581
462 589
462 592
462 748
462 755
462 826
463 17
463 186
463 189
463 301
463 310
463 351
463 370
463 453
463 464
463 549
463 550
463 745
463 836
464 3
464 57
464 262
464 440
464 453
464 512
464 529
464 621
464 690
464 698
464 924
465 253
465 409
465 512
465 623
465 830
465 892
466 3
466 15
466 374
466 392
466 536
466 624
466 676
466 744
466 860
466 923
467 37
467 154
467 160
467 181
467 593
467 750
467 863
467 870
467 974
468 37
468 165
468 521
468 654
468 699
468 818
468 829
469 23
469 105
469 114
469 264
469 313
469 418
469 449
469 466
469 697
469 716
469 798
469 865
469 957
470 17
470 133
470 271
470 325
470 340
470 435
470 588
470 606
470 679
470 807
470 931
470 956
471 57
471 80
471 199
471 266
471 421
471 427
471 453
471 534
471 683
471 758
471 767
472 480
472 584
472 759
472 884
473 44
473 247
473 335
473 438
473 544
473 703
473 713
473 965
474 15
474 314
474 356
474 389
474 464
474 720
474 879
474 969
475 63
475 270
475 281
475 297
475 387
475 411
475 587
475 588
475 715
475 786
475 846
475 868
476 141
476 219
476 612
476 710
476 810
476 908
476 955
477 121
477 387
477 388
477 543
477 577
477 619
477 678
477 751
477 817
477 828
477 836
478 109
478 240
478 357
478 415
478 431
478 578
478 717
478 738
478 816
478 897
478 916
479 95
479 283
479 333
479 364
479 365
479 538
479 750
479 882
480 91
480 466
480 654
480 692
480 757
480 895
480 910
480 962
481 61
481 211
481 270
481 358
481 367
481 477
481 858
481 929
482 2
482 89
482 209
482 219
482 250
482 617
482 631
482 632
482 732
482 892
482 896
483 115
483 120
483 155
483 183
483 223
483 275
483 432
483 513
483 891
483 914
483 934
484 142
484 254
484 293
484 311
484 379
484 483
484 969
484 981
485 237
485 392
485 452
485 495
485 521
485 657
485 831
485 882
485 911
485 970
486 274
486 287
486 293
486 390
486 403
486 420
486 643
486 707
486 729
486 778
486 889
487 151
487 198
487 290
487 337
487 430
487 504
487 662
487 780
487 951
488 174
488 402
488 680
488 803
488 822
488 841
488 943
488 987
489 4
489 68
489 71
489 236
489 240
489 310
489 465
489 483
489 687
489 736
489 913
490 203
490 368
490 426
490 584
490 761
490 794
490 808
490 861
491 191
491 233
491 268
491 289
491 564
491 635
491 765
491 789
491 879
492 123
492 246
492 416
492 466
492 495
492 544
492 850
492 949
493 128
493 141
493 146
493 188
493 258
493 272
493 473
493 560
493 576
493 589
493 606
493 744
493 792
493 880
494 28
494 171
494 300
494 521
494 539
494 591
494 597
494 672
494 877
495 176
495 194
495 272
495 861
495 937
495 975
496 80
496 156
496 649
496 753
496 868
496 909
496 946
496 954
497 29
497 293
497 307
497 543
497 550
497 792
497 796
497 902
497 998
498 182
498 235
498 507
498 548
498 596
498 689
498 958
498 963
498 967
499 262
499 320
499 374
499 383
499 483
499 851
499 907
499 942
500 167
500 169
500 230
500 287
500 356
500 496
500 671
500 797
500 825
501 207
501 629
501 720
501 732
501 736
501 741
501 777
501 969
502 203
502 415
502 444
502 450
502 505
502 553
502 607
502 743
502 867
503 5
503 35
503 231
503 233
503 256
503 276
503 378
503 394
503 476
503 561
503 630
504 126
504 152
504 388
504 556
504 564
504 770
505 371
505 409
505 432
505 544
505 724
505 736
505 750
505 777
505 897
505 915
506 304
506 503
506 582
506 686
506 850
506 859
506 887
506 938
507 168
507 746
507 850
508 44
508 179
508 245
508 264
508 302
508 315
508 673
508 687
508 713
508 755
508 959
509 50
509 211
509 271
509 319
509 472
509 479
509 532
509 554
509 643
509 663
509 717
509 734
509 951
509 953
510 45
510 154
510 193
510 225
510 243
510 245
510 304
510 343
510 346
510 418
510 566
510 683
510 833
510 886
510 931
510 991
511 94
511 178
511 190
511 274
511 332
511 433
511 438
511 462
511 519
511 541
511 563
511 679
511 731
511 835
511 943
512 65
512 302
512 480
512 633
512 650
512 668
512 684
512 737
512 745
512 854
512 932
513 177
513 270
513 304
513 392
513 568
513 668
514 106
514 171
514 189
514 217
514 248
514 311
514 448
514 491
514 621
514 633
514 645
514 646
514 885
514 930
514 943
515 20
515 27
515 72
515 256
515 382
515 529
515 545
515 625
515 634
515 642
515 683
515 759
515 923
516 272
516 438
516 446
516 462
516 564
516 614
516 788
516 968
517 16
517 24
517 112
517 121
517 217
517 256
517 280
517 290
517 762
517 921
518 62
518 331
518 367
518 508
518 525
518 997
519 178
519 189
519 216
519 242
519 249
519 278
519 326
519 340
519 352
519 673
519 744
520 242
520 354
520 537
520 745
520 934
521 89
521 423
521 585
521 609
521 676
521 746
521 819
521 872
522 35
522 176
522 200
522 246
522 435
522 513
522 679
522 750
522 785
522 991
523 12
523 164
523 185
523 679
523 718
524 224
524 265
524 315
524 329
524 385
524 593
524 604
524 916
525 36
525 94
525 497
525 561
525 796
525 818
525 906
526 81
526 95
526 403
526 543
526 568
526 634
526 638
526 665
526 718
527 37
527 207
527 281
527 330
527 447
527 542
527 939
527 973
528 97
528 325
528 383
528 732
528 743
529 124
529 238
529 392
529 436
529 516
529 676
529 706
529 744
529 785
529 839
529 855
529 933
529 982
530 27
530 132
530 260
530 486
530 707
530 948
530 975
531 80
531 376
531 394
531 454
531 525
531 526
531 553
531 563
531 760
531 772
532 52
532 76
532 188
532 199
532 301
532 427
532 645
532 814
532 834
532 946
533 42
533 75
533 347
533 348
533 375
533 483
533 516
533 747
533 921
534 213
534 236
534 250
534 281
534 369
534 532
534 614
534 681
534 796
534 824
534 885
534 931
534 998
535 110
535 287
535 382
535 420
535 457
535 728
535 752
535 928
535 946
536 35
536 108
536 185
536 211
536 227
536 287
536 306
536 344
536 454
536 509
536 689
536 718
536 742
536 888
536 909
536 922
537 108
537 191
537 405
537 446
537 496
537 595
537 628
537 650
537 760
537 852
538 99
538 104
538 216
538 334
538 342
538 465
538 872
539 99
539 118
539 141
539 152
539 230
539 735
539 810
539 818
539 919
539 927
540 32
540 119
540 322
540 525
540 566
540 613
540 752
540 793
540 895
541 87
541 125
541 167
541 574
541 772
542 9
542 412
542 533
542 699
542 816
542 913
543 76
543 93
543 101
543 191
543 302
543 367
543 404
543 443
543 528
543 820
544 725
545 169
545 312
545 703
545 730
545 813
545 848
546 115
546 307
546 315
546 398
546 428
546 533
546 737
546 774
546 827
546 964
547 141
547 246
547 317
547 391
547 402
547 558
547 601
547 664
547 723
547 970
548 1
548 94
548 210
548 360
548 446
548 616
548 772
548 789
548 847
548 860
548 966
548 975
549 75
549 100
549 207
549 340
549 384
549 477
549 543
549 739
549 770
549 832
550 95
550 137
550 167
550 273
550 356
550 451
550 583
550 834
550 927
550 969
551 284
551 291
551 459
551 672
551 690
551 745
551 870
552 17
552 113
552 192
552 252
552 259
552 342
552 433
552 665
553 23
553 81
553 220
553 232
553 233
553 326
553 370
553 434
553 436
553 447
553 469
553 681
553 692
553 856
553 931
553 984
554 240
554 324
554 430
554 485
554 486
554 584
554 852
554 912
554 943
555 67
555 234
555 482
555 587
555 606
555 641
555 743
556 215
556 402
556 472
556 538
556 653
556 718
556 813
557 20
557 29
557 65
557 130
557 275
557 335
557 382
557 396
557 420
557 913
557 948
558 92
558 93
558 506
558 708
558 773
558 838
558 984
559 63
559 96
559 170
559 391
559 591
559 640
559 670
559 945
560 169
560 189
560 223
560 353
560 415
560 556
560 880
561 80
561 447
561 472
561 511
561 649
561 661
562 132
562 158
562 159
562 362
562 385
562 594
562 735
562 908
562 993
563 55
563 221
563 273
563 317
563 439
563 516
563 566
563 597
563 624
563 648
563 673
563 714
563 758
563 775
563 865
563 902
563 908
563 913
564 113
564 150
564 162
564 182
564 191
564 198
564 199
564 328
564 347
564 567
564 587
564 606
564 722
564 735
564 925
564 975
565 219
565 392
565 431
565 460
565 584
565 635
565 739
565 842
565 918
565 970
565 973
566 40
566 43
566 52
566 162
566 823
566 868
567 160
567 188
567 202
567 291
567 315
567 354
567 412
567 437
567 516
567 543
567 705
567 763
567 814
568 148
568 183
568 231
568 458
568 610
568 659
568 663
568 718
568 725
568 772
568 901
568 947
568 971
569 58
569 72
569 179
569 358
569 398
569 437
569 460
569 472
569 499
569 542
569 802
569 970
570 207
570 276
570 354
570 431
570 683
570 829
570 969
571 122
571 596
571 896
571 934
572 44
572 68
572 86
572 155
572 157
572 161
572 266
572 352
572 705
572 844
572 922
573 64
573 147
573 157
573 201
573 262
573 460
573 500
573 578
573 717
573 723
573 850
573 938
574 366
574 504
574 577
574 670
574 718
574 826
574 844
574 859
574 961
574 993
575 143
575 145
575 353
575 391
575 443
575 480
575 584
575 605
575 668
575 726
575 945
575 993
576 7
576 67
576 110
576 132
576 169
576 269
576 422
576 570
576 593
576 659
576 668
576 688
576 713
576 793
576 852
576 889
576 975
577 29
577 359
577 479
577 648
577 673
577 796
577 826
577 850
578 13
578 253
578 260
578 286
578 426
578 573
578 592
578 660
578 703
578 826
578 907
578 949
578 972
578 977
578 984
579 307
579 312
579 325
579 381
579 468
579 501
579 509
579 510
579 533
579 714
579 732
579 739
579 764
580 87
580 127
580 152
580 225
580 381
580 537
580 583
580 586
580 793
580 822
580 909
581 18
581 33
581 34
581 180
581 344
581 374
581 504
581 540
581 565
581 644
581 651
581 911
582 30
582 84
582 89
582 283
582 288
582 319
582 324
582 672
582 729
582 833
582 893
582 950
583 332
583 335
583 489
583 531
583 539
583 648
583 829
583 832
583 873
584 265
584 271
584 352
584 425
584 700
585 4
585 15
585 18
585 126
585 132
585 140
585 142
585 275
585 311
585 421
585 564
585 567
585 646
585 694
585 815
585 818
585 865
585 893
585 957
586 15
586 156
586 272
586 301
586 358
586 477
586 496
586 682
586 815
586 845
586 957
587 5
587 189
587 640
587 641
587 820
587 834
587 981
588 2
588 63
588 102
588 124
588 234
588 240
588 401
588 407
588 424
588 649
588 662
588 823
588 888
588 905
588 919
589 156
589 196
589 233
589 447
589 484
589 527
589 709
589 715
589 741
589 814
590 5
590 121
590 162
590 244
590 252
590 347
590 354
590 383
590 490
590 508
590 614
590 836
590 839
590 876
590 958
591 6
591 248
591 484
591 515
591 584
591 671
591 847
592 2
592 37
592 162
592 172
592 173
592 232
592 255
592 362
592 489
592 595
592 658
592 672
592 760
592 785
592 836
593 184
593 349
593 625
593 761
593 775
593 815
593 821
593 832
593 911
593 912
593 942
593 943
593 962
594 23
594 117
594 144
594 272
594 283
594 310
594 326
594 378
594 386
594 552
594 586
594 667
594 733
594 818
594 897
595 76
595 284
595 437
595 462
595 494
595 618
595 782
595 813
595 917
595 942
595 963
596 151
596 282
596 421
596 446
596 624
596 668
596 723
596 769
596 906
596 930
596 958
597 35
597 64
597 116
597 341
597 492
597 520
597 657
597 670
597 792
597 879
597 947
598 170
598 199
598 677
598 739
598 743
598 770
598 893
598 894
598 956
599 66
599 162
599 176
599 185
599 398
599 447
599 545
599 692
599 928
600 59
600 76
600 87
600 168
600 196
600 304
600 310
600 404
600 597
600 746
600 791
600 837
600 930
601 30
601 80
601 159
601 227
601 290
601 310
601 337
601 504
601 532
601 594
601 647
601 676
601 989
602 48
602 187
602 277
602 319
602 398
602 595
602 743
602 796
602 807
602 901
602 943
602 968
603 28
603 109
603 116
603 178
603 270
603 428
603 659
603 667
603 678
603 732
603 776
603 831
603 865
604 16
604 60
604 231
604 446
604 637
604 806
604 827
605 161
605 213
605 224
605 267
605 384
605 457
605 580
605 610
605 692
605 880
605 940
606 4
606 43
606 121
606 274
606 291
606 407
606 437
606 487
606 656
606 811
607 149
607 254
607 264
607 293
607 459
607 642
607 720
607 848
608 90
608 168
608 169
608 186
608 277
608 452
608 696
608 739
608 843
608 858
608 928
609 14
609 126
609 134
609 143
609 316
609 327
609 535
609 698
610 43
610 167
610 171
610 237
610 444
610 569
610 593
610 729
610 926
610 972
610 999
611 62
611 109
611 222
611 752
611 769
611 818
611 895
611 900
611 998
612 160
612 222
612 233
612 350
612 437
612 497
612 562
612 683
612 703
612 751
612 797
612 860
612 879
612 888
612 906
612 912
612 931
613 268
613 279
613 292
613 322
613 330
613 452
613 625
613 788
613 930
613 993
614 164
614 292
614 344
614 377
614 459
614 482
614 568
614 602
614 630
614 736
614 879
615 110
615 144
615 221
615 272
615 575
615 593
615 598
615 604
615 735
615 807
616 112
616 166
616 202
616 328
616 340
616 609
616 756
616 759
616 953
616 958
617 527
617 559
617 702
617 744
617 975
618 25
618 254
618 268
618 395
618 453
618 483
618 531
618 542
618 602
618 658
618 751
618 923
618 949
618 978
619 62
619 72
619 181
619 292
619 299
619 308
619 319
619 351
619 362
619 418
619 430
619 542
619 670
619 745
619 878
619 973
619 977
620 278
620 743
620 799
620 880
621 157
621 192
621 268
621 343
621 531
621 557
621 597
621 687
621 691
621 770
622 39
622 49
622 448
622 470
622 505
622 767
622 795
622 810
622 891
623 97
623 104
623 122
623 133
623 156
623 301
623 439
623 531
623 598
623 644
623 749
623 763
623 782
623 914
623 923
623 944
624 73
624 226
624 333
624 582
624 707
624 741
624 836
625 4
625 9
625 88
625 147
625 160
625 234
625 284
625 333
625 516
625 574
625 656
625 744
626 146
626 220
626 306
626 845
626 937
626 943
626 999
627 85
627 123
627 178
627 355
627 372
627 507
627 558
627 595
627 798
628 23
628 27
628 41
628 165
628 315
628 386
628 476
628 659
628 690
628 694
628 884
628 922
629 29
629 95
629 225
629 289
629 316
629 422
629 556
629 726
629 962
630 98
630 108
630 109
630 162
630 256
630 346
630 406
630 534
630 605
630 769
630 809
630 850
631 50
631 178
631 257
631 312
631 318
631 390
631 457
631 518
631 571
631 710
631 732
631 822
632 230
632 310
632 314
632 385
632 399
632 408
632 587
632 630
632 689
632 717
633 37
633 80
633 98
633 125
633 183
633 226
633 255
633 264
633 297
633 443
633 484
633 674
633 955
634 27
634 64
634 492
634 525
634 697
634 714
634 882
635 51
635 165
635 182
635 216
635 244
635 267
635 304
635 387
635 552
635 608
635 621
635 814
636 70
636 126
636 128
636 194
636 244
636 247
636 261
636 358
636 360
636 481
636 772
636 926
637 115
637 145
637 324
637 343
637 361
637 556
637 601
637 629
637 668
637 768
637 981
638 113
638 121
638 147
638 208
638 440
638 521
638 683
638 698
638 707
638 713
638 735
638 818
638 863
638 922
638 937
639 138
639 192
639 576
639 577
639 678
639 737
640 49
640 92
640 121
640 328
640 357
640 396
640 554
641 37
641 76
641 78
641 413
641 581
641 587
641 615
641 713
641 846
641 887
642 87
642 100
642 128
642 155
642 174
642 249
642 327
642 381
642 456
642 473
642 541
642 628
642 635
642 697
642 793
642 948
642 950
642 951
642 974
642 981
642 985
643 385
643 399
643 420
643 657
643 705
643 795
643 927
644 89
644 174
644 219
644 253
644 425
644 525
644 534
644 639
644 724
644 873
644 906
644 938
644 953
644 955
645 102
645 274
645 293
645 514
645 647
645 688
645 694
645 768
645 785
645 823
646 592
646 615
646 694
646 703
646 804
646 845
646 942
647 448
647 551
647 593
647 772
647 820
648 9
648 247
648 263
648 275
648 441
648 791
648 826
648 945
648 958
648 989
649 148
649 158
649 194
649 400
649 570
649 607
649 734
649 762
649 767
649 885
650 0
650 38
650 336
650 662
651 43
651 179
651 195
651 218
651 253
651 519
651 592
651 683
651 764
651 774
651 838
651 846
651 858
651 995
652 19
652 40
652 44
652 133
652 260
652 317
652 320
652 378
652 404
652 430
652 531
652 557
652 566
652 669
652 766
652 806
652 951
652 954
653 105
653 144
653 169
653 461
653 466
653 554
653 587
653 748
653 752
653 853
653 973
654 174
654 178
654 238
654 243
654 328
654 334
654 480
654 536
654 577
654 633
654 702
654 831
654 835
654 843
654 893
654 942
655 4
655 271
655 302
655 465
655 490
655 775
656 211
656 290
656 344
656 370
656 628
656 714
656 773
656 785
656 793
656 794
656 817
656 858
656 876
656 952
656 976
657 155
657 866
657 948
658 99
658 142
658 278
658 406
658 416
658 520
658 582
658 627
658 659
658 805
658 943
659 45
659 286
659 493
659 578
659 611
659 685
659 726
659 880
660 233
660 275
660 370
660 389
660 589
660 791
660 890
660 907
660 990
661 29
661 80
661 133
661 142
661 251
661 358
661 402
661 605
661 607
661 719
661 759
661 860
661 868
661 945
662 42
662 82
662 323
662 342
662 697
662 717
662 759
662 767
662 857
662 964
662 975
663 530
663 671
663 812
663 979
663 999
664 80
664 225
664 418
664 569
664 662
664 694
664 769
664 936
665 86
665 113
665 241
665 252
665 316
665 383
665 457
665 530
665 546
665 648
665 705
665 785
665 788
665 800
665 802
666 309
666 335
666 399
666 457
666 539
666 654
666 659
666 674
666 675
666 877
666 993
667 122
667 150
667 583
667 640
667 645
667 810
667 937
667 965
668 14
668 107
668 133
668 192
668 345
668 351
668 432
668 434
668 504
668 510
668 572
668 634
668 792
669 85
669 166
669 167
669 327
669 487
669 553
669 648
669 836
669 880
669 919
670 97
670 256
670 307
670 324
670 566
670 619
670 769
670 832
670 917
670 920
670 992
671 58
671 60
671 123
671 309
671 349
671 438
671 613
671 746
672 112
672 222
672 237
672 284
672 289
672 313
672 420
672 760
672 764
672 767
672 851
672 940
673 19
673 233
673 311
673 392
673 596
673 697
673 951
673 994
674 69
674 128
674 183
674 294
674 425
674 484
674 536
674 576
674 703
674 724
674 809
675 140
675 204
675 265
675 367
675 415
675 485
675 605
675 655
675 699
675 705
675 827
675 855
675 900
675 949
675 987
676 5
676 141
676 747
676 792
676 915
677 99
677 172
677 320
677 396
677 407
677 446
677 526
677 760
677 886
677 890
677 960
678 268
678 347
678 357
678 498
678 508
678 664
678 717
678 864
679 104
679 268
679 341
679 349
679 411
679 613
679 622
679 700
679 840
680 436
680 467
680 581
680 624
680 693
680 922
680 978
681 161
681 170
681 214
681 761
681 948
682 107
682 158
682 232
682 248
682 263
682 326
682 398
682 419
682 490
682 529
682 533
682 549
682 576
682 587
682 635
682 697
682 800
682 825
683 89
683 250
683 428
683 442
683 472
683 493
683 766
683 913
684 137
684 188
684 193
684 349
684 382
684 484
684 722
684 830
684 916
685 50
685 243
685 436
685 533
685 574
685 624
685 630
685 645
685 719
685 732
685 888
686 123
686 261
686 302
686 307
686 705
686 713
686 896
686 935
686 988
687 44
687 54
687 62
687 66
687 91
687 192
687 193
687 368
687 441
687 635
687 853
688 109
688 150
688 233
688 333
688 349
688 674
688 825
688 950
688 999
689 99
689 188
689 262
689 361
689 372
689 459
689 784
689 913
689 931
689 967
690 4
690 23
690 109
690 264
690 279
690 389
690 401
690 602
690 675
690 898
690 977
691 72
691 112
691 373
691 457
691 464
691 666
691 667
691 703
691 768
691 837
691 839
692 192
692 274
692 339
692 517
692 546
692 674
692 680
692 713
692 764
692 821
692 897
692 935
693 254
693 277
693 345
693 587
693 623
693 668
694 157
694 236
694 310
694 386
694 443
694 605
695 84
695 135
695 160
695 295
695 386
695 554
695 587
695 689
695 774
695 820
696 18
696 209
696 367
696 458
696 500
696 543
696 583
696 643
696 683
696 898
696 937
696 992
697 232
697 286
697 516
697 543
697 588
697 655
697 660
697 703
697 771
697 781
698 90
698 295
698 335
698 350
698 389
698 440
698 590
698 742
698 754
698 843
699 53
699 84
699 210
699 211
699 255
699 316
699 378
699 433
699 500
699 525
699 617
699 912
700 0
700 14
700 221
700 366
700 435
700 531
700 644
700 686
700 740
700 894
700 925
701 14
701 128
701 140
701 216
701 268
701 280
701 412
701 419
701 495
701 528
701 529
701 729
702 118
702 368
702 676
702 814
702 951
703 168
703 295
703 328
703 563
703 776
703 783
703 979
704 27
704 230
704 322
704 454
704 471
704 676
704 700
704 706
704 721
704 772
704 853
704 863
704 954
705 409
705 818
706 35
706 128
706 163
706 167
706 214
706 281
706 393
706 399
706 561
706 562
706 576
706 663
706 692
706 745
706 799
706 815
706 892
706 917
707 46
707 78
707 124
707 131
707 223
707 378
707 483
707 564
707 622
707 641
707 771
707 802
707 850
707 905
708 82
708 109
708 235
708 293
708 568
708 569
708 574
708 857
709 64
709 88
709 173
709 291
709 296
709 412
709 474
709 537
709 605
709 703
709 822
709 988
709 995
710 111
710 552
710 555
710 789
710 850
710 992
710 995
711 47
711 105
711 388
711 521
711 565
711 612
711 694
711 810
711 838
711 972
711 987
712 1
712 25
712 42
712 92
712 138
712 162
712 196
712 294
712 573
712 614
712 721
712 905
712 925
713 28
713 46
713 170
713 296
713 360
713 364
713 527
713 589
713 596
713 740
713 892
713 933
714 4
714 10
714 115
714 119
714 233
714 255
714 285
714 481
714 738
714 859
714 951
715 10
715 120
715 145
715 235
715 264
715 274
715 375
715 691
715 818
715 871
716 79
716 370
716 475
716 754
716 795
716 887
716 979
717 28
717 31
717 42
717 63
717 165
717 229
717 266
717 277
717 298
717 496
717 615
717 652
717 662
717 765
718 11
718 23
718 49
718 80
718 81
718 187
718 211
718 287
718 335
718 555
719 19
719 67
719 277
719 405
719 578
719 625
719 691
719 751
719 768
720 196
720 372
720 455
720 459
720 934
720 944
721 4
721 101
721 118
721 276
721 339
721 359
721 396
721 411
721 806
722 193
722 379
722 510
722 618
722 681
722 876
722 989
723 147
723 297
723 423
723 495
723 503
723 652
723 721
723 830
723 943
724 58
724 83
724 88
724 370
724 438
724 479
724 602
724 665
724 705
724 779
724 795
724 803
724 884
725 13
725 22
725 280
725 371
725 435
725 453
725 504
725 564
725 692
725 779
726 100
726 169
726 241
726 275
726 751
726 803
726 939
727 95
727 98
727 101
727 110
727 146
727 210
727 238
727 246
727 257
727 311
727 355
728 30
728 48
728 63
728 94
728 273
728 402
728 480
728 519
728 891
728 951
729 70
729 200
729 257
729 329
729 449
729 463
729 667
729 734
729 747
729 759
729 823
729 862
729 918
729 961
730 3
730 57
730 211
730 280
730 396
730 550
730 647
730 661
730 738
730 821
730 835
730 950
731 109
731 182
731 334
731 345
731 637
731 692
731 885
731 972
732 84
732 105
732 154
732 271
732 328
732 332
732 371
732 459
732 468
732 490
732 629
732 765
732 783
733 77
733 390
733 500
733 665
733 907
733 930
733 952
734 10
734 213
734 261
734 288
734 340
734 534
734 546
734 571
734 726
734 815
734 839
734 942
735 164
735 196
735 206
735 291
735 384
735 425
735 639
735 684
735 765
735 805
736 3
736 84
736 134
736 355
736 357
736 435
736 436
736 543
736 545
736 666
737 23
737 32
737 78
737 728
737 797
737 856
738 44
738 65
738 312
738 453
738 467
738 619
738 844
738 849
738 900
738 987
739 47
739 92
739 96
739 114
739 185
739 225
739 277
739 423
739 562
739 576
739 654
739 824
739 835
739 963
740 170
740 242
740 310
740 456
740 594
740 603
740 604
740 824
740 895
741 251
741 290
741 318
741 367
741 429
741 432
741 433
741 605
741 663
741 753
741 883
741 982
742 10
742 247
742 497
742 843
742 890
742 892
743 30
743 136
743 315
743 338
743 342
743 472
743 556
743 667
743 706
743 752
743 845
743 939
744 18
744 276
744 458
744 506
744 507
744 541
744 602
744 875
745 91
745 127
745 202
745 219
745 226
745 339
745 674
745 707
745 708
745 727
745 730
745 867
745 872
745 901
746 93
746 158
746 159
746 162
746 276
746 294
746 405
746 538
746 669
746 868
747 13
747 174
747 243
747 303
747 469
747 525
747 617
747 642
747 752
747 781
747 836
748 238
748 310
748 533
748 634
748 693
748 875
748 900
749 29
749 103
749 353
749 423
749 472
749 520
749 650
749 845
749 882
750 97
750 140
750 245
750 278
750 306
750 365
750 739
750 799
751 33
751 154
751 162
751 335
751 381
751 427
751 474
751 512
751 601
751 902
751 943
751 994
752 13
752 279
752 308
752 464
752 498
752 512
752 539
752 649
752 666
752 695
752 773
752 954
753 94
753 182
753 184
753 289
753 435
753 737
753 763
753 909
753 976
754 28
754 74
754 178
754 291
754 339
754 482
754 765
754 900
754 932
754 964
755 52
755 205
755 227
755 230
755 235
755 483
755 501
755 652
755 673
755 690
756 162
756 268
756 287
756 325
756 441
756 448
756 538
756 555
756 616
756 760
756 887
757 46
757 79
757 299
757 341
757 563
757 584
758 130
758 339
758 742
758 807
759 30
759 167
759 180
759 468
759 640
759 665
760 55
760 314
760 338
760 428
760 551
760 806
760 986
761 133
761 416
761 482
761 650
761 736
762 10
762 25
762 147
762 242
762 334
762 378
762 415
762 498
762 522
762 792
762 883
762 994
763 62
763 129
763 206
763 275
763 340
763 351
763 357
763 418
763 452
763 638
763 732
763 787
763 796
763 827
763 890
763 928
764 91
764 110
764 185
764 198
764 293
764 400
764 557
764 742
764 911
764 952
765 31
765 212
765 233
765 360
765 612
765 917
766 350
766 439
766 510
766 660
766 730
766 882
766 970
767 5
767 178
767 224
767 625
767 664
767 719
767 808
768 112
768 260
768 375
768 528
768 712
769 4
769 25
769 41
769 120
769 136
769 168
769 525
769 825
769 924
769 934
769 977
770 166
770 493
770 774
770 791
770 803
770 839
770 884
770 978
771 367
771 486
771 672
771 706
771 750
771 754
771 848
771 863
771 900
772 49
772 92
772 115
772 246
772 256
772 264
772 424
772 430
772 499
772 605
772 624
772 676
772 685
772 691
772 854
772 885
773 37
773 185
773 276
773 362
773 390
773 391
773 451
773 600
773 633
773 696
773 765
773 875
774 110
774 195
774 279
774 291
774 462
774 476
774 479
774 523
774 583
775 122
775 197
775 198
775 268
775 334
775 359
775 453
775 478
775 601
775 644
775 695
775 714
775 766
775 792
775 845
776 80
776 105
776 304
776 394
776 413
776 701
776 762
776 839
776 855
776 872
776 951
776 998
777 136
777 287
777 431
777 614
777 691
777 715
777 770
777 854
777 901
777 938
778 28
778 273
778 308
778 467
778 505
778 536
778 677
778 731
778 808
778 986
779 58
779 84
779 277
779 547
779 562
779 564
779 617
779 928
780 87
780 93
780 114
780 325
780 410
780 716
780 760
780 820
780 883
780 896
780 951
781 91
781 154
781 229
781 281
781 342
781 401
781 439
781 523
781 714
781 725
781 933
781 942
781 992
782 187
782 220
782 275
782 282
782 400
782 454
782 462
782 770
783 53
783 218
783 298
783 351
783 368
783 383
783 387
783 581
783 800
783 851
783 896
783 939
784 52
784 158
784 166
784 181
784 311
784 441
784 491
784 680
784 718
784 765
784 856
785 31
785 104
785 155
785 499
785 574
785 593
785 600
785 750
785 786
785 886
785 911
785 984
786 111
786 141
786 164
786 213
786 409
786 562
786 657
786 675
786 705
786 757
786 916
786 954
786 988
786 996
787 286
787 320
787 357
787 423
787 456
787 479
787 597
787 647
787 834
787 901
787 916
787 994
788 153
788 245
788 406
788 641
788 664
788 690
788 782
788 858
788 885
788 924
788 956
789 2
789 91
789 114
789 147
789 198
789 200
789 205
789 303
789 360
789 590
789 596
789 604
789 816
790 43
790 345
790 430
790 486
790 594
790 595
790 714
790 801
790 841
790 923
791 59
791 333
791 346
791 349
791 365
791 412
791 438
791 528
791 529
791 594
791 605
791 728
791 819
791 878
791 910
791 920
791 986
792 25
792 96
792 318
792 371
792 479
792 684
792 732
792 824
792 859
792 872
793 168
793 227
793 250
793 416
793 606
793 805
793 867
794 14
794 214
794 284
794 306
794 330
794 335
794 537
794 666
794 782
794 859
794 977
795 81
795 231
795 342
795 351
795 560
795 588
795 615
795 736
795 806
795 829
795 835
795 873
795 925
796 77
796 119
796 192
796 194
796 198
796 262
796 357
796 491
796 802
796 942
797 25
797 78
797 79
797 125
797 131
797 350
797 403
797 562
797 590
798 136
798 420
798 539
798 743
798 748
798 782
798 845
799 25
799 40
799 145
799 249
799 348
799 380
799 781
799 863
799 892
799 910
800 20
800 201
800 301
800 340
800 409
800 471
800 553
800 681
800 783
800 851
800 897
801 41
801 109
801 178
801 263
801 718
801 789
801 881
801 882
801 913
802 68
802 197
802 291
802 712
802 849
802 978
803 131
803 151
803 180
803 187
803 193
803 248
803 343
803 435
803 568
803 577
804 111
804 122
804 360
804 372
804 401
804 421
804 482
804 671
804 736
804 773
804 860
804 916
804 967
805 34
805 415
805 479
805 601
805 628
805 813
805 818
806 67
806 804
807 54
807 58
807 150
807 367
807 386
807 498
807 546
807 622
807 623
807 780
807 823
807 939
808 34
808 103
808 231
808 332
808 352
808 522
808 630
808 807
808 957
809 20
809 58
809 166
809 257
809 259
809 269
809 343
809 379
809 461
809 560
809 605
809 785
809 860
809 863
809 884
810 59
810 68
810 188
810 220
810 406
810 531
810 601
810 616
810 687
810 713
810 880
810 985
811 103
811 147
811 247
811 380
811 577
811 896
812 164
812 220
812 233
812 261
812 432
812 563
812 642
812 734
812 803
813 32
813 70
813 145
813 151
813 214
813 354
813 433
813 569
813 575
813 703
813 774
813 792
813 865
813 876
813 917
814 94
814 386
814 457
814 744
814 847
815 49
815 92
815 161
815 544
815 550
815 917
815 970
816 217
816 233
816 255
816 276
816 307
816 317
816 353
816 368
816 401
816 500
816 518
817 1
817 21
817 47
817 193
817 404
817 419
817 479
817 891
817 975
818 94
818 156
818 193
818 207
818 262
818 301
818 365
818 387
818 397
818 399
818 495
818 499
818 548
818 563
818 634
818 866
819 256
819 357
819 364
819 744
820 66
820 76
820 112
820 173
820 204
820 330
820 388
820 423
820 633
820 725
820 806
820 823
820 868
820 934
820 974
821 40
821 62
821 246
821 387
821 433
821 435
821 495
821 629
821 692
821 712
821 730
821 812
822 28
822 103
822 223
822 355
822 413
822 424
822 479
822 771
822 812
822 827
822 831
822 841
823 22
823 42
823 45
823 197
823 329
823 386
823 405
823 514
823 573
823 691
823 763
823 888
824 196
824 293
824 304
824 460
824 843
824 894
825 14
825 17
825 393
825 479
825 632
825 633
825 680
825 867
825 910
826 44
826 71
826 188
826 210
826 265
826 281
826 418
826 499
826 523
826 545
826 581
826 622
826 656
826 705
826 846
826 854
827 9
827 176
827 188
827 364
827 376
827 467
827 667
827 766
827 793
827 911
827 921
828 51
828 195
828 482
828 521
828 642
828 691
828 985
829 211
829 270
829 282
829 390
829 436
829 629
829 633
829 679
829 700
829 853
829 879
830 107
830 113
830 250
830 338
830 437
830 596
830 699
830 714
830 742
830 792
830 999
831 180
831 344
831 383
831 556
831 569
831 600
831 607
831 627
831 871
831 903
832 19
832 117
832 158
832 560
832 939
832 951
832 967
833 139
833 222
833 341
833 430
833 525
833 781
833 925
834 114
834 128
834 186
834 269
834 320
834 426
834 460
834 519
834 574
834 587
834 599
834 896
834 937
834 948
834 996
835 15
835 127
835 296
835 303
835 366
835 417
835 448
835 578
835 735
835 846
835 869
835 964
836 20
836 33
836 62
836 72
836 446
836 463
836 546
836 587
836 603
836 711
836 724
836 855
836 866
836 906
836 951
836 981
837 115
837 380
837 414
837 435
837 470
837 766
838 233
838 370
838 450
838 574
838 695
838 704
838 741
838 772
838 776
838 867
838 909
838 910
839 72
839 187
839 255
839 319
839 340
839 347
839 523
839 609
839 623
839 637
839 659
839 842
839 964
840 154
840 215
840 224
840 345
840 505
840 681
840 747
840 763
840 897
840 952
841 420
841 796
841 872
841 943
842 116
842 165
842 271
842 273
842 285
842 355
842 358
842 530
842 553
842 575
842 591
842 703
843 100
843 109
843 156
843 170
843 198
843 216
843 231
843 235
843 270
843 473
843 523
843 534
843 549
843 639
843 744
843 751
843 814
843 911
843 955
844 83
844 84
844 206
844 209
844 351
844 449
844 649
844 714
844 884
844 921
844 964
845 39
845 456
845 479
845 730
845 736
845 798
846 266
846 507
846 538
846 861
846 876
847 160
847 377
847 408
847 411
847 660
847 715
847 739
847 819
847 821
847 849
847 881
847 931
847 955
848 27
848 146
848 165
848 179
848 789
848 793
848 826
848 856
848 966
848 979
848 986
849 35
849 45
849 106
849 203
849 285
849 437
849 681
849 688
849 770
849 792
849 847
849 913
850 363
850 457
850 493
850 741
850 995
851 3
851 20
851 72
851 133
851 383
851 427
851 457
851 498
851 574
851 889
852 23
852 167
852 296
852 528
852 614
852 757
852 767
852 832
852 889
853 30
853 37
853 363
853 393
853 495
853 588
853 623
853 723
853 780
854 63
854 73
854 164
854 283
854 498
854 513
854 547
854 580
854 855
854 943
855 3
855 60
855 372
855 409
855 532
855 563
855 734
855 737
855 824
856 26
856 77
856 155
856 302
856 508
856 630
856 850
856 898
856 902
857 140
857 257
857 439
857 445
857 497
857 639
857 654
857 685
857 726
857 734
857 892
857 951
857 987
858 127
858 144
858 394
858 414
858 731
858 772
858 861
858 933
858 948
859 104
859 147
859 244
859 388
859 499
859 618
859 659
859 700
859 733
859 734
859 901
859 936
859 981
860 1
860 25
860 68
860 273
860 277
860 349
860 470
860 611
860 723
860 831
861 13
861 120
861 445
861 474
861 695
861 776
862 120
862 215
862 248
862 726
862 745
862 820
862 871
862 990
863 64
863 92
863 264
863 289
863 352
863 523
863 697
863 956
864 71
864 289
864 400
864 440
864 538
864 579
864 592
864 737
864 791
864 839
864 929
865 2
865 13
865 247
865 288
865 296
865 402
865 416
865 419
865 490
865 618
865 712
865 801
865 931
865 941
866 50
866 96
866 99
866 157
866 210
866 215
866 318
866 441
866 481
866 498
866 597
866 793
866 832
866 851
866 858
866 864
866 927
866 961
866 999
867 106
867 169
867 427
867 508
867 611
867 630
867 686
867 957
868 44
868 291
868 338
868 345
868 354
868 463
868 542
868 769
869 24
869 398
869 558
869 871
870 220
870 221
870 293
870 425
870 491
870 509
870 534
870 553
870 763
870 950
870 990
871 7
871 24
871 211
871 339
871 462
871 486
871 491
871 533
871 608
871 723
871 755
871 760
871 776
871 845
871 943
872 60
872 83
872 181
872 247
872 251
872 366
872 469
872 510
872 622
872 658
872 682
872 843
872 880
872 921
873 13
873 63
873 85
873 86
873 407
873 422
873 452
873 544
873 665
873 898
873 942
873 962
874 295
874 329
874 493
874 518
874 627
874 658
874 946
874 955
875 129
875 205
875 460
875 508
875 574
875 624
875 633
875 665
875 712
875 783
875 790
875 964
876 45
876 63
876 160
876 166
876 564
876 968
876 975
876 990
877 39
877 116
877 117
877 169
877 247
877 254
877 274
877 287
877 295
877 401
877 455
877 632
877 694
877 833
877 915
878 24
878 80
878 236
878 246
878 298
878 313
878 343
878 375
878 376
878 378
878 416
878 478
878 554
878 601
878 687
878 775
878 893
878 972
878 995
879 34
879 110
879 261
879 274
879 335
879 373
879 393
879 435
879 606
879 817
879 941
880 31
880 90
880 162
880 209
880 232
880 235
880 265
880 616
880 831
880 919
880 930
881 184
881 234
881 288
881 297
881 308
881 329
881 410
881 483
881 501
881 557
881 830
881 916
881 947
882 20
882 31
882 96
882 140
882 212
882 230
882 266
882 268
882 274
882 333
882 365
882 367
882 427
882 482
882 511
882 876
882 969
883 77
883 189
883 427
883 530
883 619
883 623
883 783
883 970
884 43
884 102
884 347
884 505
884 574
884 644
884 811
884 826
884 998
885 113
885 130
885 132
885 144
885 148
885 182
885 267
885 311
885 532
885 656
885 691
885 705
886 411
886 417
886 448
886 505
886 549
886 647
886 655
886 813
886 836
886 883
886 975
887 52
887 73
887 139
887 206
887 611
887 784
887 828
887 869
887 948
888 39
888 43
888 112
888 136
888 258
888 521
888 541
888 684
888 720
888 735
888 867
888 880
888 885
888 932
889 55
889 344
889 580
889 773
889 796
889 960
890 276
890 306
890 376
890 423
890 607
890 638
890 794
890 943
891 39
891 485
891 526
891 805
891 935
891 952
892 37
892 188
892 205
892 435
892 549
892 687
892 966
893 101
893 136
893 206
893 321
893 380
893 406
893 467
893 638
893 642
893 723
893 732
893 734
893 798
894 55
894 75
894 131
894 413
894 427
894 469
894 628
894 636
894 639
894 714
894 747
894 916
895 53
895 325
895 433
895 938
896 96
896 192
896 225
896 310
896 502
896 505
896 515
896 545
896 709
896 733
896 832
896 865
896 867
896 879
896 917
896 960
897 67
897 119
897 158
897 261
897 422
897 446
897 588
897 599
897 700
897 795
897 817
897 820
897 822
897 868
897 923
897 927
898 26
898 65
898 84
898 96
898 122
898 165
898 166
898 561
898 739
898 772
898 996
899 40
899 148
899 308
899 600
899 739
899 799
899 934
900 76
900 114
900 167
900 338
900 394
900 575
900 899
901 27
901 101
901 120
901 217
901 307
901 353
901 368
901 702
901 739
901 870
902 193
902 233
902 251
902 270
902 289
902 298
902 344
902 420
902 432
902 953
903 62
903 358
903 379
903 644
903 657
903 793
903 904
904 133
904 838
904 847
904 915
905 170
905 201
905 250
905 378
905 808
905 870
905 904
905 981
906 11
906 60
906 130
906 172
906 220
906 228
906 377
906 628
906 648
906 786
906 947
907 34
907 95
907 129
907 162
907 177
907 275
907 328
907 346
907 368
907 536
907 564
907 581
907 596
907 653
907 709
907 817
908 26
908 43
908 86
908 225
908 648
908 676
908 830
908 872
908 876
909 17
909 215
909 235
909 300
909 423
909 488
909 524
909 580
909 837
910 2
910 8
910 18
910 21
910 110
910 158
910 265
910 323
910 343
910 382
910 448
910 455
910 507
910 559
910 593
910 633
910 671
910 734
910 774
910 787
911 213
911 233
911 244
911 304
911 598
911 671
911 693
911 879
911 889
911 950
912 297
912 430
912 521
912 554
912 626
912 653
912 872
912 966
912 989
913 191
913 199
913 239
913 256
913 297
913 495
913 718
913 726
913 747
913 775
914 146
914 186
914 242
914 361
914 369
914 428
914 448
914 681
914 689
914 699
914 743
914 753
914 938
915 28
915 34
915 42
915 148
915 788
915 793
915 832
915 931
916 155
916 201
916 276
916 309
916 349
916 366
916 369
916 450
916 650
916 721
916 925
916 935
917 286
917 399
917 461
917 569
917 648
917 700
917 748
917 769
917 784
917 818
917 902
917 984
918 60
918 83
918 208
918 271
918 277
918 280
918 377
918 499
918 655
918 820
918 893
919 44
919 59
919 113
919 338
919 365
919 382
919 412
919 502
919 817
919 839
920 7
920 93
920 169
920 367
920 468
920 522
920 600
920 745
920 793
920 878
921 25
921 482
921 637
921 655
921 927
921 949
922 182
922 277
922 451
922 471
922 596
922 800
922 851
922 890
923 183
923 185
923 210
923 286
923 575
923 745
923 838
923 856
924 93
924 120
924 196
924 262
924 385
924 472
924 497
924 560
924 700
924 703
924 740
924 892
924 918
925 66
925 534
925 732
925 803
925 824
925 972
926 96
926 99
926 156
926 213
926 425
926 489
926 520
926 644
926 731
926 813
926 836
926 869
927 17
927 99
927 226
927 360
927 394
928 10
928 50
928 57
928 236
928 246
928 444
928 513
928 665
928 681
928 699
928 799
928 976
929 12
929 108
929 167
929 333
929 440
929 470
929 552
929 597
929 792
929 923
930 23
930 85
930 113
930 122
930 239
930 280
930 310
930 352
930 420
930 435
930 448
930 511
930 523
930 548
930 571
930 636
930 791
930 859
931 84
931 112
931 208
931 265
931 298
931 429
931 520
931 544
931 614
931 696
931 713
931 795
931 800
931 864
931 943
931 990
932 192
932 499
932 582
932 635
932 708
932 920
932 980
933 142
933 242
933 251
933 278
933 342
933 418
933 890
933 902
933 954
934 73
934 186
934 545
934 556
934 658
934 793
934 814
934 840
935 11
935 106
935 202
935 241
935 243
935 369
935 491
935 785
935 960
936 145
936 196
936 206
936 211
936 224
936 246
936 347
936 376
936 704
936 717
936 773
936 838
937 103
937 117
937 282
937 338
937 383
937 426
937 428
937 622
937 737
937 812
937 866
938 86
938 113
938 180
938 284
938 376
938 378
938 483
938 635
938 903
939 29
939 116
939 155
939 184
939 279
939 280
939 286
939 381
939 386
939 404
939 428
939 527
939 662
939 667
939 863
939 942
939 975
940 490
940 500
940 524
940 902
940 904
940 968
941 12
941 177
941 430
941 452
941 460
941 462
941 480
941 722
941 857
941 890
941 951
941 967
942 233
942 431
942 472
942 560
942 867
943 49
943 160
943 302
943 552
943 553
943 577
943 601
943 736
943 745
943 934
943 958
943 995
944 4
944 128
944 157
944 247
944 339
944 700
944 757
944 880
944 887
944 960
945 43
945 49
945 91
945 135
945 239
945 312
945 389
945 606
945 687
945 741
945 769
945 788
945 988
945 989
946 39
946 179
946 217
946 321
946 331
946 569
946 602
946 628
946 733
946 741
946 769
946 869
946 913
946 960
946 982
946 999
947 265
947 454
947 489
947 600
947 650
947 704
947 768
947 832
948 37
948 91
948 105
948 226
948 363
948 652
948 656
948 724
948 769
948 820
948 961
949 17
949 241
949 287
949 297
949 445
949 485
949 999
950 102
950 136
950 184
950 210
950 352
950 491
950 741
950 818
950 860
950 987
951 651
951 749
951 796
951 829
951 904
951 950
952 226
952 273
952 415
952 439
952 561
952 677
952 678
952 691
952 782
952 783
952 801
953 167
953 224
953 284
953 455
953 615
953 682
953 697
953 717
953 913
953 959
953 989
954 22
954 222
954 230
954 278
954 313
954 556
954 563
954 671
954 751
954 806
954 887
955 0
955 147
955 153
955 214
955 233
955 335
955 382
955 473
955 480
955 486
955 543
955 650
955 659
955 691
956 26
956 42
956 108
956 281
956 425
956 438
956 502
956 680
956 836
956 842
956 999
957 95
957 144
957 271
957 408
957 420
957 481
957 669
957 676
957 849
957 870
957 976
957 996
958 2
958 103
958 153
958 167
958 195
958 250
958 252
958 309
958 410
958 441
958 518
958 569
958 603
958 831
959 26
959 80
959 142
959 324
959 409
959 434
959 458
959 551
959 751
960 150
960 213
960 281
960 322
960 444
960 511
960 524
960 531
960 562
960 701
960 901
960 990
960 991
961 188
961 197
961 272
961 301
961 519
961 714
961 835
962 10
962 12
962 114
962 203
962 355
962 393
962 411
962 576
962 611
962 879
962 881
963 304
963 347
963 515
963 539
963 606
963 614
963 760
964 27
964 131
964 183
964 188
964 388
964 554
964 559
965 140
965 280
965 664
965 759
965 858
965 983
966 252
966 269
966 406
966 530
966 588
966 722
966 842
967 95
967 200
967 211
967 264
967 308
967 497
967 571
967 590
967 607
967 611
967 623
967 691
967 798
967 911
967 995
968 469
968 505
968 878
968 978
969 179
969 190
969 379
969 384
969 515
969 567
969 580
969 589
969 665
969 945
970 8
970 140
970 159
970 207
970 233
970 407
970 440
970 453
970 510
970 541
970 545
970 552
970 565
970 566
970 591
970 733
970 766
970 871
970 887
970 969
971 9
971 39
971 73
971 109
971 127
971 183
971 433
971 462
971 487
971 522
971 525
971 543
971 566
971 572
971 629
971 720
971 756
971 772
971 826
971 914
972 214
972 952
972 978
973 152
973 231
973 375
973 570
973 756
973 799
973 801
974 92
974 222
974 306
974 650
974 695
974 744
975 105
975 162
975 237
975 510
975 648
975 846
975 874
975 994
976 50
976 95
976 185
976 206
976 320
976 361
976 439
976 608
976 616
976 633
976 679
976 921
977 127
977 146
977 158
977 179
977 207
977 250
977 298
977 353
977 472
977 671
977 836
978 101
978 243
978 381
978 450
978 521
978 525
978 585
978 700
978 787
978 839
978 844
979 100
979 253
979 294
979 315
979 334
979 344
979 375
979 467
979 580
979 811
979 812
979 860
979 887
980 124
980 380
980 657
980 721
980 781
980 885
980 949
981 182
981 192
981 247
981 418
981 422
981 579
981 675
981 698
981 792
981 844
981 873
982 89
982 184
982 362
982 417
982 468
982 482
982 504
982 516
982 560
982 667
982 683
982 809
982 908
982 997
983 0
983 24
983 60
983 85
983 136
983 294
983 300
983 310
983 737
983 793
983 838
984 262
984 280
984 288
984 312
984 415
984 491
984 561
984 589
984 600
984 703
984 770
984 798
984 840
984 889
984 923
984 970
985 285
985 329
985 381
985 398
985 488
985 491
985 828
985 908
986 21
986 29
986 322
986 338
986 365
986 386
986 544
986 602
986 617
986 625
986 653
986 723
986 737
986 789
986 958
987 43
987 71
987 92
987 114
987 241
987 382
987 584
987 607
987 611
987 665
987 697
988 77
988 129
988 235
988 319
988 435
988 562
988 702
988 846
988 931
989 21
989 168
989 250
989 408
989 568
989 665
989 873
989 909
989 962
990 4
990 49
990 272
990 436
990 494
990 567
990 587
990 606
990 844
990 884
991 83
991 85
991 239
991 250
991 307
991 430
992 200
992 220
992 262
992 296
992 388
992 438
992 500
992 505
992 850
992 896
992 945
992 986
992 998
993 69
993 185
993 503
993 694
993 767
994 127
994 341
994 433
994 616
994 637
994 666
994 750
994 858
994 892
995 247
995 273
995 305
995 361
995 373
995 648
995 689
995 721
996 187
996 198
996 274
996 332
996 392
996 414
996 452
996 606
996 610
996 682
996 796
996 827
996 868
996 871
996 874
996 963
997 76
997 103
997 123
997 222
997 259
997 396
997 566
997 612
997 693
997 722
997 772
997 910
997 954
998 55
998 143
998 149
998 395
998 408
998 461
998 540
998 556
998 659
998 685
998 861
998 868
999 257
999 271
999 279
999 453
999 759
999 936
999 941
999 956
