0 42
0 373
0 549
0 573
0 763
1 19
1 276
1 427
1 451
1 483
1 694
1 701
2 68
2 88
2 162
2 212
2 277
2 559
2 651
2 807
2 846
2 851
2 878
2 998
3 29
3 30
3 91
3 116
3 241
3 532
3 591
3 745
3 794
3 954
3 972
4 189
4 281
4 363
4 922
5 79
5 258
5 331
5 384
5 387
5 542
5 750
5 841
5 930
5 933
5 959
5 967
6 103
6 245
6 272
6 601
6 958
7 46
7 146
7 161
7 309
7 315
7 338
7 359
7 484
7 849
7 925
8 12
8 143
8 197
8 248
8 315
8 341
8 346
8 441
8 478
8 493
8 519
8 528
8 654
8 784
8 792
9 84
9 110
9 111
9 535
9 557
9 709
9 710
9 943
9 958
10 16
10 78
10 159
10 233
10 486
10 569
10 611
10 811
10 844
11 42
11 63
11 74
11 76
11 155
11 209
11 418
11 462
11 465
11 534
11 552
11 754
11 809
11 830
11 849
11 920
11 978
12 79
12 112
12 177
12 269
12 379
12 522
12 569
12 807
12 819
12 863
12 876
12 984
13 8
13 130
13 443
13 471
13 668
13 683
13 700
13 738
13 740
13 843
14 178
14 189
14 265
14 346
14 470
14 615
14 741
14 902
15 94
15 142
15 157
15 247
15 278
15 389
15 417
15 604
15 695
15 869
15 886
15 890
16 47
16 75
16 305
16 376
16 382
16 399
16 581
16 684
16 935
16 963
16 964
17 77
17 160
17 169
17 196
17 483
17 506
17 527
17 563
17 591
17 779
17 828
17 831
17 897
17 911
17 950
18 14
18 105
18 266
18 574
18 612
18 759
18 951
18 958
19 110
19 382
19 495
19 756
19 806
19 830
20 60
20 83
20 261
20 300
20 421
20 542
20 642
20 903
20 919
20 968
20 978
21 30
21 87
21 101
21 226
21 252
21 264
21 487
21 511
21 709
21 868
21 881
21 883
21 958
21 992
22 398
22 629
22 655
22 818
23 36
23 61
23 108
23 119
23 154
23 518
23 544
23 609
23 658
23 790
24 156
24 164
24 187
24 199
24 237
24 347
24 353
24 480
24 573
24 636
24 827
24 961
24 963
25 8
25 65
25 220
25 366
25 406
25 465
25 532
25 549
25 737
25 787
26 67
26 100
26 249
26 300
26 363
26 418
26 439
26 508
26 663
26 673
26 746
26 786
27 212
27 214
27 215
27 348
27 496
27 684
27 841
27 874
28 335
28 342
28 347
28 411
28 449
28 768
28 828
28 940
28 949
29 47
29 127
29 149
29 461
29 615
29 667
29 759
29 774
29 798
29 878
29 919
30 33
30 184
30 257
30 521
30 862
30 872
30 925
30 992
31 606
31 789
31 824
31 836
31 868
31 905
31 937
32 162
32 166
32 289
32 341
32 575
32 598
32 717
32 787
32 808
33 37
33 106
33 430
33 456
33 499
33 580
33 798
34 7
34 94
34 132
34 197
34 249
34 307
34 332
34 363
34 419
34 421
34 672
34 725
35 117
35 406
35 409
35 414
35 473
35 532
35 912
36 22
36 69
36 109
36 318
36 400
36 409
36 559
36 570
36 585
36 612
36 654
36 829
36 933
36 944
37 493
37 537
37 631
37 656
37 856
38 27
38 179
38 281
38 365
38 406
38 482
38 575
38 729
38 967
38 976
38 998
39 339
39 391
39 394
39 452
39 486
39 581
39 675
39 743
39 771
39 830
39 866
39 886
39 909
40 83
40 105
40 370
40 472
40 556
40 635
40 668
40 826
40 871
40 873
40 971
41 182
41 277
41 350
41 369
41 416
41 419
41 537
41 556
41 624
41 929
41 945
41 966
41 970
42 73
42 166
42 324
42 510
42 615
42 657
42 668
42 967
43 36
43 65
43 79
43 112
43 133
43 181
43 436
43 483
43 623
43 817
43 908
44 25
44 629
44 630
44 752
44 778
44 889
44 912
44 959
45 74
45 602
45 631
45 673
45 756
45 760
45 843
45 924
45 931
45 937
46 103
46 138
46 357
46 390
46 539
46 709
46 727
46 854
46 874
47 69
47 103
47 191
47 368
47 485
47 559
47 813
48 4
48 6
48 7
48 296
48 344
48 409
48 442
48 654
48 762
48 933
48 947
49 152
49 207
49 251
49 288
49 325
49 654
49 787
49 895
49 966
50 313
50 428
50 485
50 520
50 544
50 662
50 666
50 730
50 761
50 770
50 827
51 32
51 96
51 120
51 295
51 362
51 427
51 861
51 901
51 955
51 985
52 16
52 127
52 182
52 352
52 387
52 400
52 462
52 489
52 498
52 780
52 816
52 831
52 867
52 924
53 314
53 511
53 592
53 636
53 893
54 12
54 46
54 95
54 195
54 272
54 312
54 428
54 439
54 502
54 569
54 624
54 649
54 724
54 827
54 835
54 852
54 965
54 994
55 314
55 570
55 698
55 712
55 825
55 954
56 16
56 153
56 440
56 596
56 599
56 641
56 717
56 861
56 943
56 944
56 989
57 61
57 72
57 78
57 205
57 250
57 268
57 269
57 367
57 372
57 415
57 418
57 546
57 660
57 667
57 693
57 704
57 800
57 868
57 929
58 32
58 49
58 179
58 210
58 222
58 224
58 270
58 346
58 544
58 673
58 696
58 829
58 888
59 4
59 48
59 61
59 246
59 443
59 703
59 784
59 788
59 804
59 928
59 997
60 13
60 22
60 194
60 205
60 395
60 691
60 694
60 765
60 850
60 955
60 979
60 984
61 120
61 137
61 248
61 311
61 432
61 477
61 561
61 650
61 681
61 738
61 756
62 111
62 284
62 402
62 474
62 491
62 495
62 623
62 634
62 719
62 789
62 842
62 911
63 330
63 364
63 388
63 514
63 528
63 532
63 631
63 782
63 830
63 962
64 95
64 270
64 321
64 453
64 516
64 728
64 847
64 898
64 952
64 997
65 158
65 249
65 299
65 444
65 451
65 456
65 518
65 531
65 594
65 638
65 747
65 845
65 928
66 150
66 421
66 745
67 6
67 164
67 399
67 575
67 631
67 907
67 962
68 47
68 89
68 124
68 288
68 371
68 465
69 187
69 193
69 241
69 338
69 361
69 454
69 635
69 772
69 818
69 871
69 899
70 0
70 89
70 124
70 203
70 262
70 288
70 407
70 455
70 532
70 649
70 679
70 696
70 709
70 711
70 723
70 803
70 815
71 18
71 99
71 355
71 745
71 860
71 967
72 35
72 135
72 321
72 322
72 371
72 393
72 428
72 549
72 582
72 618
72 683
72 757
73 46
73 220
73 248
73 458
73 958
74 43
74 65
74 173
74 224
74 548
74 640
74 675
75 43
75 165
75 168
75 172
75 210
75 257
75 429
75 482
75 638
75 656
75 763
75 991
76 43
76 257
76 324
76 484
76 488
76 647
76 658
76 792
76 852
76 856
76 969
77 37
77 49
77 277
77 307
77 458
77 478
77 569
77 606
77 680
77 738
77 758
78 150
78 167
78 512
78 525
78 641
78 742
78 753
78 812
79 41
79 317
79 328
79 443
79 517
79 566
79 680
79 824
80 228
80 458
80 573
80 661
80 837
81 30
81 78
81 114
81 156
81 230
81 368
81 431
81 536
81 613
81 665
81 731
81 856
81 868
81 986
82 35
82 52
82 237
82 494
82 543
82 560
82 588
82 590
82 625
82 726
82 839
82 955
83 68
83 270
83 284
83 414
83 568
83 608
83 626
83 649
83 665
83 767
83 768
83 809
83 860
83 938
84 301
84 429
84 431
84 476
84 615
84 680
84 691
84 757
84 812
84 976
84 998
85 14
85 36
85 227
85 292
85 431
85 444
85 535
85 952
85 989
86 455
86 656
86 841
86 872
86 886
86 934
87 121
87 199
87 366
87 384
87 581
87 668
87 698
87 764
87 814
87 946
88 46
88 60
88 107
88 657
88 670
88 858
88 915
88 959
88 970
89 278
89 343
89 395
89 453
89 536
89 621
89 640
89 704
90 291
90 315
90 325
90 422
90 595
90 676
90 695
90 824
90 845
91 166
91 218
91 301
91 511
91 782
91 791
91 845
91 964
92 65
92 271
92 324
92 346
92 398
92 599
92 710
92 796
92 976
93 4
93 56
93 82
93 202
93 272
93 324
93 352
93 355
93 367
93 571
93 922
94 133
94 284
94 421
94 422
94 585
94 599
94 686
94 887
94 960
95 69
95 127
95 180
95 228
95 282
95 304
95 355
95 381
95 387
95 458
95 576
95 684
95 777
95 851
96 147
96 217
96 249
96 684
96 813
96 938
97 14
97 32
97 59
97 250
97 579
97 615
97 704
97 859
98 3
98 136
98 183
98 215
98 270
98 687
98 775
98 878
98 884
98 942
98 994
99 163
99 298
99 335
99 411
99 420
99 488
99 531
99 608
99 625
99 859
100 127
100 300
100 366
100 377
100 444
100 632
100 746
100 864
100 994
101 414
101 430
101 653
101 656
101 695
101 785
101 787
101 955
102 145
102 445
102 523
102 542
102 643
102 758
102 873
103 242
103 252
103 281
103 296
103 334
103 652
103 674
103 759
103 760
103 886
104 118
104 305
104 431
104 492
104 493
104 783
104 883
104 930
104 950
104 995
105 38
105 196
105 335
105 443
105 523
105 616
105 679
105 840
106 224
106 462
106 646
106 704
106 908
107 89
107 96
107 203
107 379
107 389
107 421
107 515
107 713
107 813
107 850
107 851
107 881
107 926
108 71
108 102
108 105
108 165
108 301
108 353
108 390
108 421
108 441
108 447
108 513
108 579
108 620
108 637
108 752
108 822
108 884
109 86
109 130
109 210
109 228
109 230
109 363
109 484
109 547
109 683
109 754
109 831
109 918
110 61
110 168
110 172
110 289
110 348
110 451
111 105
111 123
111 132
111 174
111 248
111 280
111 290
111 292
111 406
111 516
111 773
112 141
112 175
112 326
112 369
112 461
112 493
112 501
112 517
112 528
112 653
113 92
113 426
113 609
113 610
113 674
113 739
114 209
114 298
114 375
114 418
114 425
114 698
114 737
115 94
115 144
115 160
115 308
115 496
115 614
115 735
115 804
115 963
116 25
116 360
116 361
116 480
116 606
116 758
116 834
117 42
117 169
117 231
117 288
117 289
117 522
117 751
117 777
118 447
118 475
118 547
118 647
118 665
118 721
118 787
118 915
118 967
118 987
119 110
119 271
119 303
119 464
119 515
119 557
119 711
119 851
119 898
119 985
120 190
120 228
120 316
120 490
120 495
120 684
120 723
120 831
120 892
120 906
120 987
121 10
121 58
121 138
121 151
121 354
121 446
121 495
121 550
121 806
121 856
121 890
122 18
122 176
122 342
122 404
122 623
122 695
122 710
122 863
122 934
122 966
123 54
123 101
123 104
123 420
123 476
123 500
123 663
123 691
123 962
124 974
124 975
125 40
125 160
125 272
125 471
125 575
125 740
125 758
125 810
125 881
125 971
126 110
126 219
126 227
126 251
126 271
126 296
126 328
126 332
126 358
126 583
126 641
126 648
126 677
126 844
126 881
126 891
127 97
127 153
127 306
127 324
127 345
127 750
127 780
127 782
127 802
128 193
128 207
128 513
128 595
128 684
128 709
128 839
128 978
129 18
129 93
129 375
129 503
129 637
129 697
129 875
129 904
130 11
130 334
130 661
130 721
130 850
130 978
130 983
130 997
131 286
131 340
131 356
131 377
131 640
131 689
131 720
131 757
131 840
132 116
132 297
132 373
132 491
132 604
132 625
132 660
132 797
132 878
132 898
133 12
133 92
133 267
133 289
133 313
133 354
133 365
133 569
133 577
133 826
133 875
133 907
134 314
134 414
134 454
134 522
134 603
134 751
134 794
134 830
134 847
134 997
135 24
135 98
135 217
135 348
135 418
135 436
135 512
135 619
135 644
135 748
135 766
136 35
136 179
136 181
136 291
136 337
136 393
136 436
136 537
136 693
136 974
137 4
137 59
137 91
137 105
137 360
137 431
137 509
137 582
138 20
138 68
138 71
138 145
138 150
138 203
138 249
138 301
138 413
138 507
138 565
138 874
139 115
139 266
139 276
139 472
139 553
139 639
139 997
140 148
140 163
140 303
140 373
140 406
140 517
140 572
140 620
140 768
140 888
140 947
141 232
141 261
141 309
141 323
141 337
141 539
141 624
141 806
141 815
141 876
141 913
141 984
141 990
142 89
142 150
142 333
142 339
142 410
142 411
142 483
142 836
142 964
142 979
143 106
143 183
143 513
143 554
143 557
143 588
143 622
143 682
143 774
143 841
143 928
144 79
144 111
144 315
144 319
144 428
144 705
144 776
144 876
144 915
144 949
144 956
145 52
145 150
145 151
145 169
145 211
145 218
145 300
145 309
145 334
145 358
145 381
145 478
145 636
145 772
145 868
145 933
145 986
146 7
146 181
146 257
146 308
146 452
146 539
146 549
146 685
147 121
147 232
147 251
147 285
147 286
147 315
147 376
147 449
147 502
147 925
147 958
148 127
148 351
148 479
148 506
148 528
148 886
149 230
149 423
149 481
149 485
149 513
149 554
149 712
149 862
150 175
150 184
150 235
150 279
150 366
150 370
150 424
150 433
150 484
150 636
150 701
150 915
151 250
151 396
151 435
151 559
151 635
151 735
151 917
151 995
151 996
152 17
152 105
152 126
152 138
152 157
152 307
152 380
152 654
152 660
152 842
152 864
153 174
153 175
153 306
153 383
153 402
153 568
153 760
153 895
153 922
153 965
154 30
154 80
154 126
154 405
154 427
154 490
154 550
154 555
154 700
154 779
154 780
154 962
155 90
155 107
155 138
155 277
155 339
155 390
155 701
155 823
155 875
155 925
155 964
156 54
156 142
156 152
156 172
156 273
156 345
156 634
156 762
156 854
156 983
157 503
157 712
157 757
158 22
158 50
158 154
158 175
158 178
158 239
158 345
158 430
158 456
158 460
158 631
158 702
158 835
158 870
158 989
159 83
159 342
159 362
159 384
159 425
159 513
159 580
159 624
159 833
160 60
160 105
160 310
160 431
160 582
160 603
160 764
160 779
160 879
160 887
160 950
161 82
161 92
161 128
161 172
161 369
161 771
161 826
161 926
162 84
162 116
162 249
162 317
162 509
162 557
162 604
162 649
162 680
162 728
162 767
162 843
162 937
162 996
163 10
163 122
163 164
163 290
163 347
163 623
163 683
164 70
164 624
164 665
164 707
164 900
165 154
165 172
165 498
165 514
165 610
165 824
165 968
166 0
166 57
166 331
166 361
166 510
166 517
166 535
166 542
166 705
166 942
167 29
167 111
167 136
167 160
167 218
167 318
167 343
167 369
167 389
167 456
167 580
167 603
167 768
167 808
167 843
168 17
168 458
168 555
168 669
168 720
169 63
169 78
169 115
169 267
169 382
169 383
169 482
169 625
169 672
169 685
169 785
169 934
169 935
170 19
170 92
170 210
170 211
170 348
170 383
170 421
170 535
170 678
170 694
170 744
170 780
170 798
170 828
170 935
171 7
171 117
171 262
171 325
171 462
171 704
171 722
171 723
171 993
172 34
172 386
172 554
172 632
172 934
172 936
173 230
173 290
173 471
173 511
173 700
173 727
173 887
173 973
174 279
174 302
174 335
174 364
174 534
174 819
174 912
175 98
175 540
175 544
175 633
175 873
175 919
176 49
176 110
176 203
176 220
176 254
176 528
176 688
176 773
176 851
176 865
176 876
177 82
177 257
177 380
177 410
177 412
177 724
177 745
177 855
177 860
177 926
177 940
177 986
177 997
178 116
178 171
178 328
178 380
178 500
178 714
178 768
179 261
179 443
179 484
179 505
179 535
179 546
179 666
179 687
179 717
179 756
179 830
179 884
180 72
180 279
180 314
180 340
180 345
180 487
180 505
181 237
181 362
181 367
181 428
181 702
181 880
182 246
182 343
182 450
182 843
182 872
183 126
183 371
183 634
183 658
183 842
184 88
184 94
184 380
184 384
184 398
184 404
184 541
184 564
184 653
184 775
184 870
184 878
185 2
185 108
185 177
185 352
185 395
185 482
185 594
185 739
185 753
185 819
185 866
185 926
186 120
186 130
186 149
186 400
186 846
186 854
186 961
186 988
187 285
187 554
187 664
187 780
187 850
187 855
187 925
187 952
188 129
188 131
188 348
188 439
188 508
188 514
188 781
189 8
189 160
189 187
189 285
189 305
189 306
189 361
189 402
189 568
189 661
189 715
189 748
189 873
189 972
189 990
190 20
190 173
190 222
190 253
190 424
190 426
191 278
191 478
191 628
191 644
191 801
191 914
191 923
192 201
192 506
192 517
192 601
192 687
192 767
192 812
193 65
193 131
193 199
193 323
193 337
193 392
193 530
193 744
193 753
193 993
194 180
194 357
194 464
194 547
194 595
194 733
194 744
194 779
194 786
194 953
194 955
195 97
195 169
195 434
195 530
195 534
195 781
195 885
195 935
196 88
196 151
196 211
196 255
196 289
196 355
196 371
196 386
196 415
196 953
197 257
197 261
197 291
197 321
197 326
197 429
197 601
197 671
197 805
197 828
197 907
198 102
198 181
198 452
198 510
198 518
198 593
198 778
198 887
198 923
198 942
198 952
199 85
199 128
199 317
199 450
199 483
199 526
199 571
199 650
199 683
199 750
199 846
199 941
199 978
200 104
200 152
200 559
200 593
200 606
200 723
200 782
200 803
200 830
200 981
201 1
201 150
201 225
201 227
201 231
201 371
201 513
201 527
201 554
201 564
201 597
201 600
201 695
201 697
201 732
201 733
201 758
201 770
201 794
201 843
201 884
201 896
202 58
202 60
202 280
202 326
202 432
202 532
202 600
202 658
202 715
202 787
202 931
202 953
203 35
203 48
203 252
203 363
203 488
203 702
203 739
204 262
204 274
204 341
204 358
204 444
204 781
205 142
205 220
205 259
205 348
205 363
205 482
205 499
205 517
205 675
205 683
205 703
205 857
205 958
206 110
206 194
206 235
206 275
206 377
206 418
206 507
206 521
206 568
206 580
206 679
206 740
206 762
207 14
207 115
207 215
207 258
207 339
207 415
207 461
207 480
207 584
207 620
207 851
207 874
207 935
208 94
208 257
208 298
208 299
208 507
208 602
208 672
208 706
208 821
209 203
209 253
209 264
209 445
209 461
209 493
209 999
210 268
210 305
210 323
210 493
210 937
210 981
211 633
211 641
212 13
212 44
212 67
212 152
212 243
212 284
212 528
212 756
212 774
212 872
212 882
213 14
213 30
213 135
213 341
213 356
213 424
213 504
213 531
213 559
213 572
213 620
213 627
213 909
213 974
214 77
214 178
214 246
214 430
214 466
214 519
214 792
214 842
214 874
214 879
214 899
215 33
215 163
215 569
215 584
215 608
215 689
215 725
215 887
216 68
216 185
216 305
216 306
216 426
216 494
216 508
216 643
216 728
216 901
216 996
217 158
217 262
217 297
217 305
217 788
217 947
218 16
218 157
218 254
218 294
218 334
218 485
218 707
218 797
218 912
218 928
218 944
218 993
218 999
219 8
219 461
219 693
219 943
219 990
220 29
220 249
220 370
220 575
220 626
220 628
220 665
220 770
220 877
220 892
220 976
221 45
221 98
221 186
221 266
221 349
221 387
221 393
221 408
221 412
221 637
221 709
221 710
221 721
221 765
221 780
221 854
222 33
222 262
222 476
222 513
222 617
222 703
222 718
222 824
222 832
222 841
222 854
222 879
222 965
222 998
223 78
223 80
223 189
223 316
223 466
223 578
223 608
223 689
223 809
223 821
223 868
223 879
223 986
224 361
224 431
224 883
224 932
224 945
225 51
225 88
225 98
225 253
225 349
225 461
225 468
225 591
225 593
225 635
225 703
225 939
226 51
226 187
226 270
226 344
226 366
226 392
226 417
226 448
226 689
226 846
227 111
227 599
227 748
227 769
227 776
227 785
227 978
228 160
228 203
228 221
228 222
228 355
228 488
228 538
228 693
228 713
228 767
228 870
229 15
229 37
229 40
229 58
229 220
229 330
229 466
230 9
230 28
230 273
230 414
230 592
230 698
230 976
231 47
231 70
231 168
231 438
231 480
231 573
231 708
231 761
231 878
231 963
232 19
232 81
232 167
232 224
232 226
232 380
232 426
232 476
232 566
232 589
232 680
232 711
232 772
233 84
233 87
233 120
233 214
233 385
233 410
233 534
233 571
233 581
233 600
233 672
233 916
233 982
234 163
234 195
234 241
234 271
234 336
234 482
234 532
234 554
234 571
234 809
234 810
234 837
234 922
235 74
235 145
235 213
235 288
235 455
235 555
235 638
235 854
235 943
236 137
236 162
236 217
236 281
236 316
236 357
236 468
236 469
236 643
236 887
236 891
237 115
237 147
237 232
237 254
237 271
237 395
237 441
237 749
237 916
238 197
238 219
238 264
238 305
238 312
238 456
238 733
238 746
238 773
239 140
239 234
239 260
239 309
239 485
239 592
239 597
239 747
239 836
239 913
240 247
240 293
240 336
240 383
240 510
240 598
240 616
240 827
240 881
240 942
241 225
241 313
241 325
241 374
241 580
241 739
241 836
241 850
242 436
242 752
242 782
242 834
242 885
242 931
243 95
243 138
243 180
243 413
243 431
243 560
243 576
243 647
243 732
244 36
244 54
244 225
244 229
244 307
244 338
244 349
244 409
244 475
244 499
244 539
244 789
244 790
244 815
244 921
245 1
245 72
245 145
245 195
245 914
245 990
246 21
246 70
246 79
246 179
246 298
246 306
246 472
246 775
246 798
246 830
247 24
247 71
247 225
247 459
247 461
247 515
247 535
247 568
247 624
247 701
247 776
247 781
247 888
248 35
248 97
248 319
248 471
248 522
248 678
248 856
249 152
249 177
249 247
249 407
249 446
249 482
249 836
249 848
249 878
249 881
249 895
250 22
250 93
250 153
250 278
250 282
250 313
250 421
250 603
250 979
251 142
251 171
251 433
251 473
251 476
251 603
251 658
251 898
252 30
252 35
252 336
252 495
252 502
252 604
252 615
252 625
252 672
252 744
252 853
252 883
252 946
253 36
253 69
253 76
253 121
253 238
253 435
253 483
253 519
253 557
253 599
253 755
253 787
253 986
254 3
254 27
254 44
254 71
254 102
254 199
254 241
254 282
254 434
254 457
254 466
254 510
254 583
254 659
254 663
254 847
254 873
255 475
255 595
255 601
255 832
256 161
256 221
256 406
256 484
256 534
256 554
256 636
256 644
256 693
256 698
256 711
256 766
256 905
257 26
257 80
257 151
257 332
257 414
257 419
257 508
257 590
257 740
257 776
257 842
257 865
257 871
257 899
257 921
258 77
258 155
258 170
258 208
258 557
258 671
258 737
258 762
259 66
259 109
259 180
259 276
259 338
259 361
259 380
259 411
259 506
259 548
259 579
259 617
259 654
259 689
259 738
259 739
259 872
259 941
260 186
260 247
260 262
260 332
260 420
260 466
260 482
260 570
260 627
260 828
260 850
260 888
261 19
261 47
261 115
261 157
261 225
261 486
261 527
261 631
261 642
261 648
261 669
261 865
262 60
262 298
262 548
262 573
262 582
262 618
262 842
262 894
262 903
262 999
263 76
263 212
263 315
263 451
263 804
263 864
263 885
263 912
263 988
264 93
264 250
264 405
264 455
264 460
264 487
264 491
264 593
264 781
264 851
264 959
264 965
265 130
265 437
265 529
265 715
265 737
265 747
265 941
266 128
266 153
266 381
266 420
266 516
266 594
266 699
266 854
266 861
267 65
267 85
267 141
267 328
267 396
267 507
267 594
267 603
267 815
267 820
267 839
268 29
268 141
268 144
268 334
268 503
268 556
268 566
268 613
268 722
268 748
268 952
269 1
269 150
269 191
269 208
269 311
269 388
269 428
269 448
269 473
269 496
269 575
269 741
269 821
269 839
270 84
270 114
270 189
270 244
270 259
270 317
270 490
270 541
270 577
270 586
270 595
270 605
270 802
270 907
270 950
270 983
271 39
271 40
271 105
271 180
271 417
271 524
271 578
271 585
271 620
271 853
271 862
272 28
272 134
272 297
272 434
272 464
272 632
272 806
272 807
272 870
272 948
272 958
272 982
273 131
273 136
273 163
273 276
273 543
273 603
273 650
273 884
273 909
274 26
274 75
274 163
274 276
274 311
274 391
274 409
274 446
274 453
274 533
274 556
274 574
274 696
274 775
275 517
275 771
275 785
275 924
276 214
276 222
276 250
276 273
276 324
276 547
276 563
276 589
276 785
276 795
276 805
276 810
276 853
276 998
277 58
277 109
277 177
277 194
277 341
277 481
277 500
277 598
277 930
278 122
278 139
278 396
278 650
278 678
278 691
278 735
278 948
278 955
279 59
279 158
279 174
279 243
279 574
279 617
279 789
279 814
279 917
280 206
280 354
280 485
280 504
281 20
281 150
281 250
281 302
281 369
281 401
281 670
281 688
281 722
282 197
282 259
282 347
282 649
282 651
282 656
282 685
282 784
282 927
282 956
283 11
283 106
283 176
283 292
283 427
283 492
283 516
283 539
283 654
283 763
283 799
283 828
283 866
284 145
284 258
284 338
284 554
284 751
284 771
285 16
285 216
285 283
285 383
285 453
285 493
285 560
285 622
285 731
285 775
285 792
285 879
285 908
286 227
286 340
286 368
286 520
286 534
286 577
286 766
286 843
286 890
287 5
287 25
287 328
287 349
287 362
287 468
287 488
287 652
287 722
287 759
287 791
287 817
287 977
288 3
288 144
288 424
288 626
288 833
288 952
289 190
289 307
289 314
289 408
289 549
289 607
289 639
289 795
290 42
290 53
290 153
290 668
290 788
291 86
291 100
291 266
291 425
291 687
291 719
291 753
291 766
291 787
291 843
291 874
291 974
292 39
292 126
292 393
292 465
292 573
292 619
292 641
292 861
293 72
293 264
293 395
293 511
293 622
293 645
293 736
293 738
293 825
293 856
294 28
294 145
295 142
295 171
295 265
295 302
295 450
295 790
295 905
296 5
296 16
296 42
296 180
296 362
296 365
296 402
296 459
296 589
296 608
296 727
296 807
296 960
297 188
297 272
297 601
297 665
297 713
297 771
297 784
297 807
297 834
297 900
297 944
298 183
298 433
298 479
298 776
298 814
298 870
299 208
299 534
299 580
299 858
299 959
299 966
300 33
300 98
300 224
300 234
300 254
300 319
300 342
300 349
300 383
300 425
300 463
300 468
300 651
300 759
300 800
300 886
301 71
301 194
301 347
301 363
301 393
301 549
301 575
301 691
301 748
301 881
301 907
301 952
302 60
302 72
302 307
302 403
302 409
302 429
302 660
302 661
302 738
302 867
303 31
303 259
303 374
303 482
303 507
303 709
303 733
303 954
304 113
304 355
304 371
304 396
304 521
304 724
304 863
305 146
305 280
305 303
305 400
305 546
305 621
305 852
306 81
306 86
306 201
306 327
306 394
306 868
306 962
306 999
307 333
307 587
307 700
307 740
307 832
307 856
308 117
308 204
308 302
308 517
308 531
308 534
308 649
308 696
308 893
308 901
309 197
309 295
309 298
309 404
309 530
309 741
309 833
310 10
310 134
310 175
310 191
310 198
310 211
310 222
310 238
310 340
310 391
310 442
310 443
310 479
310 643
310 649
310 824
310 881
311 74
311 223
311 296
311 329
311 530
311 751
311 929
312 72
312 149
312 188
312 323
312 394
312 436
312 616
312 649
312 682
312 976
313 66
313 270
313 329
313 419
313 642
313 717
313 765
313 901
314 104
314 231
314 298
314 309
314 622
314 660
314 807
314 815
314 880
314 973
315 126
315 186
315 374
315 498
315 586
315 590
315 760
315 978
316 149
316 220
316 274
316 421
316 607
316 657
316 745
316 772
317 7
317 60
317 109
317 208
317 424
317 540
317 541
317 761
317 844
317 896
317 948
318 11
318 165
318 187
318 321
318 337
318 405
318 490
318 529
318 748
318 801
318 806
318 939
318 947
318 974
319 50
319 300
319 346
319 376
319 398
319 434
319 536
319 585
319 590
319 635
319 754
319 946
319 966
320 4
320 19
320 87
320 89
320 170
320 210
320 241
320 304
320 457
320 510
320 553
320 623
320 645
320 757
320 828
320 853
320 872
320 932
320 945
320 985
321 249
321 382
321 696
321 740
321 964
322 51
322 114
322 213
322 254
322 276
322 775
322 855
323 133
323 227
323 316
323 377
323 406
323 408
323 503
323 918
324 102
324 136
324 194
324 315
324 443
324 493
324 536
324 562
324 717
325 34
325 36
325 71
325 166
325 175
325 348
325 483
325 550
325 903
325 919
325 925
326 134
326 144
326 170
326 200
326 306
326 653
326 737
326 893
326 948
327 21
327 35
327 82
327 173
327 265
327 618
327 691
327 718
327 848
327 861
327 921
328 277
328 385
328 461
328 565
328 595
328 700
328 729
328 816
328 826
328 840
328 864
328 884
328 885
328 916
329 35
329 98
329 188
329 232
329 345
329 394
329 448
329 453
329 464
329 516
329 651
329 664
329 707
329 812
329 997
330 74
330 139
330 227
330 247
330 566
330 568
330 584
330 738
330 881
331 29
331 133
331 157
331 416
331 425
331 483
331 545
331 600
331 668
331 983
331 989
332 90
332 114
332 136
332 157
332 197
332 491
332 515
332 595
332 713
332 937
332 970
333 91
333 92
333 96
333 360
333 461
333 556
333 573
333 705
333 706
333 850
333 868
333 911
334 93
334 258
334 271
334 273
334 337
334 361
334 549
334 617
334 621
334 678
334 714
334 738
334 952
334 991
335 103
335 180
335 513
335 529
335 619
335 810
336 117
336 124
336 143
336 183
336 219
336 364
336 585
336 604
336 630
336 644
336 889
336 997
337 266
337 307
337 386
337 402
337 512
337 563
337 571
337 596
337 612
337 715
337 827
337 896
337 951
338 383
338 423
338 488
338 552
338 575
338 592
338 732
338 752
339 14
339 24
339 72
339 247
339 317
339 496
339 500
339 512
339 725
339 833
340 67
340 228
340 298
340 366
340 430
340 503
340 559
340 784
340 788
340 979
341 17
341 40
341 132
341 293
341 300
341 424
341 650
341 730
341 849
341 877
342 155
342 693
342 950
343 190
343 215
343 543
343 688
343 748
343 753
343 786
343 853
343 979
343 989
344 54
344 205
344 433
344 654
344 809
345 2
345 608
345 716
345 721
345 751
345 819
345 898
345 907
345 986
346 16
346 143
346 331
346 501
346 505
346 549
346 571
346 655
346 676
346 757
346 894
346 941
346 975
346 980
347 214
347 220
347 511
347 536
347 620
347 725
347 807
347 899
347 909
347 957
348 132
348 194
348 352
348 402
348 478
348 585
348 733
348 784
348 860
348 877
348 938
348 976
349 222
349 234
349 281
349 339
349 372
349 379
349 453
349 554
349 623
349 706
349 750
349 851
349 943
349 954
350 264
350 295
350 549
350 606
350 782
350 908
351 6
351 54
351 94
351 121
351 141
351 313
351 315
351 410
351 454
351 723
351 778
351 890
351 962
352 66
352 131
352 264
352 365
352 413
352 617
352 755
352 773
352 800
352 930
353 27
353 135
353 208
353 232
353 291
353 316
353 323
353 379
353 662
353 818
353 880
353 937
354 195
354 242
354 295
354 440
354 472
354 526
354 602
354 637
354 700
354 703
354 742
354 755
354 847
354 937
355 65
355 259
355 431
355 586
355 633
355 662
355 892
356 26
356 147
356 166
356 403
356 475
356 476
356 506
356 518
356 715
356 751
356 863
356 972
357 117
357 289
357 493
357 534
357 610
357 650
357 673
357 872
357 874
357 876
358 77
358 113
358 318
358 377
358 440
358 802
358 841
358 879
358 942
358 993
359 161
359 253
359 301
359 523
359 652
359 655
359 710
359 821
359 984
360 13
360 150
360 348
360 565
360 770
360 823
361 6
361 20
361 211
361 236
361 305
361 455
361 517
361 552
361 656
361 975
362 29
362 273
362 450
362 826
362 947
362 988
363 16
363 25
363 61
363 260
363 530
363 552
363 664
363 680
363 893
363 988
364 64
364 74
364 170
364 220
364 279
364 333
364 412
364 558
364 776
364 800
364 871
364 874
364 927
364 983
365 280
365 318
365 395
365 411
365 571
365 684
365 835
366 32
366 193
366 326
366 365
366 372
366 412
366 510
366 671
366 767
366 864
366 909
366 961
367 170
367 197
367 218
367 323
367 526
367 696
367 751
367 843
367 865
367 878
367 983
368 66
368 87
368 332
368 677
369 49
369 200
369 228
369 235
369 239
369 391
369 492
369 579
369 598
369 618
369 628
369 752
369 759
369 782
369 863
369 963
370 0
370 41
370 94
370 460
370 655
370 672
370 787
370 818
370 892
371 61
371 68
371 94
371 134
371 225
371 446
371 489
371 535
372 135
372 148
372 164
372 190
372 336
372 402
372 488
372 493
372 582
372 637
372 725
372 778
372 896
372 989
373 144
373 230
373 264
373 320
373 377
373 578
373 765
373 795
373 869
373 925
374 107
374 137
374 300
374 356
374 415
374 540
374 579
374 591
374 668
374 710
374 809
374 830
374 942
375 38
375 58
375 72
375 93
375 178
375 241
375 292
375 496
375 542
375 824
375 970
376 85
376 222
376 433
376 548
376 549
376 630
376 631
376 694
376 748
376 892
376 913
376 937
376 959
376 979
377 192
377 223
377 307
377 455
377 756
378 54
378 65
378 157
378 160
378 245
378 247
378 264
378 343
378 418
378 609
378 661
378 762
378 877
378 939
379 6
379 106
379 176
379 177
379 223
379 259
379 916
379 944
379 951
380 29
380 89
380 140
380 191
380 247
380 288
380 350
380 388
380 429
380 432
380 440
380 744
380 759
380 860
380 879
380 883
380 895
380 915
381 103
381 132
381 279
381 320
381 334
381 361
381 530
381 558
381 680
381 718
381 789
381 875
381 985
382 21
382 22
382 208
382 323
382 341
382 344
382 357
382 398
382 483
382 506
382 674
382 675
382 869
382 979
383 27
383 169
383 363
383 381
383 443
383 468
383 533
383 638
383 694
383 713
383 878
383 955
384 15
384 29
384 31
384 69
384 73
384 208
384 294
384 381
384 389
384 601
384 608
384 642
384 647
384 894
384 926
385 162
385 520
385 665
385 726
385 759
385 796
385 815
385 818
385 862
385 972
385 974
386 135
386 160
386 172
386 221
386 250
386 424
386 436
386 460
386 560
386 810
386 818
386 836
386 960
387 183
387 234
387 253
387 260
387 411
387 472
387 781
387 978
388 155
388 177
388 446
388 483
388 690
388 827
388 899
389 21
389 146
389 246
389 338
389 367
389 461
389 498
389 774
389 776
389 836
390 66
390 654
390 726
390 766
390 769
390 823
390 919
391 30
391 108
391 131
391 424
391 438
391 770
391 871
391 905
391 913
391 974
392 24
392 91
392 324
392 374
392 592
392 648
392 872
392 952
392 954
392 966
392 972
393 103
393 190
393 330
393 567
393 627
393 752
393 802
394 30
394 86
394 109
394 294
394 604
394 629
394 647
394 713
394 793
394 862
394 902
395 122
395 221
395 310
395 483
395 664
395 688
395 916
395 985
396 65
396 75
396 385
396 420
396 615
396 628
396 736
396 962
396 998
397 78
397 84
397 96
397 183
397 278
397 291
397 391
397 444
397 568
397 642
397 738
397 838
398 58
398 123
398 145
398 181
398 251
398 275
398 299
398 300
398 476
398 494
398 627
398 630
398 763
398 922
399 57
399 114
399 464
399 490
399 740
399 742
399 787
399 823
399 868
400 34
400 65
400 173
400 396
400 411
400 423
400 455
400 528
400 582
400 587
400 747
400 755
400 866
400 891
401 101
401 173
401 479
401 483
401 578
401 689
401 710
401 807
401 963
402 93
402 126
402 281
402 403
402 442
402 447
402 561
402 792
402 813
402 878
402 880
402 937
402 979
402 989
403 36
403 149
403 365
403 416
403 482
403 497
403 507
403 535
403 626
403 820
403 952
403 965
404 86
404 423
404 438
404 647
404 688
404 801
404 996
405 167
405 214
405 303
405 462
405 475
405 567
405 730
405 744
405 789
405 904
405 915
406 91
406 191
406 215
406 384
406 444
406 519
406 548
406 961
407 190
407 193
407 196
407 409
407 482
407 654
407 840
407 887
408 19
408 75
408 89
408 103
408 204
408 330
408 354
408 412
408 426
408 532
408 546
408 562
408 879
408 959
409 130
409 290
409 312
409 506
409 568
409 755
409 830
409 893
409 997
410 31
410 160
410 198
410 268
410 333
410 384
410 389
410 505
410 510
410 541
410 575
410 622
410 648
410 723
410 879
410 938
411 44
411 47
411 60
411 80
411 123
411 448
411 467
411 595
411 922
411 923
412 115
412 202
412 224
412 228
412 239
412 300
412 305
412 365
412 431
412 465
412 728
412 733
412 768
412 900
412 987
413 192
413 258
413 316
413 418
413 420
413 562
413 569
413 588
413 652
413 756
413 772
413 774
413 810
414 111
414 134
414 359
414 448
414 458
414 511
414 523
414 528
414 612
414 771
415 152
415 234
415 367
415 420
415 448
415 596
415 648
415 667
415 720
415 890
415 995
416 37
416 115
416 129
416 156
416 402
416 550
416 632
416 741
416 846
416 921
417 17
417 58
417 65
417 262
417 452
417 664
417 840
417 847
417 934
418 32
418 124
418 149
418 183
418 445
418 521
418 714
418 747
418 799
418 871
418 872
418 900
419 84
419 90
419 169
419 297
419 311
419 366
419 422
419 441
419 507
419 989
420 22
420 35
420 46
420 154
420 156
420 682
420 687
420 751
420 820
420 951
421 35
421 191
421 199
421 364
421 403
421 559
421 608
421 769
421 893
422 40
422 103
422 107
422 108
422 120
422 234
422 306
422 346
422 628
422 873
423 121
423 207
423 269
423 300
423 360
423 506
423 600
423 783
423 872
423 889
423 951
424 189
424 303
424 326
424 493
424 500
424 524
424 655
424 879
424 926
425 306
425 308
425 422
425 905
426 38
426 184
426 359
426 490
426 560
426 609
426 657
426 670
426 771
426 779
426 794
426 840
426 922
427 22
427 31
427 118
427 137
427 172
427 203
427 341
427 362
427 589
427 792
427 797
428 93
428 102
428 161
428 182
428 278
428 383
428 427
428 498
428 583
428 584
428 605
428 779
428 907
429 154
429 254
429 296
429 333
429 384
429 432
429 561
429 573
429 651
429 717
429 822
430 93
430 313
430 321
430 377
430 394
430 603
430 806
430 825
430 849
431 135
431 328
431 353
431 432
431 478
431 488
431 531
431 572
431 627
431 629
431 713
431 741
431 747
431 947
432 4
432 207
432 208
432 320
432 374
432 499
432 570
432 716
432 876
432 946
433 288
433 413
433 420
433 540
433 605
433 665
434 112
434 123
434 202
434 212
434 221
434 271
434 301
434 406
434 507
434 586
434 666
434 697
434 832
435 13
435 18
435 80
435 131
435 294
435 323
435 390
435 397
435 406
435 708
435 779
436 134
436 308
436 416
436 528
436 981
437 21
437 34
437 49
437 61
437 136
437 181
437 210
437 233
437 397
437 415
437 445
437 670
437 762
437 837
437 997
438 26
438 136
438 167
438 168
438 177
438 203
438 297
438 422
438 465
438 554
438 658
438 745
438 895
439 29
439 58
439 80
439 253
439 265
439 309
439 335
439 421
439 464
439 587
439 645
439 930
440 191
440 280
440 485
440 532
440 544
440 605
440 712
440 726
440 754
440 994
441 51
441 66
441 72
441 151
441 242
441 283
441 294
441 321
441 427
441 826
441 980
441 981
442 66
442 99
442 104
442 128
442 213
442 241
442 280
442 521
442 643
442 647
443 6
443 8
443 74
443 168
443 310
443 380
443 773
443 790
443 967
444 38
444 100
444 144
444 165
444 177
444 345
444 387
444 512
444 542
444 596
444 865
444 909
444 986
445 144
445 148
445 298
445 383
445 411
445 436
445 500
445 544
445 545
445 607
445 615
445 682
446 18
446 152
446 188
446 358
446 447
446 448
446 513
446 593
446 656
446 657
446 821
447 25
447 211
447 295
447 413
447 524
447 554
447 601
447 730
447 798
447 936
447 985
448 116
448 118
448 138
448 188
448 393
448 447
448 563
448 627
448 816
448 979
448 997
449 183
449 211
449 270
449 376
449 503
449 638
449 709
449 729
450 5
450 37
450 48
450 275
450 354
450 486
450 571
450 649
450 656
450 869
451 18
451 476
451 479
451 500
451 593
451 727
451 754
451 805
451 902
452 23
452 274
452 341
452 352
452 384
452 489
452 660
452 681
452 903
452 997
453 89
453 266
453 280
453 468
453 470
453 586
453 598
453 705
453 740
453 994
454 13
454 74
454 203
454 219
454 371
454 740
454 796
454 814
454 851
454 863
455 29
455 261
455 308
455 368
455 384
455 395
455 431
455 477
455 571
455 862
455 900
455 972
456 25
456 64
456 129
456 214
456 335
456 484
456 505
456 526
456 621
456 631
456 663
456 890
456 939
456 951
457 7
457 83
457 366
457 503
457 511
457 684
457 743
457 789
457 917
457 927
458 100
458 305
458 376
458 649
458 829
458 843
458 865
459 123
459 158
459 316
459 335
459 380
459 438
459 528
460 24
460 238
460 401
460 428
460 603
460 764
460 841
460 921
460 952
460 967
461 13
461 67
461 360
461 570
461 594
461 624
461 631
461 710
461 715
461 778
461 821
461 897
461 910
462 349
462 464
462 643
462 796
463 3
463 19
463 395
463 481
463 534
463 651
463 822
463 850
463 941
464 254
464 261
464 273
464 350
464 411
464 414
464 437
464 557
464 649
464 681
464 703
464 833
464 942
465 68
465 131
465 212
465 255
465 294
465 301
465 523
465 711
465 756
465 847
466 105
466 172
466 230
466 429
466 598
466 649
466 771
467 112
467 275
467 488
467 524
467 605
467 937
467 946
468 91
468 100
468 138
468 192
468 244
468 372
468 391
468 781
468 793
469 12
469 60
469 117
469 268
469 308
469 352
469 395
469 451
469 537
469 573
469 701
469 918
469 997
470 82
470 156
470 294
470 319
470 368
470 497
470 572
470 577
470 681
470 733
470 780
470 787
470 916
471 63
471 105
471 107
471 118
471 151
471 156
471 174
471 207
471 305
471 380
472 161
472 245
472 272
472 310
472 369
473 47
473 107
473 278
473 359
473 388
473 748
473 772
473 790
473 810
473 884
473 923
473 926
473 977
473 978
474 218
474 226
474 255
474 333
474 358
474 393
474 712
474 844
474 853
474 905
474 942
475 24
475 379
475 405
475 788
475 879
475 930
476 17
476 86
476 488
476 613
476 659
476 750
476 783
476 874
477 9
477 99
477 108
477 172
477 236
477 254
477 446
477 492
477 699
477 800
477 871
477 893
478 60
478 165
478 186
478 333
478 352
478 381
478 392
478 817
479 87
479 470
479 522
479 683
479 717
479 919
479 954
479 976
479 977
480 48
480 106
480 331
480 676
480 677
481 64
481 129
481 133
481 139
481 453
481 650
481 675
481 735
481 783
482 121
482 274
482 321
482 331
482 438
482 648
482 781
482 905
482 906
483 3
483 168
483 174
483 267
483 398
483 602
483 823
483 858
484 21
484 244
484 762
484 985
485 172
485 226
485 234
485 290
485 420
485 916
485 921
486 19
486 65
486 280
486 370
486 389
486 481
486 539
486 696
486 841
486 852
486 882
486 890
486 938
486 990
487 191
487 433
487 564
487 601
487 767
487 836
487 893
488 48
488 184
488 236
488 317
488 493
488 519
488 520
488 666
488 670
488 735
488 746
488 751
488 812
488 828
488 950
488 980
489 312
489 337
489 349
489 452
489 568
489 626
489 796
489 921
490 61
490 389
490 475
490 538
490 658
490 706
490 709
490 988
490 996
491 103
491 149
491 262
491 302
491 448
491 508
491 635
491 702
491 748
492 406
492 520
492 621
492 645
492 705
493 8
493 15
493 28
493 76
493 176
493 320
493 439
493 441
493 637
493 850
493 854
493 929
493 976
494 105
494 169
494 181
494 183
494 282
494 361
494 379
494 424
494 846
494 921
495 14
495 50
495 133
495 146
495 522
495 633
495 748
496 16
496 243
496 330
496 413
496 441
496 528
496 601
496 814
496 984
497 74
497 211
497 282
497 338
497 695
498 1
498 40
498 109
498 216
498 306
498 408
498 494
498 532
498 770
498 772
498 811
498 845
498 895
498 919
498 943
499 44
499 72
499 92
499 132
499 159
499 193
499 228
499 234
499 405
499 573
499 712
499 723
499 735
499 831
499 994
500 4
500 51
500 449
500 490
500 656
500 816
501 65
501 113
501 282
501 365
501 427
501 462
501 549
501 552
501 699
501 779
501 842
501 901
501 909
501 946
501 983
502 189
502 414
502 460
502 484
502 591
502 592
502 696
502 706
502 735
502 840
502 843
502 900
502 970
503 20
503 28
503 362
503 443
503 640
503 938
504 20
504 407
504 505
504 649
504 788
504 920
505 11
505 130
505 258
505 312
505 380
505 459
505 488
505 667
505 746
505 752
505 942
505 950
505 988
506 134
506 247
506 318
506 649
506 832
506 833
506 898
507 33
507 251
507 291
507 588
507 859
507 878
507 893
508 20
508 57
508 102
508 131
508 143
508 184
508 246
508 502
508 514
508 517
508 554
508 742
508 833
508 929
509 142
509 621
509 681
509 792
509 966
510 144
510 164
510 243
510 266
510 463
510 586
510 601
510 606
510 678
510 874
510 991
511 36
511 85
511 153
511 166
511 513
511 572
511 641
511 646
511 736
511 826
511 862
512 14
512 89
512 351
512 455
512 672
512 828
512 903
512 908
512 999
513 5
513 144
513 346
513 409
513 510
513 557
513 684
513 718
513 898
514 220
514 266
514 327
514 431
514 444
514 516
514 532
514 551
514 608
514 727
514 928
515 204
515 250
515 368
515 635
515 650
515 714
515 760
515 807
515 831
515 862
515 864
515 869
515 987
515 990
516 68
516 146
516 240
516 295
516 400
516 627
516 666
516 775
516 939
516 962
517 80
517 186
517 193
517 335
517 402
517 479
517 772
517 832
517 999
518 22
518 89
518 94
518 280
518 634
518 816
518 946
518 947
518 969
519 115
519 257
519 262
519 303
519 421
519 480
519 481
519 523
519 761
519 826
519 880
520 405
520 472
520 480
520 560
520 581
520 646
520 721
521 213
521 258
521 385
521 392
521 555
521 617
521 689
521 699
521 836
521 848
521 895
521 921
522 53
522 101
522 166
522 331
522 373
522 604
522 693
522 717
522 718
522 781
522 847
522 892
523 158
523 248
523 275
523 361
523 376
523 385
523 406
523 409
523 508
523 579
523 678
523 788
523 827
523 908
524 75
524 77
524 92
524 115
524 151
524 207
524 215
524 255
524 336
524 366
524 418
524 557
524 859
525 138
525 147
525 346
525 404
525 428
525 480
525 501
525 506
525 699
525 822
526 20
526 286
526 324
526 480
526 629
526 708
526 788
526 793
526 807
526 820
527 139
527 768
527 989
528 73
528 205
528 224
528 260
528 801
528 932
529 36
529 62
529 517
529 562
529 611
529 665
529 735
529 784
529 918
530 64
530 79
530 118
530 176
530 272
530 373
530 641
530 783
530 826
531 51
531 82
531 191
531 197
531 284
531 565
531 823
531 943
531 951
532 54
532 56
532 127
532 147
532 212
532 569
532 696
532 818
532 898
533 177
533 325
533 412
533 603
533 649
533 732
533 740
533 821
533 832
533 879
533 889
534 44
534 219
534 439
534 562
534 790
534 816
535 13
535 140
535 189
535 300
535 416
535 618
535 631
535 729
535 855
535 942
535 981
536 57
536 70
536 128
536 298
536 517
536 530
536 656
536 689
536 711
536 738
536 979
537 83
537 139
537 147
537 312
537 467
537 487
537 503
537 509
538 26
538 154
538 171
538 267
538 311
538 625
539 17
539 183
539 262
539 428
539 465
539 510
539 563
539 592
539 699
539 735
539 810
539 860
539 990
540 88
540 105
540 111
540 171
540 180
540 200
540 233
540 241
540 378
540 424
540 494
540 564
540 602
540 605
541 84
541 132
541 217
541 224
541 442
541 685
541 689
541 705
542 32
542 71
542 147
542 211
542 363
542 374
542 437
542 471
542 650
542 737
542 760
543 77
543 87
543 131
543 310
543 391
543 526
543 574
543 627
543 771
543 962
544 56
544 302
544 389
544 405
544 406
544 730
544 888
545 275
545 324
545 357
545 359
545 443
545 505
545 574
545 684
545 710
545 971
546 153
546 154
546 183
546 233
546 327
546 352
546 411
546 412
546 437
546 503
546 655
546 792
546 850
547 87
547 239
547 579
547 580
547 594
547 622
547 689
547 777
547 812
547 901
547 919
547 940
547 953
548 64
548 118
548 292
548 306
548 363
548 437
548 486
548 556
548 602
548 669
548 815
548 851
548 993
549 121
549 123
549 147
549 152
549 252
549 479
549 505
549 642
549 685
549 862
549 968
550 22
550 76
550 86
550 148
550 321
550 323
550 380
550 529
550 559
550 711
550 886
550 894
551 54
551 124
551 128
551 176
551 195
551 257
551 444
551 539
551 544
551 573
551 629
551 634
551 673
551 725
551 791
551 878
551 884
551 940
551 952
551 965
551 998
552 43
552 169
552 299
552 492
552 598
552 670
552 688
552 727
552 828
552 870
552 905
553 395
553 423
553 430
553 479
553 511
553 548
553 617
553 767
553 959
554 115
554 302
554 361
554 373
554 586
554 589
554 721
554 741
554 821
554 854
554 913
554 924
554 939
554 949
555 135
555 427
555 654
555 714
555 944
556 79
556 255
556 385
556 539
556 558
556 617
556 979
557 108
557 260
557 346
557 455
557 525
557 658
557 897
557 971
558 12
558 29
558 32
558 35
558 59
558 89
558 98
558 247
558 375
558 394
558 534
558 548
558 787
558 837
558 922
559 162
559 171
559 184
559 369
559 397
559 427
559 518
559 536
559 551
559 565
559 590
559 591
559 595
559 740
559 750
559 916
559 985
560 173
560 187
560 188
560 193
560 425
560 488
560 501
560 529
560 533
560 553
560 752
560 775
560 821
560 933
560 981
561 33
561 164
561 203
561 388
561 522
561 545
561 713
561 769
561 894
561 979
562 349
562 361
562 371
562 374
562 463
562 685
562 714
562 760
563 280
563 296
563 311
563 558
563 730
563 829
563 837
563 860
564 47
564 76
564 399
564 445
564 898
565 51
565 360
565 414
565 442
565 474
565 647
565 654
565 667
565 764
566 39
566 75
566 107
566 484
566 486
566 542
566 678
566 722
566 951
567 303
567 323
567 543
567 613
567 754
567 812
567 860
567 890
568 158
568 417
568 516
568 523
568 719
568 777
568 843
568 852
568 881
568 894
569 26
569 344
569 361
569 446
569 596
569 642
569 688
569 818
569 838
570 283
570 609
570 638
570 663
570 665
570 773
570 840
570 844
570 941
571 193
571 304
571 494
571 553
571 575
571 632
571 755
571 840
571 865
572 172
572 231
572 355
572 448
572 499
572 637
572 773
572 919
572 960
572 995
573 437
573 474
573 507
573 561
573 766
573 786
573 950
573 983
574 225
574 287
574 394
574 406
574 634
574 929
574 972
574 989
575 27
575 300
575 347
575 458
575 479
575 543
575 729
575 975
576 107
576 133
576 250
576 373
576 387
576 438
576 582
576 639
576 676
576 726
576 931
576 988
577 45
577 70
577 165
577 181
577 256
577 328
577 386
577 419
577 462
577 472
577 512
577 540
577 569
577 664
577 665
577 686
577 703
577 917
578 40
578 53
578 165
578 219
578 329
578 371
578 426
578 452
578 467
578 542
578 604
578 651
578 672
578 673
578 697
579 12
579 233
579 235
579 288
579 395
579 423
579 546
579 571
579 601
579 821
579 844
579 923
579 960
580 81
580 152
580 187
580 245
580 398
580 528
580 536
580 726
580 755
580 869
580 924
580 955
580 973
580 998
581 160
581 234
581 253
581 331
581 360
581 396
581 616
581 755
581 930
581 962
582 208
582 410
582 460
582 483
582 684
582 726
582 735
582 742
582 828
582 899
582 988
583 90
583 92
583 178
583 273
583 286
583 296
583 301
583 644
583 761
583 784
583 856
584 8
584 17
584 148
584 281
584 298
584 310
584 374
584 464
584 626
584 674
584 869
584 932
584 933
585 66
585 73
585 330
585 381
585 514
585 674
585 820
585 870
585 891
585 908
586 85
586 348
586 452
586 552
586 626
586 747
586 754
586 879
586 939
587 259
587 480
587 564
587 628
587 635
587 775
587 819
587 971
588 427
588 458
588 595
588 610
588 679
588 684
588 777
588 831
588 979
589 40
589 419
589 490
589 583
589 645
589 662
589 672
589 705
589 738
589 780
589 797
589 830
589 846
589 906
589 957
590 136
590 333
590 469
590 614
590 710
590 770
590 791
590 800
590 809
590 811
590 966
591 35
591 178
591 270
591 275
591 412
591 487
591 636
591 661
591 666
591 721
591 789
591 791
591 841
591 967
592 145
592 213
592 322
592 440
592 468
592 652
592 668
592 672
592 861
593 86
593 138
593 160
593 180
593 243
593 420
593 501
593 547
593 609
593 785
593 901
594 24
594 45
594 156
594 222
594 349
594 402
594 405
594 407
594 417
594 421
594 424
594 479
594 480
594 493
594 557
594 588
594 987
595 12
595 48
595 183
595 201
595 280
595 369
595 799
595 915
595 951
595 983
596 7
596 44
596 251
596 267
596 312
596 414
596 488
596 646
596 753
596 770
596 810
596 829
597 104
597 111
597 216
597 381
597 529
597 547
597 686
597 696
597 830
597 837
597 882
597 886
598 255
598 428
598 487
598 652
598 927
599 119
599 228
599 374
599 438
599 487
599 557
599 563
599 582
599 641
599 751
599 806
600 130
600 158
600 178
600 343
600 354
600 413
600 527
600 569
600 797
600 941
600 953
601 171
601 246
601 348
601 430
601 530
601 547
601 571
601 689
601 692
601 693
601 983
602 472
602 629
602 685
602 757
602 786
603 319
603 444
603 495
603 512
603 643
603 721
604 211
604 246
604 260
604 526
604 724
604 768
604 835
604 914
605 103
605 135
605 139
605 147
605 160
605 628
605 696
605 734
605 842
605 976
606 155
606 176
606 292
606 335
606 466
606 611
606 612
606 629
606 919
606 961
607 266
607 371
607 422
607 547
607 643
607 821
608 27
608 429
608 463
608 489
608 615
608 759
608 780
608 903
608 967
609 4
609 47
609 101
609 155
609 167
609 218
609 280
609 414
609 751
610 0
610 38
610 66
610 135
610 200
610 256
610 292
610 315
610 411
610 436
610 668
610 930
611 525
611 575
611 716
611 758
611 810
611 889
612 4
612 165
612 212
612 311
612 472
612 642
612 663
612 877
613 150
613 242
613 341
613 405
613 442
613 728
613 856
613 908
614 105
614 208
614 349
614 644
614 673
614 830
615 45
615 70
615 166
615 240
615 581
615 807
615 863
615 959
616 37
616 87
616 132
616 164
616 469
616 535
616 787
616 892
616 946
616 975
617 2
617 267
617 287
617 588
617 901
618 277
618 601
618 939
618 956
619 109
619 327
619 350
619 438
619 439
619 481
619 779
619 864
619 882
619 905
620 225
620 425
620 435
620 492
620 766
620 832
620 901
621 53
621 111
621 345
621 577
621 592
621 667
621 747
621 752
621 864
621 866
621 991
622 172
622 441
622 463
622 543
622 749
622 809
623 21
623 128
623 189
623 310
623 342
623 358
623 435
623 609
623 621
623 753
623 809
623 814
623 846
623 979
623 983
624 62
624 150
624 176
624 193
624 239
624 305
624 364
624 518
624 543
624 577
624 630
624 650
624 752
624 798
624 850
624 887
625 128
625 231
625 357
625 374
625 573
625 587
625 662
625 848
625 935
625 951
626 10
626 289
626 416
626 537
626 563
626 866
626 959
626 974
627 17
627 122
627 246
627 416
627 481
627 557
627 748
627 776
627 795
627 805
627 905
627 923
628 17
628 260
628 379
628 482
628 702
628 775
628 895
628 964
629 46
629 100
629 170
629 172
629 175
629 191
629 249
629 260
629 334
629 379
629 401
629 577
629 645
629 802
629 836
630 113
630 243
630 297
630 419
630 482
630 786
630 835
630 909
630 927
631 76
631 180
631 270
631 272
631 328
631 517
631 862
631 931
631 976
632 166
632 168
632 243
632 279
632 294
632 439
632 484
632 514
632 528
632 534
632 541
632 747
632 918
632 962
633 38
633 149
633 298
633 370
633 533
633 934
633 943
633 949
633 971
634 62
634 159
634 306
634 561
634 690
634 726
634 742
635 133
635 171
635 335
635 351
635 368
635 413
635 417
635 462
635 786
635 887
635 911
635 946
636 304
636 450
636 535
636 573
636 631
636 698
636 723
636 746
636 749
636 894
637 51
637 119
637 195
637 237
637 245
637 439
637 495
637 571
637 593
637 654
637 849
637 914
638 57
638 66
638 86
638 102
638 433
638 755
638 877
639 33
639 56
639 66
639 155
639 249
639 576
639 783
639 940
639 968
640 37
640 62
640 490
640 532
640 580
640 919
640 973
641 74
641 149
641 185
641 209
641 283
641 365
641 372
641 541
641 716
641 755
641 829
641 897
641 955
642 113
642 194
642 230
642 338
642 621
642 674
642 728
642 808
642 810
643 4
643 19
643 51
643 176
643 240
643 411
643 483
643 536
643 874
643 977
643 985
644 69
644 116
644 153
644 430
644 442
644 460
644 511
644 647
644 919
644 950
645 33
645 205
645 258
645 286
645 347
645 351
645 447
645 541
645 594
645 666
645 853
646 140
646 200
646 324
646 429
646 455
646 608
646 772
646 802
646 869
646 968
647 241
647 261
647 297
647 407
647 566
647 590
647 720
647 750
647 930
648 168
648 564
648 699
648 723
648 936
649 211
649 231
649 427
649 435
649 466
649 476
649 544
649 632
649 762
649 913
650 111
650 160
650 315
650 336
650 387
650 496
650 571
650 610
650 673
650 698
650 714
650 819
650 892
650 944
651 95
651 183
651 416
651 573
651 657
651 854
651 873
652 13
652 246
652 253
652 299
652 338
652 404
652 647
652 668
652 768
652 784
652 879
653 25
653 29
653 67
653 164
653 187
653 257
653 265
653 350
653 425
653 586
653 706
653 787
654 150
654 247
654 261
654 591
654 780
654 828
654 953
654 961
655 296
655 366
655 387
655 451
655 514
655 577
655 619
655 644
655 693
655 810
655 836
655 849
655 919
655 996
656 126
656 159
656 177
656 429
656 594
656 642
656 816
657 5
657 19
657 21
657 386
657 452
657 668
657 723
657 864
657 906
658 209
658 223
658 299
658 312
658 386
658 410
658 457
658 612
658 735
658 784
658 913
658 971
659 5
659 12
659 64
659 70
659 278
659 320
659 531
659 664
659 743
659 899
659 929
659 960
660 0
660 118
660 167
660 175
660 676
660 936
660 973
661 47
661 112
661 114
661 130
661 203
661 417
661 592
661 631
661 979
662 230
662 261
662 436
662 697
662 800
663 350
663 505
663 710
663 725
663 745
663 769
663 900
663 937
663 975
664 47
664 153
664 181
664 235
664 402
664 543
664 557
664 614
664 621
664 676
664 861
664 921
664 926
664 978
664 981
665 9
665 94
665 333
665 374
665 578
665 595
665 724
665 830
665 851
665 908
665 962
666 7
666 141
666 282
666 395
666 449
666 625
666 763
666 803
666 844
666 859
666 928
667 30
667 380
667 422
667 435
667 466
667 718
667 883
667 953
667 957
668 95
668 161
668 169
668 315
668 369
668 379
668 389
668 529
668 537
668 664
668 672
668 749
668 862
668 894
668 947
668 991
668 996
669 13
669 52
669 61
669 226
669 228
669 289
669 632
669 687
669 715
669 748
669 933
670 27
670 32
670 414
671 33
671 53
671 158
671 261
671 439
671 517
671 790
671 864
672 13
672 51
672 209
672 265
672 318
672 364
672 508
672 632
672 786
672 928
673 37
673 78
673 334
673 390
673 457
673 472
673 547
673 587
673 687
673 718
673 746
673 852
673 958
673 976
674 142
674 452
674 567
674 624
674 707
674 919
675 91
675 95
675 183
675 277
675 328
675 338
675 351
675 527
675 542
675 567
675 829
676 364
676 619
676 622
676 722
676 787
676 812
677 11
677 93
677 187
677 294
677 415
677 451
677 469
677 683
677 712
677 743
677 753
677 767
678 9
678 69
678 125
678 352
678 412
678 553
678 556
678 658
679 158
679 218
679 309
679 319
679 393
679 480
679 579
679 829
680 10
680 51
680 83
680 120
680 142
680 211
680 309
680 401
680 417
680 744
680 781
680 839
680 862
680 954
681 43
681 114
681 128
681 228
681 307
681 351
681 423
681 473
681 693
681 701
681 745
681 796
681 830
682 32
682 128
682 136
682 193
682 203
682 211
682 389
682 453
682 604
682 643
682 833
683 0
683 105
683 193
683 309
683 643
683 653
683 747
683 860
684 37
684 117
684 271
684 378
684 533
684 560
684 569
684 853
684 918
684 952
685 320
685 486
685 536
685 558
685 624
685 635
685 671
685 906
685 927
685 959
686 87
686 114
686 251
686 330
686 387
686 393
686 399
686 403
686 453
686 476
686 494
686 517
686 682
686 694
686 820
686 894
686 895
686 989
687 96
687 112
687 185
687 374
687 457
687 633
687 648
687 738
687 843
687 879
687 903
688 13
688 28
688 116
688 384
688 472
688 523
688 614
688 664
688 768
688 939
689 7
689 73
689 287
689 373
689 456
689 483
689 490
689 516
689 678
689 686
689 728
689 818
689 999
690 3
690 66
690 288
690 389
690 397
690 657
690 684
690 708
690 710
690 916
691 362
691 450
691 479
691 531
691 564
691 616
692 24
692 142
692 314
692 523
692 585
692 671
693 340
693 387
693 916
694 12
694 14
694 119
694 154
694 155
694 159
694 212
694 500
694 517
694 596
694 609
694 811
694 841
694 843
694 853
694 956
694 975
694 977
695 41
695 224
695 314
695 609
695 662
695 674
695 823
695 887
695 890
695 949
696 126
696 205
696 307
696 405
696 422
696 454
696 556
696 578
696 785
696 812
696 894
696 988
697 43
697 131
697 251
697 284
697 321
697 370
697 524
697 686
697 711
697 791
697 868
697 928
697 940
698 235
698 262
698 469
698 791
698 814
699 48
699 77
699 86
699 205
699 224
699 535
699 626
699 648
700 57
700 242
700 250
700 391
700 633
700 684
700 737
700 930
700 941
701 17
701 71
701 95
701 289
701 341
701 534
701 583
701 592
701 748
701 872
702 47
702 157
702 158
702 189
702 244
702 334
702 429
702 430
702 484
702 667
702 685
702 703
702 919
702 926
703 95
703 123
703 301
703 360
703 388
703 682
703 754
703 887
703 974
704 181
704 303
704 894
704 941
704 955
705 84
705 172
705 282
705 302
705 441
705 650
705 746
705 830
705 860
705 890
705 916
706 156
706 197
706 236
706 355
706 510
706 649
706 775
706 924
706 996
707 145
707 192
707 227
707 231
707 612
707 659
707 672
707 692
708 221
708 230
708 326
708 365
708 368
708 444
708 745
709 52
709 77
709 81
709 101
709 118
709 206
709 243
709 449
709 513
709 583
709 635
709 752
709 844
709 865
710 25
710 33
710 40
710 72
710 189
710 197
710 238
710 407
710 563
710 576
710 721
710 974
711 147
711 319
711 340
711 365
711 402
711 417
711 431
711 481
711 502
711 568
711 675
711 807
711 840
711 845
711 932
711 933
712 46
712 74
712 84
712 122
712 133
712 166
712 232
712 348
712 389
712 639
712 684
712 741
713 52
713 777
713 827
713 987
714 12
714 129
714 200
714 526
714 717
714 888
714 900
715 43
715 70
715 109
715 413
715 438
715 481
715 619
715 673
715 810
715 870
715 881
716 4
716 95
716 314
716 340
716 341
716 444
716 548
716 690
716 696
716 902
716 983
717 48
717 178
717 187
717 212
717 286
717 406
717 540
717 797
717 954
717 961
718 61
718 103
718 336
718 603
718 624
718 669
718 734
718 836
719 71
719 129
719 174
719 178
719 243
719 255
719 389
719 672
719 718
719 867
720 88
720 91
720 92
720 111
720 162
720 182
720 304
720 342
720 379
720 402
720 524
720 594
720 616
720 684
720 694
721 43
721 49
721 83
721 94
721 193
721 617
721 627
721 996
722 30
722 70
722 161
722 183
722 281
722 332
722 334
722 349
722 447
722 605
722 795
722 906
722 960
723 674
723 708
723 768
723 841
723 890
724 67
724 218
724 277
724 322
724 658
724 822
724 837
724 847
724 866
724 896
725 129
725 213
725 280
725 292
725 332
725 367
725 533
725 937
726 136
726 312
726 350
726 401
726 447
726 658
726 723
726 826
726 882
726 947
727 171
727 203
727 281
727 351
727 375
727 397
727 504
727 578
727 974
728 39
728 199
728 357
728 471
728 499
728 644
728 742
728 889
728 942
728 954
728 975
729 55
729 63
729 128
729 133
729 202
729 343
729 462
729 523
729 544
729 577
729 754
729 788
729 956
729 965
730 150
730 153
730 231
730 405
730 453
730 775
730 778
731 22
731 372
731 609
731 721
732 285
732 341
732 392
732 413
732 561
732 629
732 749
732 763
733 62
733 277
733 280
733 397
733 618
733 630
733 750
733 773
733 872
734 90
734 102
734 186
734 488
734 611
734 648
734 693
734 769
734 829
734 909
735 88
735 98
735 215
735 430
735 467
735 631
735 639
735 661
735 729
735 827
735 914
736 11
736 257
736 279
736 434
736 492
736 498
736 853
736 945
737 121
737 287
737 329
737 590
737 739
737 951
738 3
738 37
738 51
738 199
738 257
738 314
738 536
738 549
738 562
738 807
738 860
738 861
739 69
739 188
739 352
739 445
739 462
739 540
739 628
739 676
739 770
739 802
739 826
739 963
740 65
740 144
740 196
740 320
740 407
740 459
740 462
740 635
740 676
740 771
740 819
740 868
740 918
740 992
741 11
741 35
741 64
741 252
741 370
741 438
741 460
741 484
741 569
741 587
741 704
741 717
741 811
741 975
742 187
742 255
742 334
742 384
742 595
742 727
742 736
742 763
742 801
742 807
742 888
743 19
743 102
743 336
743 360
743 486
743 539
743 688
743 800
743 827
743 854
744 61
744 438
744 576
744 672
744 705
744 708
745 21
745 279
745 293
745 339
745 389
745 557
745 601
745 680
745 688
745 736
746 58
746 86
746 116
746 163
746 227
746 241
746 330
746 487
746 526
746 549
746 610
746 764
746 786
746 893
746 910
747 321
747 644
747 717
747 823
748 46
748 263
748 387
748 388
748 399
748 543
748 627
748 636
748 708
748 762
748 800
748 810
748 825
749 44
749 89
749 340
749 369
749 471
749 505
749 723
749 747
749 763
749 766
749 938
749 999
750 43
750 61
750 189
750 507
750 523
750 546
750 661
750 944
750 983
751 93
751 320
751 334
751 456
751 656
751 746
751 799
751 877
751 904
751 950
751 956
751 983
752 63
752 156
752 165
752 246
752 289
752 375
752 436
752 442
752 522
752 536
752 540
752 626
752 634
753 188
753 237
753 298
753 397
753 445
753 448
753 535
753 571
753 934
754 11
754 38
754 113
754 119
754 304
754 490
754 682
754 746
754 750
754 764
754 953
755 12
755 16
755 146
755 198
755 291
755 412
755 414
755 562
755 583
755 667
755 797
755 867
755 983
755 988
756 15
756 26
756 219
756 557
757 296
757 301
757 302
757 357
757 678
757 893
757 981
758 84
758 204
758 217
758 373
758 561
758 619
758 667
758 805
759 37
759 102
759 129
759 150
759 413
759 454
759 554
759 555
759 908
760 2
760 58
760 102
760 116
760 434
760 459
760 475
760 602
760 646
760 751
760 798
761 295
761 348
761 352
761 478
761 523
761 611
761 746
761 829
762 387
762 474
762 615
762 660
762 705
762 789
762 805
762 870
762 887
763 108
763 128
763 129
763 143
763 174
763 291
763 299
763 424
763 738
763 817
763 906
764 167
764 382
764 394
764 534
764 673
764 699
764 704
764 758
765 22
765 111
765 164
765 218
765 283
765 460
765 483
765 642
765 751
765 827
765 888
766 118
766 488
766 582
766 702
766 777
766 844
767 20
767 72
767 79
767 418
767 434
767 658
767 711
768 277
768 328
768 341
768 355
768 529
768 583
768 585
768 653
768 731
768 855
768 895
769 4
769 32
769 56
769 76
769 284
769 546
769 574
769 648
769 848
769 849
769 863
769 972
770 336
770 510
770 514
770 536
770 625
770 662
770 761
770 809
770 930
770 931
770 938
770 965
771 126
771 171
771 274
771 324
771 408
771 423
771 470
771 735
771 782
771 897
771 904
772 264
772 353
772 403
772 586
772 670
772 857
772 982
773 26
773 540
773 693
773 793
774 360
774 362
774 475
774 561
774 639
774 699
774 750
774 933
775 494
775 803
775 824
775 873
775 877
776 69
776 72
776 359
776 446
776 450
776 483
776 576
776 601
776 650
776 652
776 698
777 99
777 131
777 305
777 326
777 354
777 367
777 470
777 502
777 708
777 737
777 740
777 766
777 782
777 862
777 927
778 127
778 320
778 375
778 385
778 456
778 581
778 833
778 842
778 959
779 99
779 312
779 375
779 439
779 527
779 620
779 894
780 67
780 153
780 231
780 372
780 429
780 469
780 540
780 601
780 684
780 864
780 985
781 183
781 226
781 304
781 347
781 373
781 458
781 503
781 717
781 728
781 730
781 901
782 73
782 229
782 277
782 406
782 633
782 707
782 763
782 798
782 819
782 888
782 891
782 937
783 30
783 51
783 94
783 155
783 304
783 546
783 604
783 641
783 677
783 751
783 843
783 929
784 122
784 202
784 213
784 310
784 347
784 358
784 524
784 777
784 911
784 954
784 979
785 190
785 207
785 254
785 360
785 390
785 448
785 494
785 521
785 588
785 661
785 774
785 806
786 66
786 77
786 149
786 196
786 233
786 300
786 365
786 508
786 679
786 741
786 942
786 978
787 24
787 134
787 223
787 703
787 803
787 837
787 857
787 880
787 888
787 900
787 985
788 72
788 143
788 251
788 465
788 540
788 598
788 657
788 756
788 833
789 65
789 90
789 95
789 334
789 841
789 882
789 919
789 988
790 162
790 257
790 278
790 665
790 815
790 901
791 196
791 205
791 236
791 271
791 325
791 381
791 515
791 536
791 774
791 835
792 171
792 637
792 817
792 978
793 16
793 29
793 167
793 637
793 766
793 976
794 93
794 101
794 124
794 143
794 251
794 277
794 334
794 437
794 666
794 930
794 946
795 17
795 294
795 385
795 404
795 414
795 468
795 514
795 580
795 703
795 747
795 801
795 804
795 942
795 961
796 46
796 65
796 195
796 211
796 277
796 328
796 370
796 447
796 838
796 845
796 913
797 52
797 92
797 429
797 545
797 760
797 782
797 828
797 890
797 903
797 955
798 0
798 256
798 270
798 305
798 399
798 405
798 419
798 439
798 463
798 465
798 469
798 587
798 593
798 739
798 776
798 935
799 286
799 353
799 374
799 408
799 439
799 716
799 736
799 770
799 803
800 59
800 96
800 148
800 268
800 390
800 457
800 495
800 580
800 605
800 732
800 995
801 62
801 230
801 401
801 478
801 525
801 543
801 682
801 737
801 818
801 964
802 282
802 361
802 363
802 543
802 561
802 768
802 799
802 886
803 176
803 352
803 377
803 440
803 448
803 587
803 870
804 72
804 118
804 179
804 312
804 321
804 350
804 372
804 390
804 400
804 668
804 764
805 152
805 184
805 193
805 249
805 341
805 424
805 533
805 786
805 885
806 175
806 335
806 422
806 498
806 682
806 707
806 772
806 841
806 843
806 997
807 24
807 146
807 194
807 276
807 279
807 324
807 325
807 407
807 428
807 626
807 648
807 709
807 748
808 21
808 41
808 54
808 140
808 223
808 240
808 377
808 446
808 481
808 523
808 829
808 849
808 868
809 48
809 57
809 152
809 241
809 327
809 436
809 609
809 700
809 953
810 175
810 181
810 248
810 313
810 442
810 456
810 604
810 877
810 890
810 981
811 41
811 110
811 198
811 262
811 265
811 447
811 643
811 697
811 917
811 960
812 67
812 75
812 103
812 131
812 215
812 439
812 602
812 899
813 8
813 147
813 373
813 498
813 642
813 733
813 889
813 890
813 992
814 116
814 150
814 404
814 411
814 522
814 739
814 931
815 206
815 372
815 465
815 605
815 715
815 787
815 869
816 95
816 197
816 282
816 319
816 352
816 357
816 373
816 468
816 476
816 534
816 598
816 731
817 229
817 296
817 383
817 525
817 843
817 927
817 958
817 978
818 74
818 242
818 270
818 327
818 407
818 502
818 569
818 604
818 605
818 659
818 725
818 789
818 854
818 872
819 32
819 381
819 448
819 619
819 910
820 41
820 70
820 117
820 245
820 438
820 546
821 141
821 212
821 271
821 313
821 415
821 445
821 526
821 530
821 546
821 683
821 724
821 971
821 984
822 29
822 32
822 184
822 208
822 429
822 441
822 467
822 541
822 689
822 961
823 149
823 187
823 307
823 359
823 362
823 399
823 414
823 551
823 595
823 765
823 816
824 32
824 58
824 118
824 135
824 276
824 290
824 392
824 404
824 533
824 664
824 861
825 23
825 24
825 177
825 300
825 351
825 398
825 446
825 616
825 689
825 760
825 808
825 920
825 939
825 946
825 947
826 30
826 272
827 181
827 244
827 349
827 545
827 553
827 719
827 783
827 790
828 154
828 165
828 585
828 666
828 689
828 775
828 794
828 814
828 842
828 932
828 934
829 5
829 42
829 200
829 233
829 541
829 747
829 756
829 821
829 836
830 64
830 103
830 113
830 310
830 387
830 480
830 523
830 579
830 617
830 683
830 812
830 814
830 968
831 7
831 72
831 262
831 552
831 558
831 624
831 652
831 738
831 879
831 914
832 1
832 240
832 284
832 361
832 604
832 609
832 681
832 711
832 745
832 772
832 806
832 831
833 120
833 174
833 227
833 240
833 561
833 671
833 978
834 11
834 218
834 265
834 491
834 694
834 803
834 827
834 840
835 73
835 186
835 231
835 550
835 603
835 650
835 694
835 789
835 796
835 906
835 972
836 138
836 351
836 385
836 386
836 780
836 809
836 858
836 889
836 891
836 948
836 959
836 964
836 980
837 168
837 267
837 448
837 511
837 626
837 729
837 806
837 899
837 929
837 964
838 32
838 65
838 156
838 248
838 326
838 371
838 408
838 414
838 428
838 429
838 441
838 583
838 646
839 28
839 473
839 879
839 919
839 932
839 958
840 280
840 283
840 834
840 848
840 917
841 9
841 220
841 245
841 330
841 569
841 634
841 757
841 829
841 842
842 156
842 306
842 349
842 696
842 716
842 994
843 254
843 337
843 368
843 510
843 513
843 524
843 593
843 704
843 786
843 936
843 938
843 979
843 987
844 70
844 97
844 135
844 261
844 838
844 869
845 116
845 160
845 231
845 424
845 496
845 548
845 567
845 787
845 830
846 45
846 274
846 559
846 591
846 675
846 678
846 694
846 746
846 748
846 845
846 897
846 905
847 72
847 86
847 113
847 330
847 346
847 393
847 549
847 558
847 623
847 818
847 858
847 915
847 946
848 69
848 107
848 206
848 277
848 334
848 578
848 667
848 995
849 138
849 185
849 234
849 236
849 276
849 279
849 430
849 487
849 510
849 519
849 630
849 730
849 850
849 944
850 81
850 210
850 342
850 527
850 569
850 650
850 756
850 905
850 979
851 2
851 46
851 64
851 112
851 262
851 368
851 371
851 445
851 639
851 646
851 675
851 754
851 783
851 880
852 88
852 90
852 94
852 182
852 388
852 717
852 721
852 909
852 984
853 258
853 389
853 553
853 575
853 806
853 943
854 9
854 10
854 37
854 275
854 401
854 449
854 490
854 545
854 679
854 721
854 798
854 800
854 936
855 39
855 158
855 430
855 624
855 646
855 666
855 722
855 741
855 880
856 87
856 218
856 313
856 454
856 613
856 614
856 698
856 768
856 942
857 15
857 66
857 90
857 184
857 226
857 389
857 707
857 839
857 844
857 867
857 951
858 99
858 124
858 260
858 270
858 382
858 526
858 642
858 681
858 746
858 789
858 824
858 826
859 28
859 304
859 546
859 588
859 754
859 857
859 931
859 999
860 53
860 122
860 261
860 373
860 402
860 461
860 554
860 582
861 124
861 154
861 223
861 228
861 299
861 565
861 602
861 896
862 238
862 385
862 562
862 658
862 669
862 893
862 902
863 181
863 299
863 405
863 442
863 542
863 568
863 661
863 842
863 894
864 12
864 54
864 65
864 99
864 395
864 505
864 762
864 977
864 989
865 18
865 183
865 187
865 202
865 223
865 311
865 361
865 646
865 686
865 706
865 797
865 976
865 983
866 336
866 357
866 489
866 523
866 570
866 678
866 882
866 898
867 77
867 320
867 522
867 621
867 626
867 705
867 711
867 762
867 823
867 853
867 885
867 905
867 968
868 3
868 289
868 316
868 337
868 518
868 716
868 756
868 789
868 794
868 885
868 894
868 928
869 213
869 457
869 550
869 600
869 676
869 722
869 738
869 895
869 921
869 956
870 36
870 140
870 310
870 384
870 412
870 491
870 499
870 503
870 554
870 829
870 840
870 855
870 980
870 985
871 31
871 67
871 93
871 139
871 496
871 594
871 780
871 972
872 113
872 137
872 387
872 420
872 480
872 540
872 566
872 688
872 711
872 717
872 855
873 55
873 138
873 291
873 431
873 618
873 948
874 66
874 167
874 337
874 473
874 538
874 732
874 835
875 246
875 335
875 369
875 399
875 433
875 650
875 774
876 6
876 105
876 276
876 307
876 354
876 480
876 516
876 595
876 599
876 716
876 845
876 871
877 277
877 411
877 695
877 755
877 966
877 976
877 989
878 20
878 169
878 182
878 231
878 299
878 325
878 438
878 440
878 494
878 496
878 517
878 686
878 773
878 782
878 799
878 896
878 946
878 991
879 31
879 39
879 220
879 246
879 398
879 460
879 489
879 518
879 625
879 730
879 754
880 425
880 485
880 531
880 555
880 766
880 883
880 914
880 944
880 977
881 155
881 242
881 245
881 255
881 286
881 311
881 724
881 945
882 24
882 129
882 283
882 517
882 540
882 637
882 791
882 977
883 10
883 30
883 82
883 160
883 188
883 285
883 357
883 407
883 450
883 481
883 482
883 574
883 792
883 847
884 97
884 203
884 205
884 355
884 451
884 492
884 871
884 898
885 180
885 266
885 338
885 368
885 529
885 551
885 575
885 588
885 650
885 745
885 849
886 182
886 194
886 207
886 252
886 382
886 391
886 412
886 516
886 584
886 590
886 733
886 795
886 831
886 840
887 100
887 183
887 236
887 248
887 272
887 277
887 329
887 358
887 395
887 461
887 593
887 641
887 676
887 809
887 931
888 6
888 34
888 312
888 471
888 499
888 574
888 651
888 660
888 741
888 891
889 0
889 374
889 558
889 658
889 793
889 867
889 875
890 42
890 95
890 97
890 332
890 334
890 355
890 527
890 561
890 677
890 709
890 938
891 22
891 208
891 280
891 350
891 374
891 507
891 510
891 636
891 641
891 889
892 78
892 223
892 236
892 319
892 320
892 385
892 478
892 514
892 764
892 836
892 897
892 936
893 246
893 458
893 543
893 621
893 678
893 735
893 793
893 864
894 4
894 80
894 167
894 171
894 286
894 295
894 465
894 684
894 751
894 841
894 913
894 930
895 114
895 199
895 233
895 287
895 492
895 596
895 649
895 669
895 726
895 985
896 126
896 255
896 301
896 347
896 539
896 604
896 695
896 746
896 838
896 936
897 93
897 348
897 633
897 653
897 699
897 722
897 767
897 907
897 962
897 980
898 12
898 212
898 223
898 256
898 461
898 605
898 616
898 799
898 965
899 804
899 814
899 841
899 878
900 19
900 81
900 114
900 317
900 518
900 590
900 752
900 829
900 833
900 914
901 29
901 86
901 109
901 145
901 256
901 810
901 825
901 982
902 6
902 575
902 596
903 26
903 84
903 104
903 124
903 155
903 263
903 483
903 532
903 695
903 721
903 758
903 765
903 953
904 268
904 399
904 468
904 474
904 784
904 814
904 826
905 238
905 430
905 457
905 474
905 496
905 592
905 621
905 653
905 814
905 911
905 988
906 195
906 425
906 469
906 580
906 774
906 790
907 281
907 375
907 522
907 620
907 879
907 903
907 922
907 927
908 165
908 199
908 496
908 570
908 647
908 930
908 973
909 31
909 318
909 324
909 327
909 380
909 475
909 553
909 576
909 586
909 790
909 977
910 28
910 50
910 67
910 110
910 164
910 344
910 354
910 588
910 617
910 772
910 954
911 209
911 251
911 286
911 516
911 600
911 639
911 789
911 974
911 992
912 166
912 245
912 525
912 884
912 943
913 4
913 238
913 287
913 330
913 382
913 682
913 771
913 796
913 837
913 844
914 125
914 351
914 456
914 476
914 488
914 802
914 964
915 8
915 34
915 74
915 170
915 172
915 232
915 272
915 422
915 783
915 801
915 863
915 911
915 987
916 15
916 84
916 131
916 308
916 366
916 446
916 453
916 618
916 636
916 689
916 740
916 834
916 894
916 924
916 961
917 106
917 373
917 383
917 767
917 787
917 965
918 50
918 250
918 283
918 302
918 373
918 495
918 536
918 574
918 623
918 711
918 777
918 795
918 800
918 852
919 43
919 125
919 313
919 393
919 395
919 396
919 417
919 557
919 567
919 573
919 667
919 932
919 937
919 947
919 989
920 66
920 165
920 186
920 313
920 355
920 412
920 661
920 677
920 686
920 923
920 946
920 974
920 979
921 11
921 121
921 150
921 386
921 420
921 428
921 434
921 435
921 628
921 917
922 81
922 95
922 96
922 108
922 205
922 260
922 297
922 417
922 538
922 720
922 827
922 838
922 890
923 33
923 64
923 121
923 366
923 421
923 484
923 769
924 33
924 63
924 108
924 352
924 364
924 824
925 4
925 137
925 286
925 359
925 511
925 562
925 970
926 142
926 344
926 427
926 487
926 649
926 872
926 921
927 30
927 142
927 158
927 193
927 231
927 266
927 415
927 418
927 504
927 594
927 835
927 917
927 960
928 122
928 152
928 178
928 226
928 239
928 272
928 401
928 422
928 545
928 797
928 904
928 911
928 976
929 32
929 122
929 138
929 195
929 292
929 318
929 345
929 427
929 457
929 465
929 523
929 652
929 765
929 803
929 960
929 988
930 57
930 132
930 163
930 542
930 575
930 604
930 616
930 653
930 797
930 888
930 948
930 967
931 71
931 80
931 181
931 206
931 304
931 442
931 593
931 605
931 800
931 869
931 902
931 940
931 961
931 973
932 4
932 140
932 362
932 372
932 392
932 619
932 683
932 943
933 249
933 264
933 324
933 385
933 395
933 609
933 714
933 732
933 737
933 768
933 829
933 864
934 57
934 186
934 252
934 275
934 314
934 328
934 567
935 30
935 47
935 94
935 159
935 209
935 231
935 295
935 490
935 762
935 768
936 128
936 207
936 373
936 389
936 593
936 747
936 789
936 809
936 845
936 955
936 956
936 987
937 217
937 257
937 507
937 509
937 736
937 748
937 783
937 830
937 838
937 894
937 956
937 998
938 101
938 324
938 488
938 549
938 564
938 566
938 697
938 746
938 999
939 44
939 335
939 375
939 500
939 709
939 721
940 18
940 184
940 350
940 526
940 550
940 563
940 842
940 928
940 937
940 983
941 5
941 482
941 657
941 766
941 881
942 220
942 233
942 299
942 461
942 468
942 478
942 819
942 820
942 899
942 919
943 66
943 192
943 567
943 571
943 586
943 634
943 664
943 769
943 921
944 10
944 14
944 15
944 107
944 215
944 241
944 456
944 549
944 588
944 612
944 645
944 667
944 988
945 212
945 650
945 702
945 706
945 736
945 826
946 195
946 289
946 537
946 667
946 773
946 793
946 842
946 921
947 174
947 182
947 243
947 510
947 717
947 776
947 847
947 863
947 874
947 905
948 168
948 235
948 420
948 421
948 463
948 633
948 665
948 666
948 700
948 827
949 16
949 54
949 129
949 144
949 198
949 284
949 314
949 327
949 378
949 549
949 557
949 806
949 919
950 49
950 62
950 87
950 199
950 562
950 665
950 718
950 734
950 815
950 909
950 959
951 6
951 31
951 96
951 231
951 264
951 427
951 442
951 711
951 872
951 888
952 23
952 93
952 158
952 162
952 171
952 192
952 307
952 378
952 395
952 509
952 624
952 639
952 836
952 842
952 865
953 145
953 173
953 256
953 391
953 399
953 468
953 565
953 754
953 758
953 909
954 66
954 116
954 176
954 264
954 289
954 290
954 315
954 336
954 689
954 727
954 811
955 101
955 351
955 419
955 427
955 505
955 522
955 555
955 569
955 636
955 669
955 690
955 899
956 76
956 165
956 289
956 331
956 774
956 889
957 110
957 139
957 263
957 281
957 331
957 472
957 698
957 750
957 782
957 899
958 160
958 282
958 378
958 413
958 462
958 557
958 569
958 572
958 575
958 664
958 678
958 679
958 747
958 827
958 990
959 25
959 39
959 47
959 121
959 680
959 695
959 826
959 883
959 939
960 37
960 152
960 156
960 169
960 487
960 570
960 622
960 673
960 834
960 912
960 997
961 23
961 56
961 161
961 202
961 239
961 249
961 410
961 750
961 754
961 830
961 881
961 962
961 987
962 38
962 49
962 103
962 138
962 323
962 338
962 366
962 406
962 417
962 435
962 462
962 508
962 612
962 649
962 888
963 79
963 102
963 162
963 189
963 197
963 226
963 304
963 318
963 388
963 551
963 801
963 868
963 968
963 970
964 43
964 89
964 318
964 378
964 460
964 527
964 559
964 618
964 688
964 778
964 805
965 196
965 374
965 439
965 587
965 607
965 690
965 883
965 889
965 890
966 50
966 248
966 274
966 356
966 395
966 496
966 672
966 693
966 875
966 965
967 58
967 109
967 212
967 327
967 371
967 423
967 491
967 498
967 504
967 603
967 706
967 791
967 985
968 102
968 152
968 308
968 415
968 496
968 530
968 549
968 629
968 682
968 711
968 721
968 753
968 754
968 977
969 84
969 111
969 372
969 468
969 668
969 736
969 762
969 830
970 36
970 122
970 170
970 409
970 499
970 914
970 933
970 934
971 36
971 159
971 202
971 301
971 318
971 339
971 418
971 474
971 479
971 529
971 530
971 925
971 943
971 974
972 34
972 78
972 200
972 264
972 468
972 533
972 557
972 565
972 649
972 795
972 927
972 934
973 267
973 270
973 282
973 471
973 477
973 542
973 561
973 586
973 718
973 780
973 814
973 861
973 962
973 971
974 32
974 305
974 425
974 649
974 740
974 922
974 923
975 96
975 156
975 198
975 204
975 306
975 532
975 671
975 710
975 852
975 856
975 880
975 928
976 128
976 340
976 563
976 571
976 592
976 650
976 687
976 793
976 898
976 985
977 248
977 276
977 398
977 453
977 568
977 671
977 938
978 66
978 69
978 215
978 285
978 339
978 344
978 532
978 545
978 604
978 615
978 629
978 661
978 725
978 751
978 811
978 981
979 86
979 153
979 188
979 329
979 380
979 451
979 758
979 912
979 999
980 70
980 164
980 399
980 418
980 446
980 468
980 479
980 650
980 762
980 778
980 786
980 800
980 882
980 910
981 34
981 71
981 75
981 172
981 484
981 537
981 647
981 681
981 854
981 936
982 217
982 308
982 549
982 602
982 968
983 40
983 78
983 107
983 593
983 621
983 635
983 807
983 946
984 2
984 69
984 114
984 216
984 332
984 402
984 483
984 532
984 955
985 112
985 401
985 604
986 44
986 186
986 338
986 379
986 381
986 508
986 728
986 825
987 26
987 105
987 225
987 290
987 477
987 952
988 39
988 94
988 142
988 179
988 221
988 279
988 469
988 570
988 631
988 655
988 968
988 971
988 987
989 0
989 57
989 142
989 147
989 157
989 158
989 214
989 217
989 261
989 438
989 445
989 463
989 520
989 792
989 848
989 861
989 958
990 29
990 37
990 66
990 148
990 240
990 254
990 277
990 371
990 412
990 422
990 575
990 714
990 758
990 766
990 813
991 150
991 381
991 455
991 604
991 803
991 986
992 38
992 194
992 467
992 640
992 656
992 677
992 855
992 890
993 56
993 89
993 366
993 376
993 430
993 539
993 652
993 954
994 34
994 153
994 251
994 276
994 286
994 410
994 420
994 460
994 487
994 491
994 561
994 692
994 919
995 522
995 573
995 580
995 702
995 720
995 805
995 875
995 938
995 967
996 13
996 176
996 289
996 345
996 353
996 358
996 557
996 589
996 861
997 246
997 358
997 658
997 767
997 888
997 897
997 917
997 965
997 998
998 47
998 93
998 210
998 230
998 488
998 497
998 570
998 734
998 823
998 951
999 47
999 70
999 84
999 372
999 402
999 544
999 665
999 695
999 951
