0 6
0 56
0 401
0 403
0 484
0 485
0 588
0 618
0 712
0 781
0 815
0 941
1 59
1 152
1 161
1 211
1 408
1 424
1 436
1 441
1 811
2 200
2 329
2 355
2 399
2 513
2 660
2 899
2 905
2 984
3 6
3 89
3 91
3 194
3 547
3 708
4 18
4 104
4 126
4 190
4 246
4 422
4 487
4 525
4 601
4 675
4 839
5 10
5 74
5 94
5 184
5 425
5 563
5 577
5 583
5 734
5 815
6 287
6 413
6 723
6 774
6 905
6 990
7 46
7 138
7 307
7 363
7 468
7 493
7 562
7 614
7 769
7 787
7 797
7 854
7 859
7 881
8 145
8 199
8 345
8 769
9 31
9 139
9 349
9 483
9 652
9 744
9 797
9 843
9 909
9 949
10 109
10 349
10 373
10 539
10 542
10 829
10 870
10 946
10 969
11 155
11 170
11 366
11 704
11 801
12 19
12 43
12 116
12 117
12 170
12 220
12 234
12 274
12 789
12 798
12 863
12 867
12 912
12 959
12 970
13 116
13 157
13 171
13 636
13 667
13 926
13 962
14 21
14 169
14 177
14 320
14 333
14 339
14 346
14 360
14 364
14 422
14 430
14 505
14 514
14 835
14 942
15 553
15 607
15 640
15 666
15 709
15 831
15 859
15 941
16 45
16 56
16 324
16 345
16 450
17 86
17 103
17 121
17 325
17 416
17 473
17 575
17 596
17 669
17 928
17 952
18 112
18 185
18 213
18 233
18 263
18 269
18 284
18 289
18 306
18 327
18 403
18 482
18 571
18 767
18 830
18 877
18 894
18 957
19 4
19 27
19 205
19 282
19 341
19 342
19 346
19 431
19 656
19 907
20 237
20 421
20 550
20 609
20 785
20 843
20 970
21 4
21 93
21 118
21 175
21 219
21 241
21 317
21 389
21 800
21 908
22 40
22 60
22 106
22 136
22 380
22 384
22 455
22 606
22 633
22 691
22 907
22 972
22 987
23 64
23 250
23 385
23 495
23 612
24 64
24 286
24 535
24 643
24 695
24 735
24 819
24 963
25 117
25 122
25 150
25 213
25 240
25 271
25 748
25 776
25 829
26 154
26 309
26 554
26 604
26 703
26 740
26 742
26 952
27 53
27 200
27 269
27 446
27 475
27 506
27 507
27 516
27 597
27 745
27 756
27 768
27 770
27 863
27 873
27 914
27 921
28 148
28 259
28 287
28 295
28 396
28 419
28 426
28 500
28 696
28 722
28 812
28 876
28 919
28 941
29 18
29 56
29 98
29 106
29 268
29 270
29 313
29 314
29 412
29 740
29 764
29 794
29 842
29 983
30 37
30 370
30 415
30 431
30 531
30 537
30 656
30 697
30 904
31 155
31 187
31 337
31 537
31 558
31 706
31 728
31 761
31 816
31 850
31 972
32 123
32 172
32 244
32 269
32 301
32 460
32 504
32 525
33 71
33 102
33 201
33 243
33 486
33 497
33 552
33 750
33 790
34 23
34 110
34 300
34 500
34 552
34 595
34 675
34 723
34 753
34 770
34 772
34 796
34 929
35 73
35 143
35 174
35 184
35 209
35 273
35 297
35 473
35 514
35 538
35 551
35 846
35 936
36 34
36 127
36 250
36 292
36 379
36 408
36 459
36 460
36 726
36 816
36 971
37 36
37 231
37 252
37 307
37 487
37 488
37 535
37 557
37 596
37 606
37 788
37 857
37 905
38 205
38 536
38 676
38 798
38 878
39 259
39 285
39 295
39 341
39 526
39 597
39 625
39 660
39 758
39 764
39 943
39 955
40 59
40 171
40 390
40 528
40 653
40 786
40 852
40 891
41 98
41 220
41 404
41 459
41 564
41 984
42 10
42 288
42 400
42 455
42 516
42 640
42 705
42 723
42 852
42 954
43 18
43 36
43 64
43 72
43 124
43 272
43 766
43 773
44 31
44 41
44 170
44 606
44 821
44 843
45 124
45 126
45 351
45 370
45 401
45 481
45 570
45 666
45 685
45 764
45 819
45 874
45 945
45 947
45 981
45 999
46 77
46 127
46 277
46 310
46 585
46 673
46 830
47 109
47 182
47 390
47 424
47 460
47 546
47 552
47 577
47 826
47 943
47 971
48 30
48 175
48 270
48 271
48 342
48 371
48 411
48 588
48 618
48 815
48 856
49 17
49 110
49 133
49 208
49 700
49 924
49 967
49 983
50 156
50 260
50 270
50 378
50 391
50 632
50 638
50 720
50 806
50 816
50 929
50 962
51 132
51 224
51 267
51 309
51 500
51 544
51 608
51 991
52 101
52 105
52 133
52 181
52 257
52 608
52 652
52 945
53 373
53 391
53 416
53 434
53 494
53 699
53 809
53 875
54 41
54 145
54 265
54 302
54 565
54 605
54 630
54 662
54 703
54 800
54 958
55 11
55 77
55 114
55 186
55 250
55 300
55 400
55 477
55 485
55 669
55 765
55 780
55 809
55 814
55 822
55 908
55 965
56 29
56 207
56 520
56 575
56 626
56 660
56 751
56 810
56 920
57 17
57 44
57 46
57 142
57 145
57 209
57 216
57 299
57 306
57 422
57 814
57 842
57 869
57 928
58 48
58 56
58 69
58 119
58 392
58 565
58 633
58 709
58 725
58 748
58 845
58 920
59 32
59 58
59 168
59 318
59 730
59 743
59 765
60 470
60 515
60 615
60 616
60 772
60 863
61 10
61 87
61 111
61 146
61 219
61 242
61 345
61 521
61 542
61 589
61 622
61 726
61 792
61 817
61 872
61 895
61 958
62 220
62 265
62 413
62 523
62 693
62 711
62 898
63 58
63 133
63 247
63 307
63 456
63 633
63 872
63 963
64 89
64 106
64 255
64 432
64 688
64 745
64 778
64 783
64 830
64 866
65 49
65 197
65 304
65 482
65 576
65 697
65 735
65 910
65 933
66 68
66 121
66 159
66 276
66 545
66 620
66 654
66 697
66 701
66 782
66 930
66 998
67 112
67 159
67 229
67 492
67 576
67 601
67 683
67 693
67 698
67 878
67 934
68 30
68 110
68 152
68 248
68 345
68 396
68 537
68 866
68 965
68 968
69 64
69 146
69 319
69 327
69 431
69 453
69 522
69 627
69 757
69 787
69 850
70 142
70 166
70 530
70 673
70 726
71 244
71 257
71 495
71 586
71 682
71 683
71 946
72 4
72 348
72 477
72 520
72 652
72 695
72 705
72 734
72 753
72 771
72 817
72 845
72 853
72 946
72 957
73 30
73 237
73 554
73 690
73 802
73 837
73 966
74 610
74 681
74 758
74 792
74 987
75 137
75 202
75 245
75 331
75 484
75 573
75 582
75 700
75 721
75 755
76 121
76 170
76 297
76 298
76 343
76 397
76 493
76 496
76 618
76 640
76 652
76 813
77 116
77 502
77 642
77 664
77 750
77 777
77 822
77 933
78 83
78 101
78 116
78 129
78 160
78 162
78 172
78 173
78 241
78 290
78 365
78 529
78 566
79 20
79 50
79 92
79 391
79 500
79 689
79 928
80 31
80 50
80 441
80 884
80 997
81 49
81 161
81 997
82 131
82 228
82 480
82 574
82 683
82 793
82 861
82 873
82 962
82 995
83 1
83 15
83 23
83 86
83 189
83 239
83 350
83 427
83 542
83 590
83 601
83 687
83 762
83 770
83 910
84 18
84 56
84 86
84 188
84 296
84 457
84 492
84 530
84 601
84 659
84 691
84 862
84 865
85 248
85 256
85 378
85 463
85 502
85 559
85 658
85 745
85 936
86 32
86 93
86 273
86 295
86 365
86 533
86 753
86 839
86 912
86 931
87 121
87 253
87 337
87 482
87 504
87 546
87 682
87 741
87 770
87 777
87 791
87 802
87 836
88 4
88 134
88 330
88 445
88 451
88 533
88 639
88 926
88 937
88 948
89 74
89 142
89 171
89 184
89 465
89 655
89 740
89 804
89 965
90 11
90 56
90 166
90 285
90 326
90 762
90 827
90 894
90 989
91 243
91 411
91 413
91 440
91 604
91 632
91 785
91 819
91 964
91 980
92 62
92 444
92 480
92 485
92 583
92 820
93 118
93 310
93 488
93 495
93 592
93 728
93 757
93 821
93 860
94 289
94 346
94 379
94 554
94 806
95 118
95 317
95 382
95 418
95 421
95 785
95 864
96 35
96 118
96 122
96 157
96 263
96 307
96 485
96 509
96 556
96 682
96 857
96 977
97 77
97 93
97 262
97 316
97 331
97 492
97 537
97 928
98 236
98 299
98 326
98 501
98 543
98 884
99 19
99 147
99 154
99 187
99 265
99 337
99 523
99 541
99 807
99 835
99 915
99 994
100 11
100 44
100 331
100 490
100 557
100 652
100 924
100 997
101 98
101 420
101 462
101 527
101 789
101 995
102 152
102 313
102 327
102 578
102 647
102 712
102 763
102 800
102 912
102 941
102 984
103 109
103 176
103 190
103 205
103 285
103 607
103 621
103 777
103 780
103 904
103 905
103 983
104 117
104 232
104 336
104 415
104 477
104 506
104 595
104 635
104 672
104 755
104 779
104 800
105 131
105 278
105 357
105 406
105 535
105 538
105 620
105 640
105 955
106 40
106 76
106 77
106 79
106 144
106 251
106 313
106 467
106 489
106 533
106 601
106 811
106 827
106 849
106 887
106 936
107 11
107 19
107 334
107 436
107 458
107 535
107 662
107 673
107 765
107 853
107 936
107 987
108 93
108 161
108 234
108 265
108 329
108 432
108 533
108 595
108 800
108 916
108 984
108 991
109 499
109 735
109 834
109 947
109 995
110 46
110 123
110 160
110 222
110 229
110 330
110 510
110 585
110 670
111 144
111 175
111 250
111 286
111 411
111 491
111 548
111 589
111 598
111 722
111 807
112 52
112 56
112 184
112 225
112 264
112 361
112 437
112 494
112 595
112 631
112 661
112 671
112 879
112 896
112 904
112 947
112 970
113 5
113 172
113 177
113 241
113 244
113 275
113 345
113 381
113 750
113 764
113 833
113 990
114 15
114 150
114 180
114 268
114 345
114 369
114 465
114 620
114 945
114 953
114 970
115 5
115 66
115 199
115 312
115 414
115 453
115 515
115 678
115 779
115 783
115 854
115 885
115 957
116 19
116 58
116 205
116 237
116 245
116 422
116 565
116 672
116 844
117 128
117 226
117 251
117 292
117 306
117 406
117 486
117 488
117 640
117 654
117 752
117 950
117 997
118 95
118 368
118 376
118 534
118 621
118 655
119 31
119 173
119 391
119 547
119 563
119 583
119 625
119 770
119 843
119 883
120 18
120 39
120 268
120 282
120 385
120 455
120 670
120 874
120 942
121 138
121 184
121 201
121 489
121 537
121 540
121 671
121 802
122 150
122 211
122 314
122 325
122 344
122 490
122 595
122 596
122 650
122 677
122 820
122 839
123 62
123 86
123 116
123 173
123 283
123 317
123 371
123 376
123 408
123 413
123 533
123 641
123 707
123 709
123 900
124 48
124 57
124 175
124 343
124 390
124 603
124 867
125 122
125 191
125 264
125 273
125 402
125 490
125 786
126 28
126 82
126 85
126 205
126 236
126 250
126 298
126 334
126 426
126 601
126 629
126 631
126 634
126 766
126 864
126 896
126 908
127 2
127 146
127 239
127 245
127 393
127 412
127 430
127 472
127 605
127 789
127 834
127 900
128 7
128 166
128 218
128 357
128 408
128 499
128 521
128 811
129 98
129 390
129 726
129 745
129 801
129 845
129 883
129 895
129 994
130 0
130 1
130 3
130 12
130 247
130 396
130 397
130 405
130 419
130 503
130 714
130 724
130 856
130 888
130 907
131 124
131 132
131 177
131 230
131 251
131 318
131 332
131 349
131 438
131 472
131 772
131 922
132 28
132 64
132 176
132 261
132 276
132 406
132 611
132 768
132 788
132 816
132 839
132 903
132 945
133 40
133 43
133 61
133 94
133 307
133 461
133 748
133 853
133 944
134 43
134 104
134 170
134 343
134 548
134 766
134 793
134 840
134 892
134 903
134 985
135 41
135 43
135 297
135 312
135 440
135 500
135 527
135 559
135 667
135 733
135 908
135 956
136 5
136 357
136 687
136 847
136 930
137 217
137 271
137 300
137 342
137 359
137 430
137 464
137 468
137 491
137 499
137 621
137 637
137 716
137 739
137 757
137 929
137 977
137 993
138 204
138 243
138 263
138 321
138 413
138 454
138 475
138 583
138 779
139 27
139 40
139 76
139 81
139 248
139 322
139 371
139 437
139 614
139 619
139 707
139 722
139 737
140 16
140 29
140 77
140 114
140 212
140 381
140 452
140 549
140 811
140 900
141 44
141 100
141 149
141 271
141 276
141 341
141 450
141 568
141 785
141 801
141 847
142 32
142 71
142 110
142 147
142 251
142 262
142 326
142 333
142 367
142 421
142 629
142 709
142 849
142 862
142 924
142 970
143 84
143 100
143 118
143 170
143 316
143 343
143 435
143 446
143 622
143 657
143 867
143 879
143 906
144 129
144 139
144 142
144 152
144 236
144 271
144 336
144 381
144 508
144 631
144 633
144 634
144 683
144 684
144 818
144 841
145 5
145 168
145 175
145 181
145 343
145 769
145 858
146 96
146 104
146 192
146 302
146 314
146 317
146 431
146 558
146 617
146 652
146 703
146 808
147 143
147 204
147 238
147 471
147 927
148 6
148 89
148 90
148 174
148 201
148 218
148 254
148 299
148 351
148 361
148 489
148 543
148 544
148 550
148 669
148 870
149 47
149 114
149 152
149 168
149 177
149 206
149 225
149 273
149 461
149 569
149 665
149 772
150 162
150 180
150 194
150 677
150 687
150 850
151 68
151 168
151 293
151 441
151 485
151 574
151 724
152 162
152 182
152 199
152 395
152 404
152 516
152 759
152 761
152 993
153 15
153 302
153 307
153 582
153 841
153 871
153 937
153 975
154 13
154 15
154 30
154 111
154 228
154 818
154 821
154 879
154 968
155 130
155 261
155 311
155 317
155 366
155 368
155 394
155 518
155 628
155 706
155 783
155 868
155 957
156 21
156 145
156 167
156 190
156 287
156 357
156 388
156 506
156 539
156 566
156 850
156 878
156 955
157 255
157 284
157 332
157 376
157 413
157 572
157 658
157 807
157 808
157 818
158 231
158 382
158 519
158 894
159 127
159 652
159 781
159 841
159 963
159 991
160 44
160 91
160 536
160 566
160 590
160 633
160 704
160 874
160 957
160 985
161 23
161 31
161 258
161 606
161 647
161 819
161 947
161 986
162 248
162 357
162 410
162 494
162 551
162 608
162 785
162 838
162 866
163 3
163 165
163 187
163 356
163 390
163 561
163 591
163 624
163 710
164 112
164 128
164 172
164 576
164 733
165 318
165 323
165 327
165 334
165 338
165 384
165 444
165 454
165 461
165 472
165 659
165 738
165 745
165 785
165 786
165 838
165 845
165 864
166 375
166 396
166 436
166 456
166 562
166 626
166 799
166 884
166 916
166 947
167 101
167 530
167 835
167 909
168 69
168 76
168 144
168 301
168 443
168 450
168 777
168 934
168 956
169 105
169 205
169 290
169 371
169 377
169 421
169 645
169 815
169 948
170 44
170 86
170 293
170 360
170 466
170 476
170 517
170 655
170 774
170 883
171 25
171 58
171 68
171 77
171 101
171 123
171 626
171 655
171 677
171 811
171 832
171 921
172 71
172 78
172 103
172 235
172 348
172 353
172 365
172 397
172 795
172 801
172 923
172 958
173 18
173 83
173 384
173 458
173 646
173 844
173 885
173 893
174 6
174 125
174 156
174 235
174 284
174 330
174 411
174 442
174 663
174 782
174 939
174 952
174 967
175 29
175 77
175 117
175 202
175 208
175 390
175 483
175 608
175 676
175 893
175 968
176 22
176 331
176 372
176 412
176 478
176 489
176 692
176 813
176 817
176 957
176 989
176 994
177 89
177 165
177 386
177 426
177 588
177 603
177 613
177 662
177 664
177 691
177 741
177 820
177 865
178 72
178 249
178 495
178 536
178 538
178 676
178 713
178 854
178 879
178 899
179 120
179 192
179 404
179 454
179 487
179 547
179 761
179 798
180 35
180 245
180 261
180 289
180 308
180 341
180 543
180 563
180 611
180 775
180 822
180 842
180 985
181 257
181 267
181 365
181 668
181 707
181 802
181 884
182 50
182 109
182 593
182 604
183 77
183 86
183 187
183 194
183 202
183 233
183 261
183 621
183 636
183 778
183 781
183 792
183 796
183 863
183 908
183 964
184 46
184 182
184 281
184 340
184 424
184 456
184 587
184 612
184 637
184 668
184 756
184 784
184 799
184 961
185 141
185 218
185 338
185 383
185 384
185 513
185 553
185 564
185 586
185 707
185 887
186 58
186 358
186 394
186 427
186 615
186 765
186 792
186 852
187 55
187 219
187 302
187 322
187 437
187 699
187 700
187 734
187 768
187 967
187 994
188 217
188 272
188 299
188 328
188 404
188 499
188 563
188 576
188 712
188 723
188 771
188 782
188 831
188 986
189 117
189 148
189 181
189 186
189 384
189 694
189 833
189 945
189 982
190 256
190 300
190 320
190 453
190 456
190 479
190 535
191 16
191 206
191 296
191 341
191 448
191 634
191 660
191 678
191 690
191 691
191 812
191 910
191 982
192 9
192 27
192 71
192 103
192 187
192 381
192 624
192 701
192 778
192 876
193 95
193 106
193 220
193 317
193 403
193 413
193 591
193 723
193 788
193 811
193 882
194 94
194 227
194 238
194 280
194 556
194 713
194 735
194 779
194 867
195 25
195 105
195 472
195 526
195 535
195 549
195 861
195 885
195 957
196 9
196 70
196 137
196 156
196 209
196 300
196 378
196 401
196 434
196 554
196 569
196 672
196 703
196 919
196 925
197 19
197 123
197 174
197 177
197 203
197 220
197 353
197 554
197 560
197 641
197 801
197 978
197 990
198 418
198 628
198 780
198 790
198 852
198 923
199 63
199 105
199 195
199 210
199 214
199 265
199 467
199 643
199 751
199 759
199 775
199 977
200 40
200 94
200 138
200 143
200 242
200 306
200 308
200 546
201 11
201 117
201 207
201 237
201 312
201 631
201 811
201 952
202 134
202 214
202 386
202 465
202 484
202 507
202 528
202 594
202 624
202 689
202 929
203 22
203 23
203 64
203 247
203 680
203 778
203 787
203 836
203 909
204 50
204 89
204 95
204 260
204 277
204 487
204 628
204 728
204 809
204 906
204 997
205 21
205 25
205 297
205 395
205 594
205 620
205 730
205 898
206 11
206 26
206 190
206 268
206 329
206 379
206 381
206 419
206 488
206 978
207 1
207 186
207 218
207 283
207 545
207 558
207 561
207 665
207 717
207 778
207 852
207 982
208 74
208 107
208 121
208 149
208 175
208 181
208 191
208 321
208 612
208 635
208 746
208 827
208 852
208 926
208 988
209 11
209 54
209 131
209 202
209 283
209 376
209 560
209 713
209 774
209 888
209 963
209 983
210 90
210 113
210 267
210 359
210 380
210 713
210 757
210 762
210 882
211 26
211 88
211 105
211 151
211 282
211 405
211 409
211 438
211 558
211 565
211 651
211 702
211 761
211 885
211 901
211 921
211 996
212 0
212 133
212 159
212 297
212 395
212 539
212 584
212 613
212 853
212 893
213 32
213 289
213 315
213 378
213 399
213 478
213 647
213 739
213 751
213 801
214 121
214 263
214 305
214 560
214 622
214 703
215 117
215 220
215 247
215 299
215 361
215 440
215 533
215 617
215 645
215 725
216 236
216 249
216 463
216 675
216 727
216 802
216 902
216 953
217 80
217 114
217 335
217 385
217 586
217 619
217 709
217 850
217 938
218 14
218 157
218 229
218 342
218 391
218 454
218 611
218 843
219 48
219 182
219 248
219 255
219 445
219 624
219 633
219 777
219 841
220 12
220 85
220 133
220 140
220 344
220 477
220 668
220 701
220 711
220 737
220 760
220 777
220 913
221 203
221 335
221 336
221 429
221 647
221 797
221 869
221 999
222 304
222 472
222 484
222 617
223 229
223 376
223 534
223 794
223 883
223 894
224 0
224 354
224 394
224 397
224 416
224 497
224 532
224 553
224 602
224 818
224 940
224 946
224 952
224 984
224 988
224 997
225 280
225 544
225 573
225 820
225 886
225 938
226 118
226 208
226 390
226 430
226 458
226 584
226 623
226 806
226 819
226 820
226 862
226 883
227 302
227 446
227 948
228 26
228 298
228 466
228 486
228 511
228 671
228 726
228 741
228 752
228 841
228 946
229 272
229 444
229 553
229 590
229 675
229 805
230 73
230 266
230 349
230 691
230 917
230 959
231 49
231 69
231 253
231 257
231 411
231 711
231 743
231 829
231 973
232 46
232 143
232 183
232 255
232 264
232 288
232 335
232 398
232 672
232 702
232 864
232 911
232 983
233 41
233 83
233 92
233 98
233 294
233 332
233 627
233 699
233 816
233 899
234 58
234 77
234 126
234 198
234 225
234 235
234 276
234 502
234 541
234 545
234 550
234 587
234 643
234 712
234 713
234 849
234 909
235 285
235 289
235 342
235 359
235 382
235 488
235 534
235 690
235 738
236 162
236 643
236 660
236 672
236 796
236 855
236 917
236 926
236 942
236 944
236 980
237 83
237 124
237 139
237 195
237 731
237 828
237 909
237 985
238 337
238 375
238 476
238 479
238 538
238 618
238 739
238 746
238 775
238 865
238 912
238 955
238 963
239 77
239 103
239 137
239 180
239 286
239 325
239 420
239 521
239 529
239 530
239 595
239 622
239 837
239 974
240 0
240 15
240 41
240 65
240 412
240 445
240 456
240 554
240 771
240 819
240 840
240 884
240 895
240 955
241 123
241 253
241 424
241 442
241 678
241 732
241 876
241 962
242 77
242 90
242 119
242 174
242 226
242 365
242 434
242 482
242 502
242 513
242 557
242 566
242 617
243 13
243 39
243 365
243 409
243 455
243 524
243 725
243 889
244 31
244 596
244 658
244 831
245 154
245 350
245 447
245 478
245 631
245 728
245 835
246 284
246 398
246 458
246 486
246 615
246 648
246 673
246 941
246 984
247 14
247 185
247 394
247 449
247 774
247 786
247 909
248 134
248 282
248 291
248 531
248 773
248 826
248 875
248 942
249 71
249 107
249 414
249 433
249 500
249 545
249 681
249 711
249 733
249 809
249 909
249 956
250 120
250 180
250 215
250 342
250 390
250 403
250 564
250 677
250 691
250 728
250 806
250 883
250 886
250 888
250 994
251 172
251 230
251 244
251 367
251 631
251 655
251 699
251 814
251 845
252 39
252 193
252 236
252 379
252 424
252 819
252 850
252 880
252 910
252 962
252 979
253 10
253 39
253 41
253 77
253 232
253 287
253 299
253 539
253 550
253 830
253 848
253 904
253 990
254 87
254 172
254 328
254 334
254 818
254 826
254 888
255 205
255 235
255 324
255 349
255 437
255 513
255 573
255 918
256 35
256 128
256 311
256 346
256 489
256 706
256 857
257 120
257 129
257 157
257 236
257 241
257 468
257 483
257 555
257 632
257 869
257 894
257 951
258 63
258 85
258 138
258 182
258 283
258 421
258 428
258 475
258 480
258 645
258 813
258 814
258 997
259 150
259 285
259 347
259 470
259 623
259 760
259 792
259 889
259 944
260 0
260 105
260 259
260 277
260 396
260 461
260 566
260 670
260 832
261 9
261 157
261 242
261 327
261 660
261 692
261 773
261 774
261 784
261 921
261 927
261 936
261 956
261 964
262 69
262 70
262 122
262 134
262 186
262 222
262 240
262 318
262 551
262 719
262 971
262 977
262 997
263 30
263 425
263 451
263 489
263 525
263 526
263 561
263 636
263 681
263 710
263 712
263 758
263 886
263 892
264 19
264 58
264 220
264 399
264 497
264 502
264 521
264 734
264 819
265 2
265 222
265 290
265 305
265 575
265 607
265 680
265 726
265 803
265 921
265 989
266 134
266 384
266 515
266 662
266 707
266 795
266 933
267 21
267 32
267 61
267 100
267 156
267 380
267 412
267 485
267 619
267 759
267 869
268 80
268 165
268 279
268 282
268 494
268 548
268 763
268 844
268 871
269 182
269 202
269 303
269 338
269 620
269 680
269 923
270 167
270 225
270 266
270 286
270 344
270 416
270 498
270 612
270 900
271 133
271 290
271 303
271 323
271 411
271 431
271 504
271 630
271 812
271 950
272 68
272 104
272 130
272 238
272 301
272 521
272 632
272 913
273 105
273 183
273 200
273 569
273 580
273 745
273 787
273 841
273 924
273 963
273 981
273 995
274 35
274 82
274 142
274 381
274 484
274 502
274 504
274 537
274 596
274 728
274 836
274 896
275 17
275 480
275 481
275 486
275 523
275 525
275 583
275 666
275 770
275 925
275 959
276 287
276 311
276 402
276 413
276 549
276 599
276 663
276 704
276 737
276 755
276 775
276 902
276 917
277 22
277 87
277 125
277 158
277 184
277 231
277 422
277 554
277 598
277 741
277 866
277 982
278 23
278 90
278 219
278 220
278 270
278 503
278 793
278 804
278 845
279 6
279 52
279 69
279 102
279 164
279 179
279 296
279 333
279 367
279 384
279 524
279 542
279 800
279 805
279 847
279 892
279 951
280 61
280 178
280 273
280 361
280 524
280 538
280 567
280 837
280 937
280 957
281 4
281 177
281 266
281 292
281 356
281 476
281 535
281 544
281 604
281 817
281 901
282 284
282 376
282 492
282 674
282 803
282 922
282 983
283 301
283 401
283 481
283 538
284 199
284 313
284 373
284 595
284 625
284 756
284 993
285 10
285 98
285 361
285 605
285 641
285 739
285 901
285 918
286 203
286 204
286 219
286 564
286 730
286 733
286 861
286 926
286 963
286 989
287 35
287 38
287 271
287 279
287 342
287 424
287 448
287 568
287 576
287 633
287 710
287 811
287 864
287 898
287 924
288 124
288 214
288 218
288 226
288 428
288 575
288 591
288 667
288 946
289 167
289 197
289 243
289 376
289 439
289 448
289 689
289 721
289 849
289 866
289 938
290 149
290 171
290 212
290 385
290 593
290 605
290 859
290 969
290 999
291 59
291 155
291 276
291 324
291 374
291 432
291 494
291 500
291 503
291 674
291 904
292 3
292 45
292 91
292 102
292 599
292 671
292 884
292 954
292 983
293 56
293 79
293 163
293 218
293 286
293 362
293 443
293 463
293 491
293 849
293 916
293 996
294 97
294 103
294 170
294 278
294 419
294 670
294 825
295 18
295 43
295 322
295 334
295 387
295 455
295 481
295 933
295 995
296 42
296 54
296 163
296 239
296 312
296 337
296 350
296 359
296 479
296 484
296 495
296 592
296 593
296 691
296 787
296 792
296 850
297 7
297 40
297 126
297 305
297 515
297 586
297 838
297 855
297 956
298 325
298 424
298 504
298 544
298 702
298 840
298 939
299 174
299 311
299 372
299 405
299 425
299 456
299 486
299 495
299 549
299 588
299 637
299 640
299 832
299 892
299 906
300 15
300 132
300 148
300 166
300 357
300 736
300 952
300 957
300 977
301 421
301 443
301 497
301 499
301 593
301 882
301 885
301 945
301 950
301 975
301 977
302 113
302 272
302 283
302 581
302 713
302 725
302 772
302 926
302 937
303 97
303 104
303 142
303 187
303 214
303 493
303 660
303 828
303 848
303 934
303 966
303 983
303 995
304 102
304 139
304 209
304 307
304 334
304 464
304 508
304 585
304 670
304 752
304 877
304 942
305 323
305 377
305 546
305 726
305 775
305 814
305 863
306 383
306 422
306 503
306 537
306 912
306 938
307 143
307 231
307 283
307 284
307 306
307 369
307 397
307 551
307 579
307 697
307 751
307 922
308 41
308 74
308 286
308 480
308 694
308 779
308 965
309 129
309 571
309 630
309 688
309 781
309 826
309 921
310 111
310 300
310 321
310 344
310 418
310 499
310 553
310 582
310 722
310 869
311 49
311 52
311 98
311 148
311 302
311 488
311 560
311 645
311 684
311 776
311 780
311 870
312 62
312 197
312 429
312 611
312 665
312 678
312 683
312 709
312 806
313 52
313 92
313 120
313 203
313 467
313 513
313 575
313 594
313 597
313 689
313 735
313 802
314 96
314 245
314 451
314 455
314 459
314 623
314 658
314 661
314 721
314 743
314 816
315 72
315 102
315 124
315 144
315 292
315 318
315 456
315 802
315 841
315 886
315 927
315 937
316 1
316 41
316 81
316 361
316 473
316 550
316 579
316 594
316 651
316 707
316 853
316 904
317 129
317 151
317 187
317 322
317 451
317 473
317 595
317 698
317 839
317 905
318 5
318 7
318 376
318 406
318 463
318 516
318 545
318 711
318 781
319 5
319 54
319 105
319 171
319 256
319 311
319 391
319 404
319 480
319 594
319 599
319 653
319 975
320 70
320 220
320 250
320 407
320 540
320 693
320 891
321 7
321 294
321 444
321 492
321 574
321 691
321 942
322 77
322 385
322 433
322 471
322 498
322 582
322 964
323 67
323 182
323 193
323 359
323 396
323 441
323 515
323 575
323 655
323 863
324 74
324 111
324 323
324 335
324 339
324 438
324 550
324 571
324 764
324 832
324 904
324 913
324 943
324 984
325 37
325 80
325 152
325 220
325 225
325 240
325 364
325 443
325 498
325 619
325 789
325 791
325 803
325 997
326 250
326 258
326 417
326 602
326 627
326 640
326 654
326 750
327 2
327 149
327 176
327 432
327 504
327 637
327 655
327 663
327 665
327 671
327 692
327 882
328 51
328 136
328 259
328 318
328 474
328 510
328 657
328 680
328 805
328 947
329 40
329 156
329 160
329 374
329 538
329 664
329 694
329 797
329 819
329 917
329 951
330 92
330 188
330 231
330 310
330 587
330 649
330 691
330 750
330 877
331 678
331 684
331 916
331 991
332 114
332 213
332 239
332 267
332 300
332 435
332 473
332 556
332 573
332 593
332 595
332 625
332 644
332 713
332 737
333 9
333 10
333 212
333 365
333 565
333 611
333 677
333 744
334 0
334 43
334 345
334 457
334 478
334 625
334 667
334 694
334 734
334 748
334 849
334 923
334 924
334 927
334 974
335 33
335 158
335 266
335 283
335 332
335 382
335 393
335 400
335 611
335 694
335 776
335 805
335 856
335 869
336 44
336 246
336 386
336 448
336 590
336 698
336 951
336 973
337 22
337 291
337 330
337 392
337 676
337 695
337 973
338 21
338 107
338 184
338 449
338 522
338 604
338 776
338 801
338 978
338 999
339 1
339 270
339 484
339 558
339 697
339 773
339 954
340 151
340 227
340 329
340 336
340 349
340 355
340 412
340 456
340 884
340 916
340 933
340 938
340 949
341 61
341 107
341 290
341 459
342 42
342 262
342 290
342 440
342 479
342 518
342 532
342 540
342 687
342 697
342 842
343 155
343 313
343 427
343 513
343 574
343 585
343 693
343 704
343 743
343 807
343 852
343 972
344 50
344 186
344 232
344 343
344 427
344 665
344 730
344 948
345 189
345 216
345 317
345 423
345 559
345 660
345 758
345 919
346 172
346 241
346 359
346 381
346 530
346 806
346 858
347 34
347 293
347 297
347 721
347 758
347 786
347 977
348 33
348 64
348 270
348 322
348 336
348 371
348 414
348 689
348 797
348 904
349 188
349 407
349 924
349 931
349 934
349 954
349 999
350 137
350 435
350 467
350 552
350 720
350 721
350 722
350 790
350 850
351 100
351 105
351 165
351 274
351 314
351 579
351 664
351 717
351 772
351 835
351 843
352 8
352 124
352 147
352 184
352 221
352 242
352 495
352 506
352 682
352 762
352 795
352 796
352 834
352 928
353 90
353 149
353 282
353 394
353 429
353 463
353 544
353 590
353 667
353 687
353 700
353 935
354 146
354 188
354 302
354 351
354 470
354 556
354 693
354 719
354 780
354 805
355 100
355 304
355 495
355 574
355 603
355 695
356 27
356 61
356 374
356 396
356 457
356 489
356 675
356 680
356 846
356 920
357 68
357 134
357 147
357 261
357 296
357 350
357 535
357 548
357 606
357 616
357 685
357 711
357 853
357 965
357 990
358 305
358 436
358 441
358 444
358 449
358 483
358 696
358 784
358 854
359 105
359 287
359 294
359 404
359 456
359 492
359 633
359 725
359 754
359 904
359 922
360 86
360 271
360 334
360 508
360 557
360 664
360 768
360 821
360 842
360 891
360 911
361 153
361 154
361 172
361 384
361 433
361 569
361 604
361 660
361 680
361 730
361 873
361 958
361 966
362 295
362 431
362 562
362 660
362 678
362 711
362 780
362 903
362 942
363 17
363 80
363 181
363 188
363 253
363 326
363 481
363 613
363 655
363 682
363 686
363 706
363 735
363 947
364 187
364 249
364 333
364 430
364 487
364 647
364 656
365 57
365 495
365 531
365 538
365 601
365 602
365 727
365 737
365 950
365 983
365 985
366 51
366 270
366 271
366 275
366 276
366 356
366 529
366 566
366 863
367 20
367 35
367 42
367 78
367 113
367 129
367 174
367 243
367 337
367 549
367 565
367 581
367 684
367 748
367 772
367 825
367 833
368 1
368 12
368 66
368 99
368 181
368 262
368 270
368 480
368 491
369 117
369 191
369 700
369 754
369 787
369 862
369 889
370 64
370 205
370 246
370 257
370 262
370 272
370 373
370 425
370 618
370 696
370 706
370 811
370 873
370 967
371 94
371 138
371 247
371 303
371 475
371 960
371 983
372 497
372 560
372 758
372 812
372 840
372 856
372 864
372 924
373 30
373 49
373 71
373 195
373 206
373 521
373 544
373 561
373 587
373 647
373 738
374 12
374 20
374 144
374 247
374 283
374 326
374 340
374 373
374 436
374 713
374 719
374 797
374 923
374 936
375 73
375 121
375 187
375 275
375 393
375 539
375 681
375 684
375 718
375 980
376 41
376 47
376 81
376 120
376 246
376 259
376 295
376 350
376 423
376 459
376 469
376 478
376 510
376 601
376 650
376 864
377 132
377 424
377 481
377 539
377 548
377 570
377 584
377 674
377 777
378 83
378 246
378 444
378 597
378 601
378 614
378 726
378 744
378 780
378 925
379 47
379 178
379 197
379 402
379 444
379 532
379 573
379 593
379 632
379 655
379 659
379 773
379 829
379 870
380 63
380 135
380 350
380 435
380 472
380 659
380 671
380 799
380 903
381 5
381 92
381 291
381 351
381 405
381 478
381 544
381 546
381 720
381 730
381 783
381 808
381 829
381 958
382 160
382 258
382 267
382 272
382 396
382 425
382 578
382 784
382 795
382 812
382 890
382 961
383 184
383 209
383 333
383 773
383 925
383 936
384 304
384 475
384 619
384 680
384 722
384 746
384 781
385 84
385 99
385 159
385 275
385 301
385 363
385 380
385 629
385 634
385 636
385 641
385 816
386 9
386 108
386 116
386 179
386 233
386 247
386 254
386 290
386 310
386 504
386 710
386 794
386 921
386 958
387 16
387 47
387 238
387 315
387 373
387 412
387 414
387 569
387 656
387 724
387 753
387 903
388 2
388 17
388 269
388 342
388 354
388 372
388 428
388 626
388 738
388 894
388 957
389 129
389 165
389 208
389 309
389 460
389 476
389 515
389 535
389 561
389 703
389 737
389 788
389 803
390 78
390 195
390 240
390 385
390 432
390 517
390 744
390 850
390 899
391 421
391 470
391 533
391 726
391 840
391 855
391 941
391 969
392 11
392 188
392 424
392 624
392 801
392 804
392 859
392 897
392 909
392 944
393 18
393 149
393 262
393 325
393 558
393 575
393 726
393 783
393 899
394 287
394 405
394 591
394 679
394 841
395 6
395 169
395 352
395 557
395 704
395 709
395 829
395 856
396 32
396 75
396 165
396 218
396 308
396 561
396 631
396 648
396 704
396 783
396 888
397 33
397 159
397 233
397 239
397 260
397 344
397 369
397 572
397 577
397 744
397 770
397 802
397 806
397 907
398 176
398 266
398 547
398 582
398 591
398 593
398 700
398 740
398 772
398 936
399 20
399 24
399 188
399 231
399 354
399 440
399 545
399 555
399 679
399 797
399 872
399 880
399 942
400 43
400 70
400 79
400 258
400 349
400 354
400 387
400 426
400 435
400 677
400 696
400 889
400 934
400 972
401 45
401 126
401 271
401 444
401 447
401 474
401 612
402 9
402 45
402 136
402 183
402 223
402 260
402 315
402 441
402 653
402 807
402 829
402 881
402 883
403 264
403 304
403 328
403 636
403 693
403 970
404 360
404 385
404 414
404 432
404 695
404 712
404 756
404 946
404 986
405 85
405 257
405 354
405 390
405 447
405 537
405 587
405 625
405 679
405 729
405 751
405 788
405 938
405 945
406 422
406 474
406 741
406 743
406 837
406 985
406 993
407 14
407 524
407 608
407 685
408 220
408 263
408 304
408 366
408 436
408 480
408 731
408 758
408 887
408 922
409 11
409 415
409 471
409 604
409 617
409 639
409 678
409 695
409 769
409 906
410 90
410 272
410 404
410 509
410 554
410 657
410 759
411 10
411 717
411 724
411 764
411 831
411 928
411 944
411 961
412 54
412 59
412 72
412 212
412 305
412 325
412 690
413 0
413 58
413 122
413 125
413 267
413 315
413 392
413 486
413 665
413 815
413 921
414 45
414 179
414 685
414 808
414 829
414 965
414 993
414 997
415 5
415 48
415 59
415 74
415 94
415 119
415 140
415 174
415 294
415 355
415 445
415 446
415 532
415 861
415 863
415 984
416 64
416 165
416 369
416 492
416 510
416 533
416 545
416 631
416 885
416 902
416 934
416 946
417 6
417 29
417 53
417 75
417 131
417 303
417 501
417 508
417 567
417 585
417 640
417 716
417 736
418 44
418 50
418 218
418 222
418 431
418 712
418 730
418 821
419 50
419 52
419 121
419 133
419 161
419 240
419 252
419 322
419 678
419 964
420 69
420 97
420 211
420 523
420 632
420 878
420 937
420 958
420 997
421 23
421 98
421 128
421 201
421 225
421 341
421 540
421 728
421 813
421 851
421 902
421 949
422 125
422 436
422 496
422 525
422 660
422 662
422 708
422 735
422 861
422 877
422 930
422 937
422 942
422 961
423 41
423 42
423 45
423 51
423 199
423 556
423 823
423 903
423 976
423 986
424 127
424 203
424 304
424 459
424 535
424 539
424 616
424 636
424 745
424 853
424 878
424 904
425 194
425 358
425 457
425 459
425 690
425 703
425 706
425 763
425 903
425 962
425 965
425 980
426 24
426 195
426 247
426 299
426 334
426 663
426 748
426 752
426 758
426 790
426 889
426 983
427 160
427 183
427 247
427 287
427 470
427 491
427 519
427 608
428 26
428 132
428 195
428 275
428 301
428 312
428 446
428 488
428 528
428 531
428 558
428 568
428 591
428 761
428 841
429 17
429 86
429 160
429 291
429 601
429 630
429 631
429 656
429 711
429 739
429 776
429 786
429 864
429 878
430 43
430 45
430 214
430 259
430 505
430 521
430 669
430 709
430 712
430 979
431 14
431 64
431 80
431 111
431 479
431 482
431 488
431 667
431 670
431 686
431 701
431 763
431 854
431 884
431 922
431 948
432 60
432 275
432 305
432 455
432 569
432 592
432 650
432 997
433 55
433 147
433 201
433 275
433 467
433 471
433 556
433 753
433 777
433 863
434 86
434 313
434 466
434 502
434 867
434 899
434 937
435 40
435 495
435 531
435 629
435 686
435 866
435 885
435 900
435 931
435 956
435 990
436 116
436 119
436 416
436 778
436 807
436 842
437 168
437 206
437 297
437 421
437 522
437 655
437 755
437 920
437 974
438 81
438 324
438 386
438 457
438 687
438 698
438 950
438 971
439 85
439 243
439 248
439 351
439 425
439 581
439 688
439 769
439 819
440 7
440 99
440 154
440 266
440 281
440 304
440 422
440 424
440 457
440 541
440 543
440 611
440 784
440 832
440 888
440 962
440 966
441 111
441 337
441 342
441 437
441 689
441 871
442 68
442 330
442 432
442 544
442 650
442 760
442 843
442 861
442 980
442 998
443 8
443 201
443 315
443 417
443 595
443 739
443 779
443 872
443 902
443 947
444 56
444 88
444 152
444 287
444 303
444 426
444 547
444 596
444 607
444 668
444 774
444 879
444 944
444 976
444 987
445 37
445 42
445 78
445 80
445 474
445 500
445 571
445 630
445 683
445 747
445 851
445 903
445 935
445 947
446 85
446 245
446 680
446 749
446 802
446 851
446 852
446 995
447 74
447 271
447 375
447 515
447 701
447 828
448 178
448 412
448 535
448 589
448 759
448 761
448 892
449 131
449 856
449 889
449 989
450 402
450 409
450 490
450 499
450 524
450 545
450 575
450 631
450 688
450 735
450 763
450 920
450 933
451 18
451 30
451 78
451 267
451 494
451 495
451 525
451 547
451 762
451 788
451 802
451 803
451 909
451 985
452 92
452 231
452 232
452 258
452 478
452 492
452 645
452 648
452 660
452 816
453 53
453 113
453 255
453 339
453 342
453 391
453 462
453 478
453 526
453 533
453 534
453 631
453 896
454 70
454 110
454 201
454 246
454 271
454 332
454 395
454 466
454 605
454 800
454 826
454 935
454 972
455 38
455 39
455 56
455 113
455 129
455 143
455 160
455 214
455 456
455 554
455 588
455 605
455 848
455 905
455 957
455 979
456 16
456 125
456 258
456 315
456 329
456 651
456 673
456 689
456 703
456 741
456 752
456 831
456 977
457 147
457 215
457 237
457 312
457 436
457 438
457 493
457 600
457 640
457 991
458 2
458 171
458 190
458 239
458 243
458 486
458 656
458 792
458 825
458 836
458 854
458 862
458 868
459 132
459 229
459 314
459 344
459 483
459 565
459 777
459 793
459 856
459 881
459 925
460 18
460 19
460 97
460 168
460 190
460 317
460 418
460 430
460 505
460 529
460 532
460 543
460 617
460 703
460 780
460 926
460 960
461 291
461 366
461 597
461 607
461 719
461 760
461 764
461 792
462 168
462 672
462 882
462 896
463 72
463 173
463 191
463 396
463 775
463 839
463 971
463 992
464 6
464 131
464 137
464 278
464 400
464 445
464 446
464 528
464 556
464 644
464 721
464 849
464 955
465 57
465 78
465 83
465 98
465 125
465 198
465 215
465 240
465 312
465 379
465 606
465 800
465 896
465 988
466 7
466 152
466 245
466 307
466 485
466 714
466 839
466 914
467 190
467 198
467 348
467 666
467 774
467 776
467 781
467 879
467 981
468 69
468 107
468 242
468 321
468 401
468 454
468 498
468 538
468 594
468 627
468 690
468 854
468 941
469 123
469 344
469 456
469 481
469 505
469 533
469 682
469 875
469 996
470 151
470 169
470 175
470 183
470 196
470 230
470 402
470 447
470 457
470 495
470 504
470 505
470 552
470 630
470 730
470 939
470 999
471 30
471 155
471 179
471 216
471 263
471 268
471 351
471 424
471 465
471 542
471 548
471 865
471 880
472 72
472 146
472 235
472 522
472 767
472 817
472 834
473 13
473 21
473 70
473 547
473 678
473 710
473 757
473 832
473 858
473 886
473 989
474 69
474 184
474 221
474 255
474 492
474 503
474 545
474 720
474 742
474 797
474 978
475 45
475 77
475 221
475 269
475 335
475 380
475 493
475 526
475 691
475 710
475 730
475 803
475 904
476 9
476 17
476 49
476 346
476 490
476 794
476 894
476 896
476 973
477 36
477 237
477 316
478 10
478 116
478 163
478 164
478 215
478 281
478 372
478 373
478 536
478 598
478 600
478 668
478 702
478 730
478 978
479 661
479 669
479 688
479 717
479 721
479 988
480 165
480 186
480 196
480 203
480 236
480 248
480 450
480 452
480 487
480 614
480 699
480 703
480 719
480 781
480 784
480 815
480 845
481 140
481 205
481 219
481 242
481 277
481 372
481 394
481 445
481 467
481 580
481 650
481 701
482 79
482 627
482 775
482 935
482 960
482 973
482 986
483 184
483 472
483 605
483 797
483 810
483 813
483 896
484 39
484 123
484 161
484 264
484 369
484 409
484 420
484 486
484 493
484 501
484 536
484 556
484 642
484 698
484 705
484 748
484 757
484 959
484 976
484 999
485 69
485 122
485 124
485 128
485 181
485 218
485 243
485 319
485 341
485 381
485 473
485 724
485 768
485 796
485 912
485 957
486 29
486 309
486 417
486 484
486 520
486 557
486 570
486 571
486 811
486 827
486 886
486 938
487 59
487 384
487 517
487 693
487 761
487 969
488 59
488 72
488 83
488 87
488 93
488 407
488 484
488 494
488 610
488 885
489 52
489 100
489 107
489 253
489 331
489 500
489 641
489 643
489 657
489 787
489 795
490 33
490 302
490 605
490 799
490 884
490 900
490 973
491 66
491 188
491 219
491 391
491 422
491 464
491 469
491 512
491 545
491 562
491 619
491 926
492 117
492 186
492 296
492 458
492 482
492 588
492 606
492 830
492 902
493 44
493 109
493 136
493 186
493 355
493 393
493 444
493 577
493 599
493 622
493 699
493 705
493 734
493 890
494 190
494 223
494 365
494 527
494 546
494 554
494 587
494 666
494 694
494 745
494 883
494 885
495 12
495 18
495 135
495 164
495 373
495 400
495 434
495 545
495 687
495 785
495 801
496 2
496 47
496 86
496 173
496 179
496 358
496 577
496 695
496 756
496 757
496 974
497 10
497 55
497 82
497 121
497 132
497 246
497 341
497 371
497 395
497 403
497 475
497 668
497 807
497 972
498 67
498 166
498 206
498 230
498 269
498 275
498 276
498 326
498 335
498 701
498 748
498 856
499 22
499 114
499 321
499 382
499 464
499 473
499 540
499 702
499 716
500 58
500 71
500 97
500 340
500 470
500 558
500 583
500 726
501 127
501 161
501 168
501 259
501 285
501 444
501 571
501 582
501 621
501 726
501 770
501 832
502 186
502 228
502 400
502 613
502 626
502 734
502 785
502 787
502 822
502 827
503 1
503 209
503 413
503 497
503 908
503 973
504 20
504 381
504 560
504 582
504 653
504 806
504 876
505 82
505 248
505 258
505 440
505 936
505 995
506 87
506 158
506 182
506 244
507 10
507 20
507 595
507 740
507 769
507 788
507 789
507 946
507 966
508 86
508 129
508 140
508 358
508 390
508 450
508 472
508 486
508 513
508 599
508 642
508 755
508 766
509 3
509 145
509 352
509 856
509 956
509 990
510 170
510 254
510 375
510 392
510 457
510 588
510 610
510 922
511 10
511 94
511 114
511 182
511 335
511 493
511 596
511 638
511 666
511 723
511 992
512 96
512 332
512 442
512 463
512 497
512 557
512 573
512 660
512 869
512 980
513 226
513 443
513 557
513 594
513 729
513 771
513 783
513 786
513 803
513 922
514 62
514 107
514 262
514 313
514 330
514 360
514 547
514 616
514 629
514 692
514 818
515 53
515 133
515 168
515 174
515 370
515 470
515 830
515 909
516 1
516 484
516 841
516 918
517 52
517 113
517 128
517 406
517 509
517 694
517 835
517 878
517 988
518 222
518 367
518 377
518 400
518 458
518 541
518 594
518 789
518 865
519 34
519 74
519 116
519 168
519 185
519 277
519 322
519 518
519 594
519 701
519 715
519 823
519 826
519 846
519 867
519 932
519 941
520 82
520 170
520 319
520 357
520 649
520 672
520 673
520 687
520 759
520 855
520 913
521 32
521 108
521 197
521 214
521 216
521 330
521 506
521 517
521 704
521 786
521 798
521 849
521 988
522 172
522 439
522 607
522 642
522 682
522 684
523 135
523 147
523 158
523 384
523 449
523 500
523 572
523 587
523 637
524 117
524 141
524 584
524 996
525 27
525 195
525 212
525 428
525 435
525 440
525 551
525 787
525 822
525 911
526 28
526 50
526 141
526 219
526 221
526 504
526 778
526 800
526 829
527 165
527 302
527 318
527 336
527 352
527 385
527 430
527 462
527 499
527 521
527 609
527 614
527 778
527 780
527 939
527 999
528 71
528 127
528 306
528 316
528 402
528 543
528 622
528 694
528 701
528 704
528 706
528 883
529 60
529 226
529 326
529 402
529 412
529 456
529 480
529 660
529 941
529 993
530 61
530 260
530 315
530 354
530 428
530 539
530 565
530 594
530 710
530 955
531 3
531 104
531 118
531 145
531 251
531 577
531 614
531 861
531 929
532 17
532 71
532 74
532 164
532 561
532 583
532 594
532 626
533 117
533 171
533 230
533 590
533 715
533 823
533 863
533 887
533 934
533 965
533 978
534 25
534 48
534 115
534 167
534 370
534 385
534 458
534 655
534 667
534 787
534 807
535 130
535 217
535 408
535 510
535 578
535 584
535 591
535 623
535 674
535 682
535 919
536 2
536 7
536 81
536 451
536 651
536 701
536 755
536 759
536 809
536 810
537 11
537 219
537 229
537 547
537 652
537 715
537 740
538 2
538 166
538 171
538 379
538 456
538 525
538 689
538 719
538 827
538 834
538 865
538 943
539 24
539 146
539 179
539 187
539 291
539 343
539 363
539 553
539 652
539 705
539 878
539 960
539 984
540 415
540 453
540 545
540 548
540 727
540 792
540 822
540 855
540 881
540 920
541 38
541 85
541 87
541 182
541 255
541 293
541 445
541 561
541 573
541 600
541 611
541 620
541 642
541 708
541 745
541 858
541 977
541 994
542 151
542 159
542 228
542 238
542 494
542 659
542 722
542 802
543 32
543 124
543 366
543 464
543 807
543 940
544 109
544 309
544 578
544 695
544 987
545 58
545 112
545 197
545 331
545 354
545 647
545 761
545 872
546 186
546 252
546 446
546 538
546 681
546 906
546 992
547 190
547 479
547 801
547 840
547 926
547 980
548 19
548 154
548 311
548 325
548 560
548 724
548 836
548 850
548 951
548 952
549 65
549 157
549 162
549 215
549 225
549 279
549 388
549 398
549 428
549 631
549 659
549 778
549 806
549 918
550 320
550 404
550 491
550 533
550 567
550 610
550 773
550 887
550 941
551 14
551 118
551 194
551 261
551 501
551 664
551 665
551 703
551 734
551 771
551 823
551 832
551 843
551 944
551 952
551 978
552 7
552 487
552 496
552 577
552 629
552 708
552 832
553 32
553 165
553 192
553 212
553 253
553 502
553 515
553 820
553 846
553 973
554 192
554 287
554 390
554 397
554 548
554 595
554 630
554 759
554 965
555 184
555 197
555 274
555 277
555 464
555 654
555 742
555 843
555 879
556 17
556 318
556 464
556 476
556 492
556 577
556 628
556 630
556 672
556 715
556 765
557 2
557 85
557 169
557 170
557 231
557 304
557 305
557 307
557 583
557 608
557 618
557 627
557 691
557 749
557 778
557 801
557 817
557 853
557 894
557 923
557 970
557 995
558 38
558 86
558 200
558 317
558 331
558 482
558 684
558 721
558 979
559 103
559 246
559 598
559 638
559 837
559 955
560 2
560 147
560 188
560 242
560 417
560 916
561 318
561 339
561 657
561 729
561 757
561 790
562 47
562 81
562 159
562 230
562 463
562 478
562 769
562 872
562 893
563 188
563 197
563 245
563 328
563 361
563 607
563 657
563 711
563 760
563 821
564 360
564 605
564 658
564 723
564 737
564 797
564 944
564 949
564 998
565 34
565 138
565 180
565 211
565 335
565 435
565 632
565 644
565 658
565 774
565 917
565 948
566 293
566 386
566 552
566 845
566 882
567 71
567 121
567 125
567 132
567 348
567 355
567 439
567 523
567 623
567 709
567 737
567 990
568 14
568 20
568 82
568 161
568 223
568 271
568 310
568 324
568 357
568 594
568 630
568 694
568 823
568 842
568 992
569 57
569 153
569 175
569 229
569 313
569 451
569 634
569 706
569 772
569 830
569 944
569 949
570 134
570 147
570 203
570 232
570 251
570 507
570 538
570 555
570 780
571 7
571 210
571 272
571 329
571 380
571 476
571 489
571 548
571 612
571 809
571 951
572 128
572 154
572 188
572 231
572 272
572 350
572 523
572 540
572 546
572 566
572 575
572 602
572 653
572 823
572 905
572 983
573 12
573 168
573 368
573 567
573 576
573 634
573 729
573 742
573 765
573 809
573 813
573 872
573 982
574 14
574 36
574 64
574 204
574 301
574 506
574 528
574 718
574 727
574 730
574 809
574 870
574 939
574 952
575 66
575 183
575 248
575 318
575 330
575 344
575 376
575 594
575 642
575 741
575 753
576 318
576 542
576 685
576 773
576 775
576 796
576 807
576 945
576 948
577 269
577 302
577 386
577 766
577 791
578 283
578 345
578 646
578 670
579 161
579 254
579 255
579 330
579 426
579 496
579 742
579 955
580 18
580 94
580 369
580 390
580 607
580 631
580 666
580 691
580 746
580 791
580 816
580 946
581 28
581 104
581 167
581 223
581 247
581 306
581 355
581 356
581 606
581 641
581 932
581 943
582 349
582 407
582 434
582 456
582 497
582 577
582 579
582 848
583 307
583 397
583 450
583 466
583 483
583 549
584 68
584 202
584 307
584 328
584 388
584 489
584 607
584 643
584 846
584 853
584 861
584 929
584 969
585 417
585 479
585 866
585 921
585 968
586 34
586 365
586 414
586 706
586 748
586 776
586 798
586 967
587 19
587 118
587 407
587 523
587 561
587 564
587 669
587 692
588 98
588 162
588 194
588 323
588 515
588 521
588 676
588 689
588 700
588 862
588 928
589 2
589 37
589 240
589 299
589 499
589 592
589 603
589 687
589 715
589 751
590 161
590 368
590 649
590 665
590 726
590 743
591 11
591 51
591 186
591 239
591 269
591 321
591 329
591 477
591 502
591 563
591 654
591 725
591 818
591 909
592 53
592 63
592 70
592 104
592 150
592 471
592 610
592 819
592 939
592 965
593 70
593 272
593 554
593 765
594 168
594 420
594 768
594 856
594 990
595 38
595 363
595 581
595 632
595 657
595 793
595 796
595 800
595 815
595 870
595 997
596 210
596 235
596 450
596 503
596 515
596 690
596 855
596 925
596 931
597 236
597 246
597 272
597 274
597 310
597 398
597 577
597 640
597 700
597 702
597 708
597 772
597 920
597 971
598 27
598 45
598 132
598 215
598 295
598 337
598 368
598 383
598 421
598 447
598 483
598 551
598 756
598 776
598 979
599 181
599 466
599 489
599 753
599 885
600 12
600 118
600 200
600 458
600 580
600 767
600 894
601 12
601 361
601 527
601 558
601 686
601 693
601 734
601 735
601 744
602 184
602 212
602 261
602 283
602 344
602 376
602 438
602 735
602 777
602 794
602 797
602 840
602 908
602 953
603 289
603 352
603 578
603 590
603 654
603 752
603 816
603 889
604 40
604 64
604 197
604 270
604 292
604 364
604 469
604 492
604 628
604 703
604 743
604 779
604 818
604 887
605 279
605 281
605 553
605 611
605 640
606 53
606 89
606 167
606 185
606 297
606 369
606 406
606 510
606 552
606 645
606 859
606 920
607 23
607 383
607 550
607 594
607 836
607 875
608 559
608 565
608 655
609 93
609 185
609 227
609 454
609 587
609 671
609 761
609 809
609 907
610 24
610 148
610 336
610 356
610 701
610 757
610 779
610 859
610 944
611 225
611 320
611 360
611 408
611 422
611 555
611 568
611 822
611 871
611 903
612 118
612 188
612 288
612 476
612 494
612 533
612 798
612 816
612 902
612 931
612 956
612 965
612 987
613 22
613 75
613 303
613 418
613 425
613 450
613 461
613 571
613 910
614 99
614 330
614 395
614 398
614 442
614 620
615 190
615 262
615 282
615 439
615 445
615 495
615 530
615 678
615 711
615 858
616 168
616 207
616 304
616 344
616 376
616 556
616 636
616 671
616 696
616 712
616 735
616 930
616 986
617 56
617 220
617 325
617 380
617 592
617 614
618 204
618 244
618 396
618 398
618 444
618 454
618 548
618 575
619 32
619 50
619 55
619 132
619 218
619 313
619 443
619 538
619 749
619 753
620 391
620 591
620 610
620 621
620 653
620 784
620 864
620 896
620 913
621 50
621 195
621 220
621 257
621 419
621 420
621 464
621 683
621 758
621 878
621 883
621 924
621 996
622 6
622 13
622 64
622 107
622 231
622 433
622 501
622 663
622 673
622 911
623 13
623 106
623 137
623 174
623 231
623 283
623 294
623 350
623 459
623 545
623 666
623 690
623 773
623 955
623 966
623 991
624 147
624 222
624 297
624 305
624 325
624 636
624 776
624 861
625 44
625 91
625 382
625 599
625 744
625 765
625 941
625 942
626 18
626 63
626 173
626 237
626 529
626 547
626 676
626 754
626 836
626 892
626 923
627 103
627 493
627 542
627 579
627 708
627 735
627 749
627 765
627 800
627 822
628 315
628 316
628 345
628 379
628 504
628 506
628 559
628 683
628 941
629 270
629 297
629 362
629 685
629 773
629 952
629 957
630 96
630 161
630 216
630 279
630 283
630 408
630 419
630 499
630 505
630 555
630 594
630 714
630 737
630 818
630 852
630 895
631 91
631 99
631 389
631 469
631 515
631 575
631 603
631 782
631 909
631 916
632 11
632 14
632 62
632 78
632 297
632 352
632 369
632 698
632 750
632 821
632 907
633 176
633 208
633 370
633 433
633 578
633 799
633 937
634 281
634 283
634 516
634 806
634 807
634 837
635 153
635 361
635 384
635 465
635 514
635 595
635 663
635 688
635 897
636 13
636 29
636 55
636 146
636 337
636 341
636 499
636 638
636 763
637 20
637 83
637 117
637 484
637 489
637 545
637 646
637 703
637 762
637 898
637 923
638 84
638 271
638 497
638 660
638 796
638 961
638 967
639 93
639 102
639 257
639 500
639 588
640 246
640 267
640 282
640 302
640 386
640 469
640 486
640 602
640 843
641 14
641 203
641 266
641 273
641 297
641 411
641 552
641 630
641 635
642 68
642 79
642 655
642 688
642 813
642 960
643 35
643 160
643 282
643 353
643 539
643 566
643 580
643 623
643 675
643 705
643 761
644 40
644 87
644 206
644 240
644 326
644 439
644 491
644 528
644 634
644 778
645 65
645 199
645 334
645 378
645 495
645 543
645 688
645 733
645 961
645 995
646 196
646 233
646 297
646 300
646 400
646 429
646 505
646 815
646 844
646 909
647 133
647 222
647 239
647 261
647 476
647 625
647 655
647 903
648 16
648 116
648 340
648 358
648 376
648 458
648 829
648 999
649 15
649 46
649 51
649 59
649 492
649 511
649 934
650 47
650 73
650 160
650 177
650 182
650 247
650 263
650 308
650 436
650 479
650 494
650 520
650 656
650 881
651 9
651 109
651 129
651 299
651 367
651 400
651 513
651 734
651 795
651 811
651 815
651 915
652 21
652 97
652 246
652 401
652 570
652 633
652 880
652 912
652 920
653 31
653 38
653 110
653 279
653 343
653 522
653 590
653 606
653 613
653 636
653 783
653 812
653 980
654 46
654 228
654 229
654 438
654 548
654 620
654 626
654 695
654 792
654 899
654 911
654 943
655 13
655 83
655 327
655 407
655 592
655 623
655 685
655 893
655 923
656 3
656 93
656 131
656 138
656 184
656 219
656 231
656 475
656 956
657 74
657 131
657 503
657 855
657 890
658 129
658 240
658 342
658 455
658 625
658 723
658 870
659 157
659 210
659 237
659 359
659 405
659 419
659 447
659 653
659 865
659 920
660 14
660 21
660 114
660 151
660 227
660 322
660 414
660 480
660 515
660 567
660 614
660 722
660 788
660 832
660 850
660 868
660 870
660 967
660 974
661 57
661 156
661 355
661 367
661 396
661 474
661 477
661 484
661 679
661 775
661 930
661 936
661 959
661 963
661 964
661 989
662 76
662 79
662 266
662 341
662 462
662 616
662 702
662 795
663 212
663 233
663 316
663 317
663 387
663 475
663 488
663 500
663 672
663 680
663 747
663 818
664 92
664 95
664 190
664 204
664 223
664 411
664 632
664 703
664 705
664 834
664 927
664 949
664 966
665 15
665 32
665 47
665 66
665 73
665 245
665 330
665 531
665 820
665 826
665 898
666 46
666 139
666 300
666 329
666 415
666 445
666 695
666 710
666 740
666 985
667 86
667 159
667 189
667 464
667 534
667 547
667 610
668 71
668 123
668 138
668 210
668 279
668 536
668 732
668 783
668 894
669 138
669 278
669 293
669 370
669 414
669 444
669 470
669 783
669 977
670 19
670 40
670 45
670 156
670 528
670 602
671 278
671 442
671 606
672 89
672 212
672 284
672 329
672 490
672 508
672 619
672 849
672 984
673 111
673 192
673 311
673 367
673 495
673 571
673 625
673 630
673 651
673 720
673 743
673 771
673 800
673 805
674 109
674 404
674 526
674 559
674 680
674 703
674 912
674 919
675 71
675 148
675 189
675 215
675 282
675 522
675 617
675 942
675 944
676 32
676 186
676 199
676 464
676 520
676 548
676 573
676 651
676 742
677 8
677 88
677 140
677 184
677 254
677 380
677 634
677 708
677 714
677 828
677 928
677 939
678 162
678 200
678 387
678 611
678 756
678 776
679 12
679 81
679 84
679 273
679 450
679 593
679 848
680 77
680 116
680 134
680 153
680 178
680 184
680 739
680 888
681 39
681 138
681 191
681 589
681 735
682 40
682 116
682 234
682 420
682 442
682 514
682 522
682 638
682 713
683 154
683 250
683 257
683 354
683 441
683 509
683 531
683 572
683 624
683 725
683 859
683 902
683 903
684 120
684 195
684 337
684 498
684 523
684 646
684 711
684 947
685 2
685 28
685 202
685 686
685 777
685 850
686 157
686 396
686 510
686 575
686 648
686 773
686 877
686 895
687 116
687 175
687 219
687 276
687 327
687 338
687 440
687 635
687 817
687 892
688 355
688 362
688 376
688 513
688 539
688 554
688 810
688 933
688 980
689 103
689 366
689 633
689 910
690 121
690 183
690 228
690 238
690 254
690 312
690 838
690 929
690 994
691 228
691 277
691 324
691 584
691 597
691 689
691 765
691 790
691 843
691 872
691 879
692 14
692 50
692 101
692 172
692 201
692 245
692 357
692 541
692 572
692 609
692 635
692 776
692 780
692 855
693 40
693 76
693 99
693 166
693 266
693 742
693 960
694 129
694 230
694 253
694 572
694 674
695 185
695 247
695 543
695 612
695 650
695 713
695 792
696 36
696 45
696 86
696 185
696 248
696 260
696 310
696 406
696 443
696 625
696 732
696 889
696 981
697 32
697 63
697 172
697 173
697 189
697 554
697 606
697 699
697 728
697 861
697 881
697 905
698 158
698 162
698 167
698 208
698 275
698 397
698 418
698 470
698 601
698 621
698 625
698 673
698 925
698 929
698 953
699 200
699 380
699 384
699 401
699 930
700 120
700 138
700 336
700 427
700 450
700 507
700 520
700 580
700 602
700 704
700 717
700 802
700 999
701 104
701 161
701 427
701 570
701 582
701 813
701 942
701 980
702 118
702 327
702 434
702 474
702 699
702 897
703 11
703 535
703 796
703 797
703 869
703 877
703 993
704 19
704 288
704 552
704 659
704 759
704 789
704 845
705 111
705 240
705 333
705 430
705 498
705 718
705 795
705 876
705 932
705 991
706 169
706 193
706 261
706 275
706 406
706 488
706 543
706 633
706 715
706 751
706 841
706 951
706 982
707 119
707 407
707 460
707 480
707 746
707 752
707 842
707 854
708 68
708 191
708 205
708 263
708 267
708 533
708 545
708 670
708 741
708 777
708 960
708 980
709 53
709 58
709 62
709 169
709 368
709 383
709 430
709 506
709 527
709 534
709 564
709 810
709 855
709 933
709 996
710 72
710 123
710 166
710 299
710 359
710 618
710 924
711 175
711 216
711 245
711 264
711 282
711 291
711 537
711 643
711 775
711 839
711 923
711 941
711 948
712 25
712 77
712 109
712 290
712 317
712 442
712 461
712 483
712 486
712 527
712 642
712 865
712 985
713 9
713 124
713 128
713 324
713 653
713 654
713 714
713 765
713 813
713 883
713 954
713 977
714 98
714 129
714 380
714 585
714 645
714 654
714 749
714 824
714 840
714 877
714 899
715 86
715 175
715 441
715 486
715 539
715 628
715 692
715 693
716 103
716 160
716 166
716 438
716 566
716 674
716 736
716 774
716 856
716 874
717 0
717 90
717 132
717 168
717 238
717 245
717 263
717 293
717 440
717 476
717 531
717 554
717 603
717 667
717 668
717 759
717 784
717 862
717 902
717 982
718 20
718 178
718 296
718 452
718 518
718 558
718 607
718 610
718 717
718 731
718 750
718 782
718 834
718 911
718 965
719 716
719 842
719 929
719 937
720 16
720 52
720 273
720 333
720 394
720 404
720 493
720 503
720 686
720 714
720 776
720 819
721 43
721 49
721 188
721 228
721 346
721 399
721 413
721 448
721 552
721 565
721 606
721 615
721 703
721 756
721 767
721 835
721 885
721 917
721 918
721 990
722 95
722 244
722 375
722 439
722 495
722 564
722 673
722 679
722 709
722 714
722 727
722 830
722 845
723 86
723 209
723 247
723 309
723 329
723 414
723 539
723 633
723 791
723 825
723 867
723 894
724 12
724 45
724 60
724 143
724 401
724 488
724 784
724 843
725 41
725 51
725 87
725 103
725 180
725 253
725 524
725 632
725 697
725 764
725 815
725 945
725 969
725 991
726 13
726 46
726 308
726 409
726 621
726 682
726 686
726 787
726 797
726 820
726 856
726 886
727 112
727 315
727 336
727 434
727 561
727 586
727 738
727 750
727 895
727 902
727 906
728 3
728 250
728 266
728 355
728 451
728 468
728 619
728 710
728 821
728 830
729 60
729 106
729 322
729 478
729 612
729 692
729 749
729 922
729 956
729 958
729 960
730 15
730 71
730 83
730 103
730 183
730 231
730 304
730 317
730 549
730 666
730 829
730 851
730 987
731 96
731 144
731 191
731 251
731 350
731 383
731 440
731 504
731 506
731 548
731 716
731 794
731 858
731 898
732 286
732 409
732 456
732 479
732 580
732 641
732 647
732 662
732 737
732 802
732 835
733 222
733 308
733 801
733 929
733 959
733 982
734 271
734 400
734 498
734 555
734 657
734 779
734 912
735 85
735 217
735 358
735 415
735 454
735 480
735 640
735 715
735 788
735 809
735 832
735 891
736 386
736 559
736 615
736 781
736 845
736 877
737 55
737 109
737 295
737 320
737 536
737 777
737 822
737 861
737 957
738 41
738 97
738 111
738 359
738 421
738 642
738 776
738 787
738 795
739 58
739 95
739 241
739 329
739 370
739 407
739 423
739 429
740 121
740 122
740 166
740 185
740 194
740 251
740 510
740 540
740 868
740 935
740 949
740 993
741 151
741 198
741 434
741 575
741 578
741 582
741 627
741 819
741 944
741 961
741 986
741 993
742 28
742 428
742 857
742 906
742 934
742 944
743 259
743 413
743 421
743 482
743 483
743 519
743 693
743 708
743 719
743 857
743 930
743 931
744 12
744 75
744 231
744 232
744 339
744 404
744 406
744 470
744 482
744 684
744 706
744 710
744 792
744 945
745 109
745 274
745 349
745 384
745 461
745 572
745 718
745 776
745 919
746 316
746 502
746 515
746 576
746 747
746 827
746 960
746 973
747 103
747 124
747 156
747 305
747 678
747 679
747 869
747 933
748 242
748 317
748 351
748 417
748 435
748 445
748 501
748 710
748 810
748 843
748 988
749 47
749 123
749 163
749 262
749 412
749 476
749 712
750 57
750 106
750 201
750 316
750 399
750 432
750 444
750 496
750 534
750 541
750 658
750 789
750 970
751 160
751 170
751 177
751 368
751 460
751 575
751 843
751 863
751 967
751 978
752 9
752 371
752 434
752 520
752 612
752 613
752 765
752 867
752 889
753 67
753 77
753 235
753 270
753 543
753 955
753 977
753 999
754 25
754 55
754 193
754 200
754 367
754 511
754 679
754 692
754 887
754 898
754 913
755 296
755 339
755 380
755 462
755 525
755 563
755 629
755 767
755 796
755 900
756 5
756 157
756 206
756 225
756 251
756 360
756 634
756 802
756 855
756 970
756 986
757 237
757 240
757 332
757 622
757 731
757 819
757 865
757 867
758 55
758 96
758 138
758 260
758 410
758 420
758 516
758 667
758 687
758 750
758 836
758 846
758 874
759 177
759 305
759 346
759 348
759 405
759 421
759 493
759 909
760 64
760 197
760 408
760 411
760 453
760 486
760 514
760 625
760 638
760 793
760 921
761 68
761 113
761 322
761 431
761 468
761 576
761 578
761 813
761 856
761 859
762 66
762 307
762 636
762 754
762 783
762 929
763 104
763 239
763 387
763 427
763 431
763 437
763 463
763 511
763 604
763 659
763 740
763 788
764 14
764 25
764 48
764 190
764 223
764 317
764 319
764 360
764 604
764 625
764 707
764 803
764 819
764 859
764 882
765 30
765 55
765 62
765 136
765 254
765 260
765 486
765 540
765 653
765 693
765 827
765 835
766 195
766 706
766 815
767 320
767 502
767 517
767 610
767 647
767 901
767 982
768 87
768 143
768 521
768 565
768 666
768 708
768 756
768 764
768 817
768 878
768 925
768 956
769 28
769 168
769 170
769 496
770 29
770 71
770 112
770 339
770 546
770 703
770 710
770 781
770 828
770 832
770 857
771 54
771 75
771 202
771 250
771 696
771 926
771 973
772 98
772 103
772 236
772 281
772 291
772 305
772 322
772 641
772 739
772 797
772 943
773 24
773 176
773 186
773 202
773 320
773 329
773 446
773 461
773 525
773 579
773 673
773 734
773 768
773 853
773 957
774 157
774 183
774 490
774 511
774 716
774 758
775 47
775 493
775 529
775 765
775 794
775 829
775 854
775 924
776 45
776 57
776 93
776 96
776 116
776 145
776 240
776 290
776 335
776 520
776 676
776 715
777 28
777 84
777 92
777 107
777 291
777 305
777 410
777 588
777 675
777 803
777 821
777 829
777 861
778 44
778 103
778 123
778 124
778 156
778 388
778 541
778 559
778 707
778 826
778 916
779 40
779 43
779 228
779 236
779 329
779 532
779 654
779 858
779 964
780 19
780 67
780 244
780 298
780 309
780 343
780 697
780 739
780 767
780 778
780 845
781 24
781 159
781 169
781 221
781 459
781 662
781 698
781 724
782 65
782 163
782 214
782 246
782 422
782 539
782 732
782 790
782 866
783 68
783 95
783 268
783 275
783 328
783 352
783 375
783 453
783 552
783 555
783 630
783 640
783 650
783 667
783 983
784 69
784 117
784 236
784 366
784 399
784 682
784 754
784 760
784 771
784 793
784 928
784 937
784 939
785 5
785 411
785 470
785 615
785 641
785 793
785 985
786 49
786 226
786 538
786 830
786 867
786 908
786 946
787 49
787 99
787 124
787 326
787 328
787 346
787 347
787 398
787 401
787 508
787 511
787 720
787 812
788 141
788 232
788 251
788 259
788 281
788 298
788 312
788 567
788 667
788 718
788 737
789 13
789 60
789 64
789 172
789 215
789 225
789 278
789 531
789 546
789 745
789 899
789 994
790 193
790 562
790 685
790 691
790 732
790 842
791 77
791 193
791 232
791 291
791 448
791 454
791 567
791 579
791 643
791 901
792 101
792 237
792 274
792 584
792 644
792 784
793 161
793 329
793 588
793 597
794 32
794 197
794 281
794 367
794 389
794 530
794 727
794 757
794 822
794 912
795 2
795 102
795 210
795 258
795 285
795 416
795 428
795 490
795 828
795 930
796 412
796 636
796 668
796 980
796 986
796 997
797 20
797 28
797 293
797 433
797 445
797 452
797 455
797 457
797 724
797 924
798 22
798 96
798 207
798 233
798 409
798 424
798 518
798 558
798 623
798 655
798 760
799 155
799 335
799 442
799 449
799 734
799 878
800 105
800 211
800 287
800 320
800 460
800 482
800 514
800 549
800 621
800 655
800 949
800 963
801 121
801 202
801 231
801 241
801 263
801 270
801 271
801 286
801 313
801 933
801 939
802 73
802 75
802 328
802 341
802 613
802 758
803 142
803 227
803 285
803 340
803 366
803 391
803 447
803 449
803 483
803 784
803 936
803 952
803 959
804 132
804 231
804 263
804 298
804 370
804 372
804 384
804 638
804 689
804 701
804 747
804 749
804 782
805 75
805 336
805 339
805 350
805 488
805 816
805 971
806 152
806 191
806 414
806 470
806 485
806 548
806 669
806 716
806 835
806 946
806 948
806 982
807 88
807 238
807 244
807 387
807 579
807 594
807 761
807 836
807 915
807 965
808 104
808 165
808 179
808 195
808 225
808 292
808 333
808 492
808 581
808 616
808 659
808 707
808 762
808 821
808 893
808 911
809 25
809 38
809 162
809 230
809 240
809 301
809 400
809 414
809 589
809 634
809 642
809 648
809 711
810 17
810 36
810 137
810 161
810 225
810 336
810 653
810 673
810 688
810 745
810 947
810 980
811 49
811 170
811 252
811 483
811 542
811 544
811 602
811 617
811 724
811 780
811 961
812 45
812 50
812 202
812 307
812 315
812 320
812 356
812 403
812 454
812 491
812 597
812 694
812 721
812 840
812 905
812 994
813 18
813 372
813 617
813 693
813 821
814 144
814 186
814 311
814 470
814 547
814 610
814 682
814 754
814 953
814 972
815 125
815 230
815 352
815 379
815 523
815 541
815 822
815 862
816 121
816 140
816 279
816 297
816 346
816 347
816 419
816 603
816 763
816 854
816 887
817 87
817 119
817 188
817 232
817 365
817 566
817 598
817 736
817 808
817 900
817 926
817 976
818 15
818 205
818 374
818 412
818 518
818 636
818 771
818 838
818 854
819 119
819 143
819 674
819 908
819 914
820 57
820 97
820 279
820 401
820 524
820 629
820 681
820 835
821 63
821 78
821 120
821 425
821 440
821 449
821 601
821 611
821 652
821 844
822 35
822 216
822 430
822 495
822 502
822 797
822 852
822 945
823 52
823 77
823 95
823 240
823 251
823 262
823 334
823 442
823 635
823 713
823 817
823 818
823 896
823 943
824 35
824 572
824 618
824 855
824 868
825 6
825 65
825 190
825 446
825 486
825 549
825 618
825 626
825 794
825 828
825 918
825 987
826 259
826 284
826 381
826 506
826 616
826 634
826 640
826 649
826 660
827 116
827 124
827 179
827 347
827 423
827 495
827 584
827 682
827 750
827 850
827 901
828 572
828 597
828 682
828 732
828 783
828 788
829 14
829 334
829 359
829 714
829 970
830 70
830 77
830 89
830 136
830 212
830 238
830 288
830 391
830 617
830 681
830 808
830 846
831 75
831 96
831 480
831 503
831 620
831 655
831 741
831 769
831 916
831 992
832 197
832 256
832 427
832 525
832 900
832 903
833 5
833 445
833 528
833 652
833 706
833 720
834 124
834 258
834 356
834 405
834 605
834 644
834 689
834 718
834 746
834 855
835 34
835 53
835 134
835 320
835 393
835 506
835 621
835 752
835 887
835 916
836 43
836 195
836 213
836 255
836 544
836 642
836 704
836 860
836 969
836 998
837 29
837 417
837 535
837 580
837 641
837 743
837 752
837 778
837 793
837 906
837 943
838 92
838 332
838 366
838 645
838 736
838 901
838 919
838 960
839 69
839 106
839 139
839 193
839 284
839 557
839 578
839 606
839 635
839 743
839 898
839 918
839 928
840 365
840 396
840 410
840 412
840 420
840 473
840 522
840 547
840 595
840 799
840 970
841 122
841 458
841 611
841 808
841 859
842 5
842 175
842 176
842 252
842 301
842 569
842 731
842 738
843 213
843 252
843 312
843 429
843 571
843 580
843 612
843 628
843 642
843 764
844 30
844 105
844 179
844 312
844 316
844 373
844 400
844 488
844 627
844 657
844 855
844 888
844 929
844 934
845 95
845 130
845 141
845 167
845 281
845 385
845 469
845 534
845 664
845 788
845 886
845 896
845 911
846 81
846 255
846 306
846 648
846 738
846 762
846 783
846 895
847 245
847 461
847 542
847 666
847 733
847 797
847 842
847 969
847 999
848 94
848 105
848 161
848 321
848 386
848 624
848 637
848 692
848 716
848 806
848 871
848 903
848 970
848 979
849 74
849 136
849 187
850 99
850 108
850 179
850 283
850 357
850 382
850 503
850 635
850 644
850 732
850 735
850 773
850 847
851 16
851 104
851 179
851 246
851 267
851 352
851 462
851 839
851 882
851 904
851 929
852 121
852 152
852 177
852 225
852 324
852 428
852 442
852 612
852 813
852 850
852 895
852 919
852 984
852 989
853 75
853 109
853 152
853 202
853 272
853 315
853 424
853 552
853 675
853 828
853 913
853 931
853 937
853 943
853 970
854 36
854 45
854 494
854 705
854 744
854 799
854 879
855 18
855 115
855 189
855 218
855 358
855 713
855 740
855 834
855 948
855 974
856 36
856 77
856 134
856 441
856 476
856 511
856 614
856 638
856 714
856 754
856 801
857 37
857 166
857 219
857 237
857 328
857 348
857 390
857 412
857 568
857 746
857 780
857 885
857 889
857 922
858 183
858 219
858 233
858 250
858 318
858 583
858 804
858 832
858 963
859 167
859 222
859 298
859 313
859 520
859 731
859 775
859 785
860 677
860 814
860 987
861 173
861 246
861 254
861 335
861 374
861 471
861 483
861 521
861 558
861 796
861 933
862 146
862 189
862 297
862 359
862 501
862 548
862 588
862 727
862 825
862 904
863 31
863 178
863 371
863 420
863 622
863 765
863 933
864 122
864 232
864 571
864 923
864 929
865 39
865 106
865 117
865 129
865 132
865 184
865 302
865 587
865 694
865 786
865 841
865 904
865 969
866 89
866 165
866 190
866 226
866 261
866 328
866 464
866 851
866 884
866 998
867 19
867 70
867 77
867 93
867 123
867 138
867 191
867 311
867 339
867 544
867 627
867 716
867 873
867 884
867 898
868 195
868 222
868 272
868 281
868 401
868 449
868 483
868 504
868 741
868 767
868 882
868 944
869 307
869 326
869 332
869 361
869 546
869 592
869 610
869 612
869 678
869 967
870 43
870 201
870 212
870 288
870 313
870 629
870 864
870 954
871 147
871 207
871 294
871 618
871 842
871 960
871 966
872 209
872 247
872 453
872 645
872 804
872 934
873 180
873 272
873 421
873 507
873 517
873 552
873 557
873 617
873 852
873 951
873 967
874 48
874 136
874 433
874 461
874 584
874 629
874 643
874 706
874 721
874 824
874 838
875 29
875 214
875 239
875 246
875 388
875 390
875 445
875 532
875 545
875 663
875 704
875 744
875 837
875 848
876 34
876 51
876 65
876 108
876 286
876 479
876 688
876 797
876 855
877 43
877 73
877 292
877 293
877 524
877 643
877 815
877 834
878 21
878 79
878 249
878 286
878 561
878 621
878 773
878 997
879 13
879 42
879 69
879 426
879 537
879 702
879 735
879 793
880 79
880 154
880 219
880 328
880 362
880 426
880 522
880 604
880 660
880 693
880 822
880 891
881 65
881 78
881 267
881 378
881 384
881 446
881 463
881 529
881 639
881 713
881 783
881 790
881 796
881 920
882 263
882 299
882 403
882 559
882 637
882 768
882 773
882 874
883 91
883 111
883 154
883 335
883 604
883 672
883 797
883 825
883 878
883 892
883 935
883 947
884 73
884 718
884 765
884 836
884 842
884 998
885 60
885 458
885 483
885 511
885 572
885 613
885 824
885 874
886 164
886 170
886 233
886 406
886 419
886 424
886 598
886 662
886 802
887 55
887 412
887 729
887 814
887 897
888 57
888 227
888 725
888 734
888 860
888 879
889 44
889 158
889 552
889 556
889 627
889 709
889 800
889 839
889 946
890 210
890 296
890 323
890 351
890 618
890 861
890 863
891 77
891 154
891 325
891 426
891 502
891 544
891 548
891 671
891 738
891 947
892 8
892 9
892 79
892 80
892 262
892 305
892 308
892 322
892 357
892 511
892 602
892 729
892 741
892 776
892 864
893 226
893 239
893 331
893 378
893 459
893 498
893 522
893 524
893 528
893 572
893 681
893 707
893 891
894 169
894 181
894 266
894 328
894 401
894 461
894 650
895 132
895 300
895 570
895 596
895 623
895 786
896 79
896 88
896 96
896 608
896 686
896 730
896 842
896 980
897 302
897 398
897 484
897 497
897 527
897 645
897 670
897 760
897 800
897 802
897 855
898 58
898 135
898 142
898 436
898 658
898 686
898 724
898 744
898 750
898 771
898 854
898 896
898 917
899 193
899 273
899 510
899 723
899 763
899 792
899 920
899 987
900 1
900 238
900 269
900 280
900 366
900 456
900 542
901 65
901 81
901 95
901 132
901 155
901 208
901 220
901 516
901 567
901 620
901 660
901 809
901 841
901 858
902 71
902 86
902 306
902 383
902 430
902 444
902 718
902 825
902 869
902 983
902 999
903 272
903 275
903 481
903 573
903 674
903 759
903 830
903 898
904 135
904 265
904 358
904 392
904 439
904 517
904 560
904 738
904 911
904 947
905 106
905 440
905 571
905 776
905 973
906 25
906 138
906 185
906 231
906 266
906 298
906 375
906 425
906 530
906 725
906 799
906 829
906 995
907 1
907 70
907 162
907 187
907 462
907 945
907 959
907 988
908 3
908 84
908 110
908 360
908 785
908 868
908 888
908 955
908 980
909 274
909 318
909 382
909 489
909 555
909 572
909 595
909 628
909 668
909 696
909 948
910 58
910 180
910 259
910 267
910 390
910 437
910 449
910 569
910 603
910 644
910 937
911 44
911 266
911 396
911 406
911 432
911 655
911 661
911 803
911 929
912 90
912 152
912 156
912 215
912 290
912 314
912 486
912 497
912 499
912 605
912 608
912 969
912 988
913 92
913 158
913 712
913 888
913 893
913 906
913 934
914 117
914 190
914 299
914 348
914 513
914 514
914 568
914 600
914 667
914 708
915 223
915 227
915 299
915 506
915 748
915 837
915 999
916 2
916 6
916 186
916 367
916 612
916 753
916 754
916 858
917 135
917 527
917 670
918 92
918 304
918 312
918 458
918 672
918 684
918 739
918 776
918 785
918 967
919 155
919 353
919 518
919 918
919 944
920 0
920 35
920 96
920 335
920 723
920 811
920 900
920 990
921 10
921 37
921 50
921 59
921 103
921 200
921 328
921 336
921 654
922 49
922 470
922 488
922 521
922 550
922 553
922 656
923 258
923 415
923 677
923 694
923 776
923 817
923 824
923 915
923 960
924 127
924 215
924 415
924 498
924 556
924 797
924 986
925 7
925 83
925 114
925 161
925 366
925 419
925 490
925 640
925 821
926 52
926 155
926 162
926 170
926 478
926 571
926 607
926 732
926 780
926 836
927 20
927 46
927 179
927 267
927 338
927 349
927 698
927 768
927 787
927 877
927 907
927 938
928 21
928 22
928 157
928 401
928 488
928 708
928 765
928 820
929 81
929 229
929 242
929 379
929 460
929 610
929 667
929 686
929 692
929 732
929 785
929 863
929 923
929 968
930 78
930 82
930 137
930 539
930 550
930 551
930 585
930 587
930 637
930 770
930 861
930 949
931 23
931 49
931 104
931 120
931 239
931 489
931 718
931 721
931 810
931 979
932 1
932 46
932 166
932 247
932 277
932 399
932 496
932 796
932 801
932 912
932 915
932 918
932 928
932 994
933 21
933 235
933 328
933 407
933 615
933 876
933 896
933 921
934 64
934 272
934 343
934 377
934 411
934 542
934 543
934 547
934 609
934 705
934 989
935 5
935 30
935 313
935 538
935 651
935 714
935 939
936 110
936 492
936 549
936 576
936 755
936 872
936 997
937 33
937 34
937 46
937 116
937 285
937 455
937 495
937 504
937 590
937 612
937 630
937 707
937 823
937 835
937 858
937 872
937 884
937 892
937 929
938 428
938 529
938 591
938 767
938 861
938 921
938 926
939 265
939 509
939 605
939 682
940 28
940 134
940 136
940 142
940 152
940 203
940 336
940 436
940 460
940 571
940 637
940 836
940 855
940 941
941 214
941 365
941 520
941 580
941 639
941 654
941 721
941 731
941 780
941 843
941 930
942 150
942 265
942 305
942 499
942 541
942 697
942 699
942 809
942 881
942 939
943 14
943 68
943 74
943 138
943 320
943 401
943 430
943 474
943 510
943 514
943 568
943 765
943 910
944 505
944 526
944 528
944 547
944 609
944 673
944 843
945 11
945 123
945 148
945 316
945 376
945 429
945 513
945 588
945 615
945 637
946 4
946 20
946 124
946 139
946 166
946 195
946 417
946 448
946 459
946 774
946 920
946 973
947 198
947 217
947 304
947 371
947 554
947 775
947 877
947 999
948 107
948 163
948 299
948 306
948 361
948 432
948 493
948 640
948 659
948 673
948 694
948 702
948 804
948 924
948 971
948 988
949 215
949 295
949 301
949 318
949 321
949 444
949 482
949 543
949 581
949 610
949 642
949 668
949 700
949 722
949 779
949 990
950 68
950 87
950 198
950 209
950 277
950 305
950 326
950 461
950 468
950 499
950 544
950 578
950 623
950 627
950 813
950 925
951 404
951 467
951 626
951 627
951 766
951 826
951 869
951 928
952 188
952 204
952 230
952 420
952 453
952 506
952 761
952 772
952 797
952 880
953 64
953 107
953 166
953 190
953 195
953 200
953 289
953 318
953 421
953 468
953 481
953 534
953 603
953 612
953 678
953 733
953 848
953 946
953 981
954 109
954 247
954 285
954 481
954 538
954 566
954 587
954 670
954 750
954 802
954 924
954 948
954 962
954 993
955 99
955 102
955 113
955 213
955 465
955 489
955 736
955 837
955 938
956 116
956 253
956 729
956 895
956 976
957 238
957 343
957 428
957 437
957 460
957 493
957 542
957 670
957 677
957 750
957 966
958 72
958 353
958 408
958 501
958 574
958 753
958 901
958 972
958 981
959 576
959 653
959 838
959 868
959 873
959 934
960 8
960 228
960 383
960 500
960 548
960 575
960 620
960 650
960 682
960 770
960 813
960 867
960 886
961 166
961 314
961 362
961 400
961 660
961 709
961 811
962 83
962 232
962 531
962 556
962 685
962 830
963 55
963 121
963 318
963 417
963 419
963 445
963 496
963 577
963 799
963 879
963 889
964 15
964 41
964 126
964 159
964 253
964 505
964 557
964 590
964 785
964 786
964 805
964 879
964 901
964 929
965 284
965 649
965 787
965 858
965 861
966 41
966 202
966 224
966 446
966 814
967 10
967 61
967 221
967 247
967 344
967 805
967 848
967 858
968 9
968 108
968 197
968 337
968 349
968 469
968 515
968 532
968 539
968 646
968 739
968 798
968 876
968 922
968 927
969 37
969 230
969 367
969 519
969 668
969 970
970 56
970 201
970 660
970 733
971 84
971 231
971 326
971 333
971 447
971 500
971 601
971 712
971 713
971 878
971 931
972 12
972 476
972 537
972 564
972 596
972 719
972 883
973 146
973 180
973 525
973 679
973 780
973 817
973 952
974 42
974 170
974 294
974 335
974 377
974 432
974 452
975 58
975 260
975 450
975 607
975 639
975 730
975 778
975 851
975 872
975 952
976 46
976 85
976 133
976 198
976 214
976 215
976 420
976 434
976 515
976 683
976 728
976 750
976 859
976 885
976 918
976 930
976 957
976 968
977 24
977 239
977 484
977 541
977 630
977 859
977 980
977 996
978 187
978 305
978 495
978 594
978 756
978 778
978 866
978 970
978 985
979 5
979 313
979 365
979 468
979 756
980 26
980 107
980 242
980 284
980 337
980 493
980 597
980 680
980 966
981 101
981 457
981 695
981 702
981 952
982 207
982 377
982 496
982 522
982 526
982 568
982 604
982 648
982 747
982 834
983 12
983 42
983 45
983 108
983 112
983 220
983 240
983 380
983 721
983 805
983 824
984 234
984 321
984 361
984 693
984 722
984 908
985 178
985 200
985 270
985 288
985 302
985 321
985 362
985 542
985 718
985 808
985 856
985 915
986 105
986 193
986 273
986 333
986 421
986 427
986 593
986 716
986 746
986 908
987 3
987 151
987 157
987 252
987 340
987 355
987 404
987 456
987 491
987 493
987 648
987 681
987 924
987 973
988 94
988 144
988 291
988 348
988 460
988 739
988 757
988 893
988 898
988 922
989 32
989 104
989 154
989 164
989 175
989 251
989 279
989 297
989 594
989 782
989 838
990 74
990 176
990 292
990 449
990 748
990 785
990 844
991 16
991 263
991 611
991 751
992 195
992 224
992 229
992 454
992 602
992 831
993 26
993 72
993 314
993 545
993 810
993 864
993 889
993 906
993 909
993 944
994 26
994 61
994 109
994 136
994 165
994 166
994 299
994 390
994 465
994 480
994 577
994 671
994 696
994 699
994 905
995 339
995 450
995 490
995 517
995 571
995 591
995 645
995 648
995 649
995 792
995 883
996 342
996 554
996 904
996 944
996 964
996 992
997 121
997 220
997 233
997 421
997 493
997 560
997 671
998 34
998 44
998 50
998 85
998 89
998 299
998 552
998 698
998 815
998 893
998 938
998 976
998 991
999 79
999 306
999 407
999 517
999 534
999 687
999 770
999 910
