0 158
0 195
0 275
0 311
0 330
0 387
0 399
0 738
0 840
0 983
1 102
1 120
1 246
1 265
1 407
1 479
1 850
2 17
2 35
2 138
2 268
2 270
2 280
2 328
2 371
2 482
2 495
2 549
2 712
2 735
2 758
2 914
3 100
3 322
3 346
3 351
3 468
3 545
3 677
3 682
3 769
3 867
3 926
4 61
4 97
4 204
4 513
4 562
4 569
4 760
4 927
4 941
5 126
5 165
5 241
5 277
5 424
5 522
5 710
5 721
5 746
5 762
5 780
5 795
5 866
5 917
6 19
6 90
6 150
6 203
6 354
6 383
6 747
6 870
6 943
7 1
7 26
7 50
7 209
7 228
7 300
7 305
7 346
7 498
7 580
7 585
7 969
8 122
8 281
8 548
8 580
8 875
8 980
9 100
9 119
9 270
9 425
9 801
9 900
10 22
10 23
10 55
10 112
10 277
10 382
10 552
10 656
10 842
10 947
11 66
11 169
11 231
11 336
11 417
11 597
11 608
11 706
11 755
11 761
11 794
11 967
11 982
12 50
12 131
12 326
12 347
12 593
12 669
12 682
12 931
12 946
13 11
13 32
13 45
13 183
13 210
13 342
13 377
13 485
13 486
13 687
13 784
13 924
14 53
14 55
14 195
14 516
14 530
14 551
15 9
15 127
15 172
15 268
15 281
15 389
15 519
15 740
15 770
15 891
15 939
15 950
15 969
16 32
16 140
16 388
16 435
16 459
16 503
16 507
16 622
16 683
16 782
16 824
16 855
16 951
16 986
17 83
17 84
17 161
17 216
17 288
17 348
17 420
17 605
17 723
17 807
17 809
17 825
18 7
18 106
18 269
18 277
18 288
18 380
18 637
18 951
19 227
19 284
19 417
19 509
19 526
19 528
19 698
19 707
19 730
19 806
19 833
19 844
19 919
19 990
20 253
20 399
20 402
20 462
20 596
20 659
20 746
20 786
20 898
21 117
21 120
21 427
21 751
21 766
21 929
21 959
21 989
21 994
22 38
22 65
22 81
22 213
22 437
22 621
22 646
22 678
22 729
22 825
22 909
23 184
23 195
23 376
23 377
23 614
23 765
23 825
24 0
24 57
24 70
24 103
24 134
24 168
24 209
24 385
24 425
24 482
24 706
24 726
24 802
24 867
25 106
25 154
25 216
25 287
25 340
25 501
25 592
25 827
25 887
25 994
26 32
26 293
26 522
26 600
26 647
26 674
26 735
26 839
26 921
26 951
27 92
27 98
27 147
27 190
27 228
27 259
27 268
27 339
27 540
27 569
27 637
27 813
27 866
27 918
27 932
27 999
28 65
28 126
28 419
28 436
28 441
28 518
28 562
28 576
28 671
28 732
28 795
28 803
28 858
29 25
29 54
29 218
29 338
29 467
29 551
29 596
29 806
29 814
29 824
30 135
30 234
30 394
30 409
30 494
30 549
30 615
30 689
31 17
31 76
31 272
31 273
31 406
31 468
31 603
31 692
31 875
32 38
32 82
32 155
32 199
32 275
32 283
32 452
32 630
32 982
33 134
33 223
33 277
33 320
33 535
33 579
33 648
33 688
33 755
33 808
33 908
33 929
33 980
33 985
34 174
34 350
34 352
34 432
34 547
34 825
34 874
34 977
34 990
35 58
35 237
35 327
35 448
35 461
35 618
35 715
35 781
35 814
35 876
36 238
36 451
36 466
36 543
36 618
36 810
37 126
37 142
37 167
37 329
37 357
37 462
37 518
37 536
37 545
37 637
37 711
37 991
38 127
38 142
38 172
38 646
39 40
39 151
39 207
39 219
39 231
39 260
39 289
39 378
39 392
39 395
39 407
39 413
39 643
39 675
39 698
39 725
39 794
39 820
39 934
39 939
40 0
40 20
40 123
40 133
40 199
40 300
40 339
40 507
40 747
40 784
40 900
40 932
41 72
41 256
41 268
41 398
41 639
41 684
41 713
41 717
41 729
41 767
42 191
42 236
42 264
42 359
42 448
42 527
42 635
42 662
42 697
42 747
42 764
43 59
43 114
43 139
43 159
43 161
43 171
43 421
43 731
43 834
43 931
44 92
44 261
44 264
44 291
44 546
44 607
44 642
44 828
44 873
45 56
45 92
45 98
45 128
45 187
45 210
45 322
45 371
45 481
45 537
45 641
45 765
45 969
45 977
45 989
46 58
46 176
46 221
46 260
46 318
46 692
46 727
46 927
47 37
47 151
47 268
47 372
47 679
47 788
47 973
48 175
48 185
48 476
48 505
48 567
48 586
48 778
48 779
48 905
48 922
48 951
48 989
49 16
49 345
49 513
49 603
49 608
49 642
49 758
49 864
49 888
50 31
50 225
50 244
50 362
50 419
50 515
50 529
50 682
50 803
50 913
50 915
50 981
51 62
51 63
51 206
51 429
51 531
51 736
51 815
51 854
51 871
51 887
51 900
51 902
52 172
52 381
52 477
52 483
52 484
52 706
52 733
52 857
53 93
53 128
53 182
53 449
53 502
53 601
53 961
54 133
54 149
54 234
54 250
54 311
54 352
54 378
54 439
54 712
54 924
55 94
55 150
55 159
55 170
55 340
55 346
55 369
55 394
55 500
55 516
55 642
55 741
55 798
55 909
55 939
55 997
56 140
56 225
56 256
56 266
56 432
56 507
56 554
56 621
56 658
56 727
57 165
57 195
57 204
57 318
57 384
57 449
57 468
57 475
57 675
57 899
58 27
58 216
58 694
58 980
58 992
59 28
59 150
59 226
59 254
59 289
59 499
59 533
59 667
59 684
59 735
59 856
59 972
60 4
60 26
60 89
60 341
60 389
60 585
60 623
60 663
60 692
60 698
61 141
61 167
61 291
61 411
61 597
61 650
61 802
61 808
61 823
61 838
61 898
61 975
62 98
62 264
62 272
62 411
62 575
62 588
62 897
63 332
63 407
63 502
63 559
63 562
63 610
63 643
63 705
63 726
63 775
63 956
63 972
64 86
64 121
64 163
64 410
65 24
65 104
65 375
65 381
65 441
65 731
65 839
65 862
65 879
66 3
66 61
66 109
66 189
66 223
66 303
66 320
66 344
66 480
66 521
66 649
66 787
66 879
66 897
66 945
67 83
67 160
67 173
67 346
67 593
67 693
67 761
67 836
67 963
68 53
68 67
68 135
68 239
68 321
68 336
68 358
68 429
68 749
68 828
68 898
68 913
68 956
69 101
69 127
69 143
69 236
69 246
69 378
69 667
69 691
69 747
69 764
69 893
70 56
70 140
70 181
70 269
70 275
70 307
70 527
70 566
70 693
70 768
70 924
70 930
71 75
71 157
71 174
71 227
71 302
71 349
71 589
71 674
71 705
71 752
71 794
71 906
72 57
72 107
72 139
72 269
72 320
72 366
72 407
72 702
72 858
72 911
72 918
72 967
73 16
73 161
73 414
73 527
73 688
73 765
73 775
73 800
73 873
74 7
74 34
74 80
74 94
74 140
74 261
74 279
74 434
74 460
74 549
75 122
75 257
75 314
75 497
75 591
75 803
76 16
76 24
76 30
76 306
76 345
76 575
76 750
76 967
77 172
77 177
77 219
77 401
77 409
77 451
77 523
77 551
77 575
77 583
77 727
77 781
77 797
77 880
77 973
78 3
78 141
78 203
78 221
78 474
78 584
78 788
78 808
78 959
79 334
79 389
79 474
79 552
79 669
79 790
79 860
79 975
79 988
80 24
80 84
80 243
80 296
80 601
80 797
80 868
81 38
81 348
81 376
81 623
81 628
81 738
81 757
81 908
81 918
81 978
82 57
82 162
82 213
82 417
82 497
82 546
82 622
82 873
82 999
83 151
83 198
83 283
83 356
83 491
83 493
83 790
83 803
83 966
84 74
84 235
84 241
84 301
84 401
84 463
84 668
84 857
84 958
84 964
85 126
85 127
85 331
85 340
85 351
85 356
85 566
85 740
85 766
85 872
85 884
85 891
86 83
86 149
86 192
86 346
86 423
86 731
86 892
86 925
87 121
87 123
87 189
87 275
87 300
87 369
87 526
87 564
87 669
87 680
87 789
87 836
87 964
88 264
88 329
88 337
88 349
88 483
88 500
88 634
88 635
88 679
88 681
88 769
88 946
89 36
89 90
89 389
89 407
89 439
89 503
89 652
90 56
90 92
90 255
90 332
90 603
90 675
90 679
90 832
91 22
91 72
91 160
91 257
91 533
91 541
91 649
91 658
91 659
91 764
91 797
91 893
92 49
92 97
92 200
92 204
92 322
92 458
92 669
92 808
92 961
93 92
93 113
93 159
93 213
93 300
93 358
93 768
93 827
93 950
94 35
94 125
94 129
94 394
94 510
94 611
94 681
94 722
94 757
94 926
94 932
95 20
95 169
95 171
95 296
95 362
95 654
95 723
95 743
95 853
95 867
95 908
95 939
96 100
96 109
96 216
96 235
96 347
96 367
96 483
96 517
96 729
96 752
96 861
97 5
97 89
97 231
97 352
97 369
97 465
97 676
97 683
97 743
97 759
98 96
98 109
98 140
98 171
98 226
98 290
98 293
98 315
98 704
98 889
99 151
99 359
99 414
99 704
99 886
99 957
100 174
100 187
100 217
100 283
100 303
100 540
100 552
100 695
100 991
101 52
101 167
101 186
101 201
101 508
101 549
101 710
101 754
101 782
101 873
102 64
102 159
102 309
102 464
102 532
102 700
102 788
102 924
102 964
103 148
103 160
103 201
103 280
103 294
103 389
103 420
103 430
103 989
104 41
104 53
104 80
104 94
104 175
104 360
104 477
104 542
104 593
104 629
104 658
104 745
104 819
104 867
104 953
105 67
105 218
105 269
105 381
105 540
105 602
105 823
105 838
105 886
105 907
106 136
106 154
106 226
106 297
106 344
106 420
106 687
106 782
106 915
106 920
107 35
107 129
107 133
107 141
107 186
107 279
107 361
107 397
107 443
107 571
107 706
107 747
107 872
107 954
108 19
108 130
108 225
108 450
108 520
108 603
108 702
108 842
108 904
109 14
109 33
109 94
109 129
109 154
109 312
109 409
109 410
109 487
109 557
109 618
109 724
109 864
109 942
109 955
110 4
110 153
110 230
110 352
110 447
110 661
110 859
110 899
110 925
110 971
111 30
111 219
111 553
111 583
111 763
111 770
111 829
111 900
111 936
111 996
112 5
112 12
112 40
112 157
112 160
112 329
112 368
112 552
112 731
112 856
112 902
113 7
113 145
113 275
113 341
113 380
113 457
113 504
113 767
113 794
113 822
113 869
114 152
114 207
114 407
114 430
114 520
114 922
115 118
115 206
115 647
115 648
115 750
115 949
115 957
116 67
116 175
116 195
116 314
116 593
116 699
116 705
116 904
117 242
117 385
117 541
117 567
117 584
117 638
117 671
117 789
117 956
118 73
118 220
118 418
118 468
118 493
118 680
118 697
118 793
119 151
119 167
119 177
119 194
119 296
119 393
119 575
119 703
119 764
119 816
119 965
120 187
120 416
120 555
120 898
120 980
121 19
121 33
121 80
121 145
121 481
121 695
121 833
121 845
122 114
122 168
122 298
122 374
122 574
122 661
122 771
123 136
123 160
123 241
123 264
123 314
123 374
123 445
123 578
123 649
123 851
123 881
124 60
124 217
124 288
124 329
124 331
124 337
124 413
124 431
124 450
124 603
124 628
124 785
125 32
125 35
125 182
125 226
125 272
125 275
125 293
125 323
125 550
125 667
125 688
125 786
125 903
125 919
126 139
126 356
126 574
126 783
126 863
126 885
127 23
127 107
127 254
127 331
127 503
127 560
127 573
127 675
127 803
127 955
128 31
128 100
128 116
128 216
128 424
128 595
128 619
128 637
128 700
128 771
128 873
128 944
129 9
129 18
129 52
129 54
129 198
129 259
129 467
129 468
129 502
129 747
129 771
129 879
129 943
130 11
130 66
130 325
130 428
130 635
130 883
130 902
131 143
131 170
131 258
131 338
131 448
131 467
131 569
131 606
131 645
131 875
131 940
131 991
132 159
132 171
132 308
132 372
132 442
132 506
132 540
132 607
132 751
132 771
133 9
133 72
133 112
133 220
133 224
133 515
133 641
133 759
133 793
133 962
134 12
134 125
134 210
134 234
134 281
134 387
134 395
134 413
134 419
134 470
134 526
134 537
134 686
134 787
134 808
134 936
135 3
135 58
135 67
135 88
135 715
135 809
135 930
136 72
136 229
136 400
136 538
136 541
136 583
136 725
136 880
136 911
136 968
137 67
137 77
137 96
137 122
137 254
137 285
137 292
137 349
137 411
137 436
137 507
137 681
137 699
137 790
137 797
137 818
137 873
137 944
138 2
138 59
138 249
138 263
138 391
138 448
138 489
138 495
138 583
139 10
139 39
139 180
139 204
139 414
139 518
139 699
139 747
139 784
139 822
139 851
139 933
140 17
140 31
140 283
140 596
140 734
140 741
140 757
140 796
140 812
140 818
140 880
141 280
141 339
141 799
141 815
141 950
142 156
142 194
142 784
142 793
142 817
142 834
143 42
143 83
143 141
143 274
143 336
143 343
143 372
143 433
143 545
143 651
143 663
143 819
143 870
143 948
144 107
144 272
144 278
144 382
144 398
144 492
144 493
144 535
144 539
144 696
144 836
145 12
145 155
145 325
145 453
145 668
145 751
145 962
145 973
145 979
146 135
146 205
146 348
146 491
146 769
146 808
147 111
147 133
147 162
147 449
147 604
147 724
147 830
147 946
147 952
148 4
148 75
148 140
148 416
148 424
148 553
148 655
148 657
148 671
148 729
148 890
149 6
149 129
149 401
149 745
149 984
150 204
150 209
150 250
150 259
150 466
150 560
150 569
150 593
150 617
150 622
150 840
150 856
150 996
151 41
151 80
151 195
151 214
151 224
151 366
151 405
151 504
151 548
151 587
151 704
151 741
151 763
151 972
152 65
152 131
152 148
152 189
152 196
152 377
152 395
152 419
152 507
152 584
152 650
152 728
152 749
152 977
153 86
153 274
153 407
153 541
153 573
153 610
153 692
153 808
154 229
154 374
154 474
154 519
154 562
154 657
154 669
154 788
154 882
154 889
154 909
155 50
155 94
155 167
155 213
155 344
155 541
155 855
155 890
155 898
155 906
155 913
155 960
156 48
156 143
156 160
156 215
156 243
156 259
156 261
156 366
156 406
156 517
156 540
156 752
156 852
156 952
156 976
157 4
157 245
157 556
157 625
157 635
157 671
157 974
158 449
158 460
158 490
158 496
158 527
158 529
158 783
158 851
159 152
159 263
159 335
159 409
159 497
159 551
159 571
159 764
160 33
160 118
160 267
160 385
160 476
160 520
160 572
160 691
160 718
160 866
160 985
161 33
161 54
161 194
161 383
161 429
161 464
161 544
161 917
161 981
162 225
162 240
162 277
162 406
162 494
162 531
162 685
162 697
163 129
163 217
163 442
163 548
163 627
163 870
163 903
163 991
164 44
164 167
164 214
164 440
164 686
164 689
164 750
164 934
165 43
165 259
165 379
165 482
165 545
165 559
165 644
165 770
165 771
165 780
165 949
165 957
166 25
166 197
166 223
166 430
166 665
166 886
166 887
166 940
166 989
167 65
167 112
167 143
167 250
167 436
167 557
167 571
167 583
167 609
167 694
167 906
168 6
168 60
168 115
168 157
168 164
168 192
168 194
168 227
168 239
168 265
168 571
168 832
168 880
169 120
169 505
169 543
169 574
169 812
169 936
170 97
170 142
170 535
170 573
170 579
170 843
171 201
171 240
171 289
171 390
171 536
171 922
172 313
172 375
172 443
172 493
172 545
172 662
172 753
172 896
173 66
173 99
173 196
173 490
173 533
173 550
173 641
173 643
173 769
173 861
173 952
173 999
174 55
174 82
174 130
174 133
174 462
174 490
174 573
174 712
174 790
174 796
174 891
175 2
175 35
175 239
175 378
175 464
175 587
175 588
175 600
175 609
175 887
175 967
176 68
176 333
176 519
176 557
176 653
176 792
176 901
177 3
177 32
177 108
177 142
177 421
177 472
177 558
177 741
177 785
178 261
178 306
178 346
178 438
178 527
178 636
178 910
178 912
178 998
179 56
179 66
179 88
179 127
179 283
179 408
179 416
179 650
179 736
179 803
179 807
179 821
179 855
179 883
179 906
180 325
180 334
180 419
180 822
180 917
180 990
181 342
181 800
182 88
182 126
182 315
182 513
182 540
182 559
182 704
182 712
182 783
182 791
182 922
182 951
183 18
183 40
183 210
183 311
183 597
183 665
183 694
183 711
183 797
183 947
184 130
184 148
184 175
184 193
184 254
184 295
184 477
184 542
184 566
184 592
184 721
184 732
184 739
184 779
184 868
184 882
185 58
185 131
185 175
185 348
185 365
185 497
185 530
185 663
185 688
185 733
185 747
185 773
185 799
185 843
185 867
185 903
185 965
185 969
186 49
187 134
187 210
187 256
187 265
187 283
187 450
187 505
187 667
187 692
188 17
188 208
188 449
188 527
188 792
189 23
189 53
189 106
189 121
189 273
189 313
189 367
189 428
189 479
189 501
189 545
189 592
189 663
189 673
189 679
189 892
190 52
190 72
190 167
190 174
190 196
190 467
190 499
190 501
190 503
190 524
190 556
190 723
190 732
190 926
191 41
191 91
191 220
191 225
191 376
191 491
191 566
191 656
191 791
191 796
191 870
191 907
191 963
192 122
192 152
192 160
192 191
192 289
192 573
192 621
192 744
192 902
193 53
193 124
193 138
193 367
193 488
193 559
193 643
193 952
193 957
194 69
194 167
194 191
194 481
194 636
194 912
195 53
195 92
195 152
195 406
195 559
195 625
195 642
195 716
195 773
195 845
196 22
196 107
196 323
196 546
196 557
196 567
196 602
196 630
196 652
196 678
196 848
196 865
196 866
196 915
196 989
197 29
197 61
197 425
197 452
197 477
197 542
197 635
197 679
197 820
198 22
198 50
198 234
198 524
198 597
198 602
198 609
198 851
198 933
199 94
199 99
199 240
199 304
199 358
199 662
199 721
200 105
200 121
200 407
200 435
200 501
200 572
200 584
200 616
200 769
200 787
200 874
200 935
201 192
201 244
201 260
201 400
201 488
201 599
201 661
201 704
201 791
201 845
201 863
202 20
202 454
202 614
202 679
202 707
202 718
202 765
202 846
202 934
202 987
202 999
203 21
203 136
203 163
203 275
203 330
203 418
203 480
203 488
203 693
203 704
203 913
204 67
204 141
204 302
204 726
204 760
204 769
204 827
204 872
204 877
204 900
205 8
205 22
205 165
205 462
205 640
205 664
205 829
205 888
205 910
205 930
206 114
206 132
206 245
206 299
206 376
206 695
206 957
206 991
207 3
207 53
207 159
207 187
207 214
207 296
207 546
207 710
207 727
207 760
207 924
208 139
208 243
208 429
208 603
208 681
208 689
208 805
208 908
208 929
208 997
209 30
209 118
209 184
209 215
209 376
209 452
209 498
209 575
209 610
209 618
209 726
209 849
209 875
209 897
209 992
210 88
210 212
210 269
210 572
210 598
210 723
211 41
211 59
211 160
211 309
211 435
211 497
211 560
211 677
211 793
211 798
212 269
212 353
212 411
212 501
212 563
212 731
212 816
212 857
212 896
213 232
213 335
213 491
213 652
213 681
213 880
213 926
214 40
214 104
214 122
214 138
214 254
214 285
214 423
214 676
214 736
214 896
215 19
215 34
215 211
215 323
215 379
215 399
215 409
215 525
215 981
216 36
216 241
216 248
216 300
216 463
216 481
216 645
216 773
216 808
216 928
216 972
217 71
217 78
217 82
217 84
217 117
217 147
217 181
217 254
217 282
217 308
217 384
217 391
217 455
217 536
217 540
217 544
217 722
217 741
217 852
217 901
217 954
217 990
218 53
218 87
218 93
218 189
218 266
218 441
218 476
218 608
218 654
218 659
218 798
219 41
219 80
219 229
219 241
219 304
219 379
219 422
219 464
219 522
219 578
219 742
219 771
219 849
220 77
220 94
220 126
220 150
220 164
220 174
220 215
220 258
220 655
221 35
221 86
221 101
221 139
221 166
221 251
221 296
221 318
221 330
221 587
221 630
221 648
221 755
221 777
221 960
222 146
222 171
222 196
222 198
222 413
222 448
222 482
222 524
222 528
222 588
222 653
222 701
222 723
223 6
223 179
223 251
223 439
223 467
223 503
223 624
223 652
223 658
223 685
223 743
223 887
223 957
223 983
224 5
224 295
224 561
224 575
224 877
225 238
225 286
225 713
225 748
226 204
226 235
226 245
226 266
226 274
226 306
226 455
226 587
226 633
226 639
226 687
226 878
226 895
227 26
227 178
227 251
227 332
227 479
227 499
227 503
227 529
227 598
227 617
227 766
227 830
227 907
227 988
228 35
228 86
228 405
228 451
228 483
228 508
228 706
228 715
228 921
228 957
229 154
229 233
229 304
229 410
229 455
229 470
229 484
229 545
229 584
229 601
229 634
229 677
229 678
229 883
229 913
229 926
229 934
230 142
230 180
230 188
230 246
230 315
230 424
230 476
230 534
230 660
230 796
230 877
230 909
230 947
231 261
231 262
231 456
231 867
232 80
232 92
232 173
232 219
232 253
232 467
232 618
232 789
232 975
233 38
233 265
233 271
233 469
233 708
233 796
233 882
233 916
234 227
234 268
234 310
234 587
234 597
234 613
234 616
234 644
234 647
234 718
234 778
234 802
235 115
235 223
235 278
235 399
235 520
235 531
235 598
235 612
235 792
235 831
235 937
235 945
236 178
236 309
236 332
236 652
236 787
236 840
237 126
237 696
237 728
237 890
237 918
237 926
238 135
238 156
238 437
238 477
238 624
238 808
238 859
238 914
238 980
239 222
239 271
239 279
239 380
239 550
239 640
239 735
239 742
239 832
239 836
239 908
239 974
240 106
240 144
240 187
240 338
240 563
240 621
240 904
240 961
241 149
241 227
241 439
241 552
241 623
241 819
241 847
241 870
241 872
242 27
242 37
242 390
242 473
242 588
242 635
242 759
242 982
243 93
243 274
243 349
243 507
243 783
243 880
243 901
244 17
244 39
244 114
244 198
244 533
244 559
244 683
244 759
244 777
244 802
245 171
245 425
245 459
245 543
245 786
245 808
245 831
245 866
245 875
246 29
246 299
246 306
246 449
246 497
246 498
246 645
246 646
246 773
246 886
246 952
247 1
247 82
247 252
247 391
247 462
247 619
247 842
248 9
248 27
248 29
248 192
248 300
248 305
248 354
248 501
248 629
248 631
248 682
248 769
248 978
249 231
249 348
249 422
249 502
249 522
249 557
249 685
249 729
249 777
249 810
249 813
249 965
249 970
250 96
250 125
250 304
250 641
250 784
250 803
250 934
251 6
251 84
251 87
251 216
251 333
251 552
251 847
251 958
252 14
252 97
252 119
252 139
252 181
252 185
252 276
252 294
252 348
252 352
252 405
252 559
252 746
252 748
252 840
252 872
252 924
253 67
253 178
253 237
253 290
253 335
253 352
253 597
253 606
253 747
253 781
253 860
253 886
253 903
253 984
253 985
254 193
254 302
254 346
254 466
254 497
254 643
254 799
255 68
255 261
255 301
255 327
255 460
255 586
255 720
255 796
255 822
255 991
256 303
256 329
256 371
256 446
256 552
256 614
256 738
256 739
256 920
256 965
256 984
257 51
257 64
257 181
257 197
257 226
257 229
257 301
257 462
257 804
257 914
258 13
258 24
258 30
258 53
258 84
258 126
258 229
258 346
258 439
258 643
258 926
258 963
258 984
259 11
259 176
259 195
259 353
259 368
259 666
259 676
259 688
259 879
259 927
259 977
260 351
260 396
260 434
260 449
260 671
260 672
260 694
260 712
260 913
260 929
261 145
261 187
261 445
261 477
261 589
261 610
261 662
261 777
262 78
262 446
262 620
262 677
262 696
262 739
262 750
262 792
262 832
262 847
262 877
262 910
263 25
263 98
263 114
263 164
263 190
263 295
263 315
263 337
263 540
263 608
263 630
263 747
263 904
264 86
264 516
264 523
264 605
264 638
264 808
264 915
264 916
264 983
265 322
265 550
265 562
265 640
265 724
265 739
265 886
265 940
265 953
266 60
266 182
266 366
266 416
266 434
266 552
266 571
266 580
266 712
266 745
266 816
266 841
267 21
267 48
267 74
267 212
267 361
267 371
267 463
267 497
267 586
267 829
267 850
268 185
268 212
268 311
268 350
268 362
268 703
268 756
268 828
268 900
269 11
269 104
269 387
269 422
269 427
269 541
269 594
269 602
269 660
269 673
269 812
269 892
270 39
270 164
270 169
270 321
270 423
270 572
270 902
271 7
271 22
271 89
271 396
271 529
271 642
271 801
271 894
272 33
272 73
272 287
272 302
272 374
272 413
272 534
272 552
272 580
272 664
272 668
272 690
272 915
273 43
273 187
273 213
273 608
273 688
273 947
273 979
273 983
274 120
274 150
274 246
274 306
274 360
274 417
274 431
274 753
274 908
275 15
275 22
275 98
275 122
275 138
275 304
275 355
275 415
275 520
275 590
275 594
275 619
275 633
275 642
275 942
275 946
276 44
276 92
276 115
276 188
276 302
276 329
276 333
276 620
276 661
276 804
276 813
276 825
276 851
276 929
276 984
277 104
277 223
277 256
277 279
277 287
277 304
277 335
277 540
277 582
277 688
277 959
277 975
278 12
278 90
278 117
278 120
278 180
278 228
278 244
278 382
278 680
278 701
278 729
278 747
278 781
278 961
279 2
279 28
279 213
279 301
279 308
279 647
279 721
279 803
279 823
279 973
280 135
280 169
280 483
280 540
280 601
280 714
280 818
280 841
280 846
280 874
281 43
281 133
281 286
281 364
281 366
281 600
281 610
281 618
281 654
281 706
281 826
281 829
282 23
282 143
282 164
282 228
282 287
282 398
282 404
282 645
282 818
282 845
283 64
283 81
283 203
283 316
283 455
283 624
283 768
283 951
284 196
284 199
284 236
284 413
284 422
284 488
284 803
284 805
284 823
284 985
285 104
285 161
285 287
285 301
285 424
285 440
285 443
285 474
285 536
285 604
285 829
285 913
285 985
286 36
286 112
286 267
286 282
286 437
286 506
286 585
286 647
286 662
287 46
287 150
287 407
287 414
287 487
287 580
287 711
287 771
287 821
287 881
288 1
288 114
288 133
288 306
288 551
288 566
288 819
288 899
289 122
289 159
289 300
289 475
289 736
289 772
290 55
290 135
290 145
290 300
290 539
290 644
290 821
290 978
290 979
291 62
291 146
291 166
291 401
291 435
291 620
291 681
291 863
291 868
291 983
292 41
292 126
292 168
292 189
292 225
292 271
292 459
292 528
292 727
292 812
292 814
292 871
293 107
293 339
293 613
293 751
293 957
293 996
294 141
294 603
294 833
294 912
294 938
295 78
295 211
295 293
295 312
295 424
295 531
295 565
295 709
295 715
295 746
295 747
295 970
296 137
296 161
296 188
296 487
296 755
296 811
296 812
296 826
296 831
297 208
297 339
297 409
297 538
297 595
297 809
297 865
298 118
298 181
298 278
298 441
298 593
298 594
298 793
298 962
299 17
299 29
299 31
299 75
299 177
299 300
299 368
299 494
299 589
299 592
299 615
299 773
300 36
300 173
300 380
300 694
300 865
300 868
301 120
301 189
301 203
301 212
301 408
301 432
301 445
301 448
301 509
301 830
301 871
302 7
302 35
302 63
302 203
302 205
302 221
302 226
302 235
302 281
302 288
302 292
302 356
302 398
302 617
302 636
302 692
302 879
302 936
303 272
303 292
303 436
303 446
303 726
303 754
303 785
303 919
304 0
304 16
304 103
304 305
304 362
304 554
304 638
304 663
304 983
305 47
305 108
305 163
305 214
305 286
305 288
305 509
305 646
305 706
305 844
306 105
306 107
306 274
306 320
306 354
306 407
306 510
306 671
306 959
307 188
307 228
307 333
307 385
307 666
307 746
307 879
307 972
307 992
308 133
308 134
308 210
308 249
308 334
308 376
308 398
308 587
308 629
308 706
309 13
309 541
309 571
309 645
309 689
309 697
309 700
309 855
309 860
310 77
310 204
310 412
310 517
310 553
311 107
311 307
311 318
311 325
311 401
311 431
311 437
311 444
311 458
311 627
311 639
312 152
312 198
312 395
312 429
312 466
312 472
312 512
312 621
312 643
312 654
312 797
312 950
313 368
313 681
313 739
313 926
313 949
314 236
314 310
314 605
314 660
315 44
315 61
315 98
315 244
315 247
315 287
315 549
315 633
315 640
315 731
315 848
315 925
315 978
316 354
316 431
316 526
316 613
316 641
316 676
316 721
316 729
317 28
317 171
317 279
317 550
317 578
317 590
317 641
317 730
317 832
317 958
318 26
318 375
318 438
318 637
318 769
318 835
318 924
319 204
319 258
319 658
319 684
319 834
319 931
319 988
320 214
320 287
320 311
320 442
320 518
320 578
320 613
320 614
320 787
321 73
321 99
321 158
321 198
321 370
321 436
321 469
321 499
321 586
321 615
321 643
321 759
321 840
321 941
322 111
322 440
322 547
322 607
322 645
322 861
323 16
323 158
323 192
323 272
323 279
323 284
323 302
323 491
323 566
323 603
323 691
324 5
324 24
324 85
324 166
324 326
324 349
324 445
324 501
324 583
324 621
324 631
324 632
324 663
324 751
324 790
324 874
324 878
325 27
325 77
325 125
325 169
325 252
325 271
325 430
325 457
325 514
325 627
325 743
325 794
325 855
325 961
326 2
326 201
326 222
326 256
326 384
326 511
326 531
326 553
326 554
326 714
326 775
326 783
326 806
326 818
326 838
326 880
326 884
326 912
326 928
326 963
327 102
327 354
327 391
327 452
327 474
327 611
327 784
327 848
327 920
328 60
328 230
328 442
328 469
328 520
328 557
328 593
328 652
328 665
328 710
328 763
328 785
328 810
328 835
328 878
328 954
328 963
329 26
329 52
329 181
329 648
329 794
329 937
330 27
330 37
330 185
330 355
330 391
330 702
330 842
330 924
330 981
331 14
331 148
331 259
331 260
331 484
331 515
331 682
331 697
331 706
331 847
331 866
331 912
332 61
332 79
332 175
332 376
332 424
332 457
332 622
332 750
332 828
332 877
333 64
333 141
333 266
333 371
333 427
333 687
333 717
333 828
333 856
333 911
333 915
333 994
334 95
334 255
334 257
334 392
334 467
334 579
334 602
334 604
334 725
334 740
334 825
334 923
334 997
335 39
335 226
335 268
335 305
335 529
335 719
335 774
335 918
335 960
336 25
336 222
336 237
336 327
336 368
336 421
336 544
336 614
336 693
336 713
336 958
336 979
337 47
337 155
337 197
337 214
337 697
337 973
338 19
338 152
338 218
338 499
338 512
338 520
338 583
338 686
338 760
338 807
338 820
338 902
338 907
339 10
339 16
339 30
339 123
339 163
339 390
339 474
339 495
339 502
339 532
339 542
339 557
339 759
339 931
339 966
339 969
339 991
340 11
340 145
340 179
340 183
340 206
340 478
340 505
340 725
340 912
340 925
340 941
340 980
341 46
341 69
341 119
341 198
341 237
341 242
341 393
341 398
341 490
341 505
341 519
341 594
341 632
341 669
341 839
341 899
342 47
342 92
342 206
342 301
342 366
342 471
342 509
342 540
342 627
343 42
343 68
343 115
343 248
343 261
343 341
343 395
343 450
343 529
343 843
343 856
344 53
344 105
344 123
344 275
344 285
344 400
344 545
344 549
344 591
344 642
344 952
345 77
345 116
345 123
345 141
345 213
345 381
345 656
345 679
345 732
345 882
345 953
346 88
346 217
346 485
346 582
346 621
346 645
346 665
346 669
346 767
346 801
346 891
346 991
347 5
347 21
347 94
347 139
347 221
347 311
347 371
347 380
347 611
347 624
347 760
348 36
348 53
348 109
348 110
348 122
348 139
348 181
348 200
348 225
348 228
348 261
348 264
348 525
348 611
348 661
348 689
348 703
348 758
348 782
349 35
349 72
349 100
349 177
349 624
349 646
349 648
349 649
349 758
349 883
349 896
350 81
350 442
350 604
350 710
350 766
350 857
350 911
351 166
351 245
351 365
351 372
351 546
351 623
351 643
351 834
351 941
351 952
352 209
352 316
352 536
352 556
352 763
352 841
352 933
353 110
353 206
353 473
353 523
353 601
353 810
353 838
353 869
353 975
354 20
354 166
354 189
354 292
354 363
354 433
354 459
354 556
354 702
354 842
354 868
355 11
355 16
355 81
355 195
355 427
355 540
355 724
355 883
355 915
355 971
356 59
356 376
356 559
356 634
356 990
357 260
357 335
357 336
357 447
357 502
357 512
357 803
357 913
357 940
357 982
358 33
358 218
358 280
358 303
358 406
358 475
358 533
358 597
358 661
358 694
358 773
358 937
358 957
359 57
359 83
359 111
359 162
359 178
359 181
359 205
359 230
359 326
359 725
359 756
359 914
359 942
359 994
360 224
360 300
360 470
360 581
360 603
360 618
360 715
361 61
361 158
361 164
361 344
361 383
361 472
361 503
361 554
361 635
361 850
361 852
361 900
361 901
361 996
362 38
362 240
362 250
362 855
362 857
362 877
362 897
362 959
363 94
363 184
363 209
363 260
363 264
363 321
363 538
363 566
363 738
363 841
363 918
363 992
364 90
364 102
364 481
364 511
364 637
364 731
364 738
364 761
364 843
364 998
365 176
365 229
365 272
365 446
365 452
365 483
365 553
365 565
365 753
365 875
366 51
366 99
366 176
366 354
366 542
366 760
366 847
366 992
367 36
367 73
367 81
367 341
367 487
367 512
367 604
367 729
368 45
368 110
368 412
368 448
368 597
368 617
368 804
368 878
369 51
369 84
369 133
369 177
369 206
369 217
369 272
369 273
369 444
369 614
369 779
370 96
370 253
370 368
370 722
370 763
370 829
370 984
370 994
371 22
371 67
371 266
371 398
371 442
371 554
371 678
371 720
371 862
371 903
371 957
371 985
372 99
372 180
372 186
372 283
372 414
372 443
372 658
372 739
373 169
373 224
373 354
373 448
373 488
373 519
373 555
373 578
373 752
373 777
373 865
373 957
374 71
374 343
374 494
374 596
374 662
374 839
375 61
375 238
375 622
375 632
375 671
375 805
375 828
375 880
375 970
376 41
376 188
376 261
376 365
376 409
376 538
376 730
377 23
377 326
377 421
377 483
377 680
377 690
377 756
377 759
377 807
378 93
378 156
378 277
378 317
378 422
378 690
378 784
378 879
378 938
379 308
379 341
379 573
379 661
379 759
379 866
379 886
379 963
379 978
380 19
380 126
380 319
380 345
380 362
380 474
380 645
380 682
380 794
380 967
381 178
381 179
381 286
381 465
381 592
381 666
381 806
381 859
381 942
382 115
382 480
382 495
382 510
382 712
382 814
383 164
383 214
383 374
383 402
383 742
383 792
383 877
384 158
384 321
384 359
384 756
384 759
384 833
385 46
385 122
385 160
385 178
385 361
385 743
385 931
385 945
385 959
385 993
386 115
386 284
386 394
386 421
386 450
386 497
386 542
386 605
386 657
386 864
387 156
387 251
387 418
387 758
387 877
387 880
387 970
388 99
388 105
388 141
388 355
388 372
388 525
388 603
388 664
388 796
388 813
388 821
388 896
388 972
389 9
389 91
389 269
389 341
389 415
389 678
389 762
390 113
390 223
390 231
390 245
390 277
390 517
390 788
390 833
390 910
391 125
391 152
391 160
391 259
391 278
391 488
391 539
391 705
391 758
391 765
391 901
392 15
392 52
392 117
392 215
392 264
392 378
392 703
392 717
392 849
392 891
393 75
393 126
393 163
393 177
393 189
393 442
393 508
393 563
393 579
393 610
393 835
394 137
394 189
394 284
394 450
394 462
394 479
394 509
394 629
394 847
395 102
395 112
395 421
395 422
395 430
395 622
395 735
395 884
396 0
396 53
396 56
396 169
396 173
396 242
396 296
396 299
396 301
396 458
396 507
396 559
396 569
396 579
396 606
396 642
396 743
396 785
396 812
396 825
396 836
396 861
396 906
397 18
397 109
397 121
397 152
397 319
397 373
397 510
397 571
397 595
398 6
398 116
398 227
398 376
398 479
398 490
398 495
398 603
398 810
398 845
399 9
399 84
399 169
399 276
399 337
399 345
399 527
399 582
400 290
400 435
400 478
400 576
400 695
400 699
400 820
400 869
401 91
401 301
401 344
401 456
401 990
402 46
402 353
402 394
402 569
402 597
402 719
402 753
402 817
402 944
402 980
402 998
403 190
403 232
403 267
403 291
403 326
403 601
403 635
403 718
403 753
403 885
403 910
404 156
404 205
404 464
404 522
404 594
404 598
404 693
404 783
404 901
404 999
405 97
405 299
405 316
405 325
405 341
405 409
405 685
405 742
405 900
406 66
406 97
406 98
406 298
406 349
406 452
406 464
406 523
406 532
406 582
406 873
406 883
407 77
407 94
407 214
407 245
407 308
407 453
407 462
407 620
407 625
407 653
407 706
407 811
407 813
407 909
407 929
407 973
408 12
408 109
408 139
408 240
408 708
408 828
408 943
409 101
409 131
409 210
409 300
409 396
409 464
409 565
409 685
409 686
409 931
409 964
410 66
410 93
410 134
410 154
410 294
410 332
410 370
410 411
410 458
410 470
410 560
410 567
410 753
410 758
410 802
410 826
410 884
410 946
411 40
411 134
411 310
411 360
411 751
411 800
411 804
411 852
411 864
411 885
411 921
412 222
412 329
412 440
412 493
412 524
412 811
412 888
413 60
413 516
413 549
413 552
413 591
413 719
413 744
413 775
414 28
414 53
414 179
414 203
414 214
414 221
414 239
414 284
414 288
414 295
414 396
414 568
414 596
414 648
414 694
414 906
415 97
415 185
415 300
415 329
415 401
415 422
415 598
415 642
415 654
416 10
416 207
416 268
416 433
416 543
416 685
416 923
417 98
417 103
417 129
417 292
417 365
417 498
417 568
417 925
417 943
417 984
418 66
418 71
418 93
418 125
418 134
418 196
418 234
418 275
418 496
418 512
418 513
418 565
418 614
418 635
418 801
418 822
418 853
419 83
419 204
419 291
419 334
419 357
419 540
419 585
419 714
419 737
419 911
420 29
420 77
420 302
420 311
420 342
420 627
420 841
420 894
421 263
421 292
421 293
421 383
421 541
421 609
421 616
421 655
421 755
421 879
421 974
422 29
422 49
422 115
422 243
422 369
422 488
422 600
422 606
422 734
422 761
422 883
422 953
422 955
422 968
422 989
423 58
423 107
423 263
423 276
423 281
423 356
423 868
423 921
424 79
424 346
424 347
424 399
424 471
424 621
424 644
424 949
425 64
425 78
425 264
425 445
425 579
425 626
425 766
425 836
425 953
425 975
426 217
426 277
426 324
426 328
426 445
426 587
426 624
426 701
426 742
426 757
426 816
426 984
426 988
427 110
427 399
427 521
427 573
427 620
427 749
427 756
427 817
427 844
427 916
427 950
428 24
428 58
428 64
428 113
428 135
428 139
428 183
428 315
428 365
428 384
428 676
428 681
428 906
428 946
429 18
429 109
429 231
429 297
429 385
429 420
429 473
429 540
429 638
429 754
429 883
429 918
429 920
429 995
430 61
430 93
430 127
430 272
430 317
430 323
430 688
430 766
430 821
430 901
431 292
431 516
431 704
431 754
431 864
431 878
431 988
432 350
432 422
432 628
432 764
432 891
432 951
432 980
433 154
433 212
433 220
433 631
433 747
433 988
434 19
434 183
434 239
434 277
434 344
434 393
434 468
434 564
434 845
434 906
434 918
435 83
435 178
435 220
435 416
435 457
435 616
435 674
435 939
436 23
436 188
436 259
436 395
436 443
436 495
436 621
436 693
436 701
436 714
436 818
437 61
437 248
437 270
437 397
437 518
437 526
437 577
437 667
437 970
438 167
438 611
438 613
438 715
438 833
438 863
438 915
438 970
439 8
439 86
439 224
439 343
439 359
439 441
439 463
439 573
439 722
439 833
439 980
440 57
440 59
440 218
440 274
440 357
440 568
440 906
440 993
441 180
441 268
441 361
441 445
441 462
441 523
441 586
441 629
441 757
441 853
441 993
442 50
442 56
442 236
442 506
442 561
442 591
442 603
442 666
442 808
442 864
442 865
443 35
443 273
443 488
443 492
443 596
443 753
443 782
443 786
443 813
443 862
443 887
443 980
444 40
444 61
444 142
444 256
444 385
444 454
444 555
444 591
444 599
444 702
444 837
445 237
445 446
445 487
445 493
445 687
445 965
446 605
446 917
446 949
447 26
447 91
447 316
447 345
447 417
447 530
447 557
447 768
447 873
447 880
447 884
447 977
448 182
448 226
448 278
448 325
448 394
448 411
448 461
448 585
448 781
448 912
449 169
449 336
449 371
449 464
449 691
449 707
449 727
449 744
449 864
450 50
450 141
450 246
450 313
450 324
450 331
450 455
450 548
450 672
450 714
451 0
451 199
451 302
451 366
451 412
451 424
451 450
451 462
451 503
451 572
451 613
451 615
451 655
451 781
451 846
451 892
451 986
451 997
452 33
452 371
452 502
452 509
452 518
452 526
452 597
452 603
452 683
452 797
452 864
452 937
452 959
453 245
453 510
453 759
453 762
453 803
453 916
453 974
454 92
454 213
454 216
454 399
454 435
454 547
454 572
454 628
454 685
454 732
454 834
455 37
455 39
455 382
455 383
455 449
455 559
455 581
455 595
455 626
455 839
455 874
455 892
455 957
456 65
456 264
456 345
456 442
456 494
456 543
456 716
457 215
457 296
457 334
457 498
457 757
457 845
457 920
457 998
458 73
458 133
458 330
458 431
458 494
458 503
458 584
458 766
458 983
459 64
459 94
459 161
459 166
459 209
459 403
459 514
459 542
459 571
459 574
459 843
459 949
460 23
460 106
460 270
460 436
460 476
460 535
460 559
460 564
460 609
460 639
460 689
460 782
460 814
460 820
460 872
461 3
461 19
461 57
461 93
461 106
461 408
461 564
461 640
461 641
462 123
462 331
462 419
462 459
462 611
462 662
462 784
462 860
462 873
462 881
463 119
463 290
463 486
463 553
463 576
463 651
463 661
463 688
464 8
464 41
464 203
464 217
464 280
464 305
464 460
464 489
464 511
464 553
464 563
464 710
464 768
464 790
464 850
464 905
464 996
465 310
465 411
465 431
465 441
465 469
465 577
465 915
466 209
466 485
466 570
466 690
467 268
467 280
467 482
467 561
467 707
467 851
467 903
468 83
468 144
468 246
468 368
468 434
468 444
468 449
468 527
468 590
468 617
468 650
468 656
468 667
468 776
468 855
468 904
468 963
468 997
469 21
469 71
469 127
469 152
469 222
469 242
469 318
469 477
469 617
469 636
469 706
469 902
469 977
470 12
470 110
470 182
470 268
470 308
470 333
470 668
470 698
470 769
470 797
471 48
471 64
471 89
471 117
471 210
471 228
471 345
471 547
471 646
471 980
472 100
472 190
472 253
472 391
472 401
472 784
472 858
473 56
473 102
473 251
473 523
473 567
473 626
473 779
473 859
473 869
474 53
474 74
474 79
474 92
474 584
474 769
474 780
474 807
474 844
474 855
474 980
475 148
475 224
475 275
475 290
475 434
475 512
475 586
475 832
476 27
476 180
476 204
476 566
476 675
476 742
476 822
476 849
476 860
477 96
477 209
477 239
477 384
477 646
477 793
478 48
478 168
478 327
478 613
478 656
478 712
478 807
479 57
479 72
479 92
479 93
479 112
479 137
479 205
479 272
479 342
479 344
479 422
479 511
479 538
479 563
479 661
479 731
480 34
480 46
480 75
480 109
480 185
480 308
480 451
480 498
480 598
480 635
480 739
480 839
480 883
481 12
481 24
481 46
481 110
481 160
481 484
481 560
481 583
481 589
481 711
481 852
481 877
481 951
482 51
482 76
482 405
482 500
482 753
482 774
482 798
482 986
483 15
483 77
483 415
483 486
483 529
483 739
484 78
484 94
484 299
484 355
484 448
484 572
484 605
484 628
484 691
484 919
485 62
485 112
485 420
485 430
485 471
485 476
485 568
485 627
485 656
485 773
485 875
485 882
486 47
486 140
486 302
486 365
486 490
486 619
486 628
486 783
486 884
487 62
487 114
487 355
487 593
487 650
487 879
487 885
487 934
487 949
488 351
488 550
488 634
488 661
488 789
488 850
488 871
488 956
489 35
489 84
489 105
489 257
489 424
489 447
489 670
489 687
489 701
489 750
489 794
489 841
489 871
490 25
490 53
490 132
490 227
490 255
490 353
490 364
490 412
490 453
490 463
490 506
490 545
490 617
490 696
490 861
490 905
490 911
490 942
491 39
491 124
491 263
491 389
491 549
491 555
491 602
491 653
491 669
491 797
491 830
492 96
492 428
492 439
492 517
492 526
492 738
492 799
492 853
493 122
493 231
493 337
493 515
493 760
493 813
493 832
493 838
493 883
493 936
493 938
493 957
494 209
494 221
494 222
494 382
494 448
494 468
494 556
494 759
494 847
494 851
494 890
495 121
495 246
495 257
495 260
495 411
495 521
495 541
495 601
495 622
495 749
495 751
495 788
495 813
495 815
495 923
496 36
496 96
496 108
496 134
496 209
496 307
496 404
496 615
496 675
496 680
496 849
496 856
496 931
496 979
497 14
497 41
497 379
497 390
497 419
497 522
497 658
497 673
497 704
497 715
497 784
497 815
497 828
497 848
498 32
498 35
498 95
498 405
498 589
499 20
499 49
499 53
499 54
499 113
499 155
499 201
499 277
499 278
499 352
499 626
499 705
499 883
500 104
500 122
500 284
500 354
500 740
500 769
500 797
500 803
500 858
501 36
501 139
501 171
501 201
501 217
501 224
501 543
501 787
501 994
502 48
502 127
502 199
502 225
502 271
502 428
502 532
502 580
502 647
503 235
503 365
503 382
503 389
503 429
503 430
503 431
503 460
503 470
503 525
503 644
503 658
503 685
503 760
503 852
503 895
503 901
504 1
504 60
504 70
504 375
504 588
504 609
504 638
504 758
504 800
504 975
505 14
505 143
505 243
505 437
505 510
505 688
505 730
505 780
505 910
506 121
506 379
506 462
506 557
506 610
506 766
506 798
507 5
507 23
507 236
507 263
507 540
507 596
507 894
507 956
508 0
508 57
508 168
508 424
508 531
508 595
508 621
508 842
508 937
508 956
509 156
509 188
509 278
509 326
509 363
509 398
509 415
509 492
509 558
509 655
509 662
509 831
510 72
510 254
510 451
510 477
510 519
510 594
510 597
510 634
510 776
510 847
510 927
511 78
511 91
511 103
511 104
511 203
511 227
511 249
511 533
511 570
511 620
511 775
511 851
511 855
511 916
511 942
512 262
512 266
512 271
512 309
512 317
512 341
512 580
512 642
512 746
513 128
513 199
513 348
513 496
513 537
513 553
513 743
513 764
513 976
514 72
514 96
514 120
514 286
514 405
514 480
514 537
514 657
514 681
514 949
514 987
515 211
515 236
515 247
515 556
515 561
515 682
515 703
515 758
515 818
515 851
515 873
515 973
515 987
516 78
516 124
516 283
516 359
516 601
516 643
516 785
516 923
516 963
517 34
517 40
517 64
517 137
517 328
517 348
517 461
517 658
517 876
518 97
518 392
518 478
518 644
518 645
518 716
518 779
519 45
519 134
519 136
519 143
519 182
519 340
519 426
519 652
519 724
519 991
520 24
520 136
520 259
520 421
520 491
520 687
520 718
521 2
521 89
521 110
521 127
521 254
521 427
521 497
521 582
521 696
521 893
522 140
522 284
522 314
522 344
522 356
522 437
522 455
522 474
522 476
522 709
522 932
522 982
523 93
523 304
523 309
523 315
523 363
523 428
523 479
523 502
523 520
523 544
523 549
523 575
523 594
523 620
523 717
523 735
523 832
523 974
524 36
524 45
524 51
524 316
524 449
524 511
524 685
524 726
524 754
524 912
524 926
524 956
525 108
525 154
525 193
525 350
525 554
525 588
525 673
525 742
525 751
525 768
525 837
525 955
526 131
526 178
526 191
526 329
526 401
526 420
526 479
526 938
527 53
527 185
527 346
527 356
527 462
527 492
527 536
527 598
527 633
527 708
527 751
527 776
527 780
528 20
528 180
528 248
528 260
528 279
528 337
528 366
528 431
528 442
528 511
528 711
528 787
528 797
528 909
528 994
529 63
529 321
529 326
529 453
529 565
529 744
529 781
530 31
530 38
530 42
530 55
530 103
530 123
530 171
530 561
530 606
530 649
530 709
530 754
530 767
530 770
530 792
530 863
530 876
531 209
531 221
531 317
531 359
531 380
531 811
531 994
532 1
532 138
532 350
532 716
532 758
532 795
532 832
532 853
532 977
533 4
533 203
533 354
533 371
533 404
533 429
533 437
533 526
533 965
533 995
534 28
534 134
534 342
534 355
534 363
534 488
534 678
534 766
534 977
535 70
535 226
535 259
535 491
535 540
535 570
535 594
535 656
535 691
535 775
535 818
535 829
535 858
535 897
536 33
536 207
536 440
536 579
536 628
536 648
536 679
536 694
536 735
536 831
536 867
537 32
537 171
537 201
537 216
537 236
537 355
537 648
537 754
537 916
538 19
538 145
538 376
538 385
538 435
538 595
538 609
538 999
539 12
539 105
539 188
539 189
539 251
539 342
539 464
539 467
539 493
539 495
539 639
539 654
539 775
540 46
540 171
540 192
540 302
540 435
540 466
540 509
540 541
540 601
540 616
540 629
540 642
540 878
540 954
540 963
541 18
541 227
541 261
541 274
541 276
541 347
541 392
541 507
541 579
541 659
541 701
541 843
541 899
542 22
542 55
542 89
542 523
542 531
542 700
542 749
542 960
543 3
543 19
543 21
543 97
543 271
543 332
543 410
543 420
543 573
543 608
543 654
543 662
543 806
543 872
543 904
543 919
543 939
543 988
544 78
544 102
544 140
544 147
544 166
544 272
544 345
544 661
544 730
544 776
544 842
544 872
544 898
544 901
544 966
545 39
545 307
545 333
545 339
545 439
545 498
546 60
546 141
546 155
546 521
546 529
546 823
546 887
547 16
547 85
547 112
547 256
547 598
547 747
547 792
547 817
547 824
548 124
548 126
548 174
548 241
548 442
548 555
548 632
548 839
549 245
549 248
549 331
549 465
549 496
549 578
549 645
549 687
549 799
549 808
549 864
549 922
550 254
550 409
550 475
550 614
550 767
550 807
550 838
551 99
551 153
551 162
551 227
551 324
551 357
551 413
551 448
551 559
551 659
551 829
551 857
551 881
551 886
552 86
552 258
552 294
552 517
552 544
552 714
552 793
552 801
553 63
553 75
553 145
553 321
553 414
553 429
553 440
553 443
553 460
553 644
553 738
553 765
553 777
553 846
553 931
553 992
554 120
554 165
554 304
554 322
554 470
554 531
554 624
554 661
554 713
554 737
554 860
555 30
555 47
555 155
555 197
555 299
555 645
555 690
555 740
555 960
556 46
556 121
556 161
556 166
556 188
556 195
556 232
556 250
556 305
556 529
556 542
556 706
556 910
556 915
556 961
557 137
557 323
557 343
557 410
557 607
557 800
557 809
557 900
557 905
557 964
558 1
558 65
558 141
558 217
558 326
558 355
558 376
558 452
558 457
558 575
558 580
558 639
558 851
559 23
559 25
559 29
559 124
559 130
559 171
559 184
559 390
559 444
559 627
559 932
560 183
560 215
560 440
560 498
560 570
560 577
560 695
560 767
560 789
560 891
560 932
560 944
561 40
561 92
561 143
561 533
561 550
561 702
561 750
561 816
561 925
561 948
561 987
562 64
562 83
562 292
562 407
562 436
562 754
562 894
562 897
562 958
562 990
563 60
563 178
563 294
563 451
563 636
563 650
563 652
563 755
564 301
564 347
564 367
564 394
564 608
564 649
564 754
564 802
564 812
564 917
564 967
565 49
565 207
565 229
565 265
565 373
565 379
565 386
565 483
565 804
565 859
566 2
566 223
566 416
566 692
566 735
566 865
566 901
566 909
566 953
567 29
567 35
567 239
567 344
567 416
567 477
567 649
567 920
567 925
567 993
568 89
568 128
568 149
568 335
568 395
568 412
568 539
568 661
568 981
569 60
569 137
569 265
569 520
569 618
569 623
569 737
569 863
569 878
569 937
570 30
570 37
570 62
570 136
570 280
570 404
570 659
570 728
570 827
570 834
571 1
571 125
571 208
571 237
571 284
571 298
571 322
571 347
571 376
571 416
571 422
571 461
571 466
571 551
571 559
571 662
571 714
571 732
571 754
571 855
571 914
572 134
572 250
572 473
572 645
572 650
572 670
572 713
573 37
573 67
573 110
573 165
573 237
573 425
573 439
573 444
573 472
573 546
573 551
573 635
573 756
573 757
573 777
573 837
573 978
574 42
574 98
574 284
574 342
574 377
574 446
574 514
574 517
574 537
574 661
574 878
575 208
575 285
575 313
575 415
575 758
575 821
575 880
576 10
576 84
576 279
576 369
576 561
576 708
576 723
576 749
576 753
576 798
576 918
577 17
577 25
577 113
577 124
577 325
577 472
577 611
577 717
577 719
577 777
577 782
577 940
578 35
578 37
578 62
578 694
578 698
578 837
578 945
578 994
579 35
579 354
579 478
579 573
579 634
579 779
580 70
580 110
580 151
580 157
580 164
580 206
580 449
580 746
580 813
580 855
581 1
581 19
581 252
581 317
581 323
581 450
581 591
581 706
581 731
581 733
581 920
581 984
581 990
582 1
582 54
582 170
582 367
582 435
582 559
582 568
582 581
582 699
582 709
582 746
582 752
582 810
582 815
582 869
583 126
583 336
583 368
583 433
583 506
583 521
583 690
583 816
583 834
583 943
584 47
584 112
584 164
584 284
584 565
584 759
584 906
584 969
585 344
585 451
585 646
585 693
585 698
585 711
585 725
585 737
585 801
585 812
585 978
586 198
586 204
586 326
586 334
586 380
586 414
586 572
586 647
586 845
586 889
587 6
587 230
587 235
587 245
587 310
587 403
587 410
587 494
587 541
587 743
587 993
587 995
588 181
588 194
588 204
588 265
588 367
588 455
588 475
588 476
588 754
588 822
589 48
589 404
589 414
589 514
589 576
589 578
589 710
589 731
589 932
589 951
589 971
590 113
590 144
590 416
590 433
590 491
590 577
590 685
590 739
590 756
590 776
591 18
591 81
591 98
591 107
591 246
591 352
591 384
591 409
591 584
592 145
592 412
592 453
592 487
592 867
593 164
593 205
593 315
593 603
593 631
593 674
593 759
593 795
593 850
593 948
594 24
594 418
594 515
594 783
594 876
594 928
594 970
595 87
595 103
595 286
595 288
595 306
595 353
595 696
595 880
595 917
595 966
595 968
596 17
596 43
596 68
596 128
596 441
596 491
596 592
596 739
596 797
596 847
596 854
596 872
596 928
597 112
597 255
597 286
597 390
597 473
597 525
597 976
598 87
598 94
598 158
598 182
598 192
598 222
598 481
598 516
598 661
598 882
598 978
599 105
599 192
599 209
599 243
599 324
599 638
599 884
599 909
599 942
599 972
599 997
600 17
600 80
600 191
600 288
600 414
600 415
600 715
600 761
600 826
600 910
600 911
601 33
601 52
601 369
601 482
601 488
601 634
601 660
601 940
602 65
602 181
602 329
602 513
602 554
602 766
602 868
603 186
603 254
603 259
603 271
603 307
603 308
603 432
603 695
603 749
604 129
604 143
604 165
604 232
604 618
604 666
604 684
604 690
604 933
604 952
605 17
605 23
605 75
605 91
605 102
605 344
605 833
605 929
605 957
606 63
606 236
606 277
606 493
606 570
606 707
606 867
606 993
607 19
607 161
607 311
607 336
607 473
607 648
607 957
607 977
608 110
608 147
608 242
608 296
608 312
608 320
608 386
609 22
609 31
609 219
609 316
609 324
609 331
609 371
609 466
609 492
609 576
610 100
610 224
610 246
610 348
610 366
610 434
610 446
610 557
610 602
610 806
610 830
610 917
610 977
611 105
611 877
611 978
612 2
612 119
612 170
612 205
612 262
612 331
612 365
612 661
612 663
612 684
612 846
612 866
613 21
613 27
613 51
613 61
613 95
613 221
613 232
613 293
613 335
613 384
613 626
613 637
613 822
613 825
613 891
614 33
614 131
614 181
614 351
614 708
614 720
614 916
615 94
615 233
615 277
615 341
615 396
615 421
615 553
615 570
615 728
615 750
615 767
615 816
615 842
615 938
615 983
616 112
616 372
616 380
616 445
616 472
616 527
616 588
616 597
616 657
616 769
617 7
617 291
617 399
617 608
617 675
617 744
617 845
617 942
618 110
618 119
618 147
618 231
618 260
618 493
618 514
618 525
618 856
618 945
618 946
618 949
619 22
619 236
619 317
619 418
619 419
619 464
619 514
619 595
619 606
619 630
619 809
619 911
619 989
620 1
620 38
620 236
620 367
620 523
620 588
620 632
620 795
621 73
621 107
621 419
621 493
621 521
621 529
621 555
621 789
621 811
621 913
621 929
622 283
622 340
622 593
622 661
622 743
622 870
623 55
623 62
623 80
623 355
623 391
623 446
623 452
623 498
623 602
623 628
623 749
623 979
624 169
624 339
624 381
624 526
624 585
624 684
624 714
624 803
624 835
624 870
624 883
624 979
625 53
625 97
625 256
625 388
625 401
625 551
625 593
626 41
626 270
626 315
626 411
626 573
626 663
626 753
626 910
627 36
627 102
627 103
627 114
627 175
627 189
627 270
627 330
627 386
627 469
627 574
627 580
627 587
627 602
627 710
627 851
628 121
628 207
628 309
628 342
628 413
628 603
628 649
628 765
628 954
629 105
629 209
629 353
629 360
629 441
629 491
629 508
629 536
629 593
629 653
629 778
629 790
629 943
630 45
630 159
630 281
630 470
630 477
630 500
630 556
630 614
630 701
630 996
631 0
631 52
631 321
631 383
631 439
631 499
631 516
631 525
631 591
631 628
631 718
631 739
631 806
631 834
631 973
631 980
632 32
632 112
632 253
632 342
632 359
632 614
632 660
632 676
632 706
632 767
632 778
632 809
632 851
632 991
633 38
633 76
633 148
633 244
633 250
633 482
633 787
633 830
634 36
634 611
634 787
634 893
634 950
635 179
635 323
635 351
635 400
635 441
635 450
635 546
635 559
635 617
635 850
635 863
636 114
636 162
636 163
636 175
636 176
636 249
636 271
636 405
636 502
636 630
636 694
636 730
636 842
637 245
637 248
637 347
637 353
637 367
637 490
637 570
637 694
637 736
637 761
638 19
638 69
638 96
638 180
638 281
638 343
638 394
638 457
638 478
638 515
638 575
638 704
638 766
638 817
638 920
638 972
639 48
639 99
639 305
639 342
639 619
639 718
639 756
640 3
640 58
640 110
640 167
640 256
640 537
640 632
640 712
640 729
640 792
640 821
641 306
641 309
641 365
641 433
641 553
641 614
641 634
641 692
642 61
642 66
642 422
642 470
642 491
642 557
642 701
642 930
642 965
642 985
642 988
643 145
643 215
643 330
643 465
643 624
643 667
643 780
643 925
643 991
644 94
644 212
644 255
644 274
644 311
644 397
644 439
644 442
644 535
644 761
644 762
644 811
644 813
644 951
645 153
645 192
645 278
645 314
645 466
645 475
645 515
645 538
645 550
645 719
645 750
645 889
646 45
646 174
646 183
646 201
646 237
646 263
646 378
646 566
646 584
646 884
646 912
646 987
647 94
647 383
647 393
647 451
647 652
647 756
648 37
648 55
648 102
648 222
648 259
648 277
648 348
648 378
648 402
648 514
648 559
648 574
648 576
648 664
648 683
648 764
648 816
648 823
648 852
649 20
649 111
649 121
649 204
649 236
649 398
649 756
649 794
649 883
650 29
650 39
650 167
650 336
650 436
650 512
650 569
650 648
650 696
650 772
650 776
651 79
651 136
651 332
651 333
651 527
652 17
652 110
652 434
652 539
652 560
652 609
652 731
653 159
653 330
653 450
653 522
653 592
653 613
653 669
653 733
653 753
654 264
654 389
654 524
654 614
654 616
655 50
655 611
655 613
655 640
655 708
655 709
655 715
655 871
656 4
656 115
656 251
656 515
656 771
656 785
657 9
657 26
657 298
657 322
657 449
657 491
657 493
657 738
657 785
657 801
657 906
657 948
657 971
658 82
658 406
658 407
658 417
658 620
658 701
658 733
658 764
658 878
659 130
659 168
659 236
659 255
659 327
659 445
659 580
659 671
660 369
660 471
660 685
660 688
660 894
660 924
661 25
661 40
661 110
661 232
661 638
661 645
661 775
661 792
661 816
661 914
662 53
662 62
662 86
662 121
662 147
662 481
662 491
662 499
662 613
662 680
662 702
662 772
662 794
662 815
663 68
663 76
663 157
663 219
663 446
663 559
663 583
663 780
663 808
664 64
664 87
664 157
664 306
664 341
664 369
664 440
664 451
664 477
664 699
664 749
664 838
664 965
665 26
665 226
665 330
665 652
665 765
665 811
665 829
665 977
666 8
666 61
666 153
666 188
666 269
666 453
666 466
666 511
666 575
666 627
667 60
667 63
667 155
667 360
667 380
667 388
667 391
667 409
667 594
667 628
667 695
667 712
667 817
668 29
668 192
668 239
668 255
668 348
668 394
668 426
668 463
668 527
668 685
668 805
668 835
668 857
668 865
669 36
669 243
669 502
669 515
669 596
669 689
669 755
669 884
669 887
670 198
670 223
670 270
670 274
670 304
670 401
670 512
670 563
670 615
670 662
670 696
670 727
670 799
670 973
671 0
671 26
671 135
671 195
671 349
671 932
672 48
672 57
672 91
672 109
672 136
672 143
672 208
672 253
672 282
672 378
672 581
672 592
672 616
672 735
672 821
673 67
673 141
673 181
673 248
673 265
673 385
673 420
673 739
673 784
673 878
673 895
673 900
673 930
674 81
674 89
674 300
674 361
674 424
674 556
674 980
675 49
675 70
675 209
675 350
675 445
675 567
675 703
675 771
675 777
675 815
675 977
676 0
676 7
676 74
676 227
676 439
676 486
676 582
676 593
676 675
676 726
676 808
676 896
677 38
677 177
677 526
677 579
677 705
677 764
677 905
677 935
677 959
678 219
678 326
678 429
678 431
678 458
678 598
678 764
678 944
678 994
678 995
679 49
679 58
679 113
679 274
679 338
679 477
679 479
679 545
679 792
679 804
680 14
680 111
680 219
680 297
680 311
680 453
680 627
680 672
680 685
680 943
681 6
681 210
681 231
681 563
681 595
681 671
681 787
681 864
681 915
681 921
681 991
681 992
682 131
682 177
682 181
682 454
682 613
682 624
682 652
682 715
682 884
682 986
683 100
683 240
683 298
683 341
683 491
684 31
684 67
684 162
684 202
684 318
684 365
684 472
684 554
685 67
685 79
685 110
685 156
685 654
685 744
685 775
685 829
685 909
685 914
686 113
686 131
686 203
686 307
686 314
686 325
686 330
686 372
686 447
686 504
686 551
686 668
686 706
686 756
686 823
686 907
687 76
687 208
687 330
687 377
687 392
687 412
687 476
687 792
687 818
688 19
688 47
688 103
688 163
688 179
688 253
688 327
688 530
688 579
688 765
688 885
688 910
688 990
689 28
689 127
689 339
689 348
689 368
689 497
689 564
689 604
689 700
689 877
689 914
689 941
690 91
690 528
690 570
690 766
690 780
691 274
691 300
691 364
691 407
691 468
691 521
691 531
691 624
691 882
691 970
692 90
692 251
692 304
692 334
692 377
692 410
692 537
692 558
692 564
692 582
692 597
692 877
692 890
693 343
693 618
693 688
693 731
693 820
693 883
693 891
693 900
694 10
694 218
694 398
694 548
694 884
694 916
695 18
695 24
695 307
695 312
695 354
695 373
695 408
695 492
695 502
695 524
695 592
695 620
695 844
695 900
695 924
695 981
696 11
696 273
696 335
696 376
696 427
696 452
696 529
696 560
696 583
696 618
696 636
696 776
696 856
696 996
697 334
697 420
697 455
697 573
697 753
697 759
697 904
697 970
697 993
698 6
698 48
698 73
698 139
698 294
698 781
698 795
698 809
698 945
699 66
699 127
699 209
699 368
699 490
699 573
699 767
700 86
700 98
700 150
700 353
700 442
700 468
700 504
700 530
700 581
700 629
700 869
700 913
701 38
701 172
701 186
701 267
701 317
701 525
701 610
701 680
701 723
701 775
701 832
702 17
702 126
702 240
702 378
702 484
702 744
703 1
703 158
703 286
703 327
703 408
703 414
703 427
703 526
703 552
703 687
703 908
703 967
703 975
704 78
704 206
704 244
704 278
704 484
704 598
704 853
704 858
704 861
704 974
704 977
705 190
705 206
705 228
705 286
705 343
705 572
705 576
705 581
705 628
705 663
705 837
705 872
706 112
706 204
706 220
706 223
706 268
706 568
706 570
706 590
707 282
707 298
707 306
707 460
707 602
707 753
708 10
708 43
708 381
708 389
708 791
708 837
708 885
709 115
709 162
709 285
709 315
709 361
709 501
709 583
709 673
709 782
709 804
709 919
709 964
709 980
710 167
710 466
710 631
710 682
710 772
710 815
711 204
711 258
711 335
711 652
711 788
711 836
711 859
712 19
712 224
712 228
712 503
712 584
712 731
712 764
712 847
712 914
713 79
713 242
713 399
713 811
714 125
714 196
714 215
714 218
714 227
714 270
714 512
714 530
714 672
714 860
714 901
714 904
714 947
714 998
715 123
715 164
715 196
715 198
715 230
715 387
715 415
715 429
715 546
715 578
715 589
715 642
715 646
715 719
715 881
715 926
715 931
715 982
716 4
716 38
716 299
716 354
716 445
716 524
716 527
716 528
716 548
716 672
716 687
716 752
716 754
716 758
716 888
716 906
717 32
717 170
717 241
717 282
717 322
717 359
717 466
717 482
717 520
717 732
717 881
717 899
718 45
718 172
718 382
718 789
718 864
718 876
718 966
718 974
719 3
719 80
719 227
719 242
719 295
719 313
719 382
719 522
719 727
719 792
719 857
719 942
720 324
720 338
720 366
720 525
720 586
720 743
720 938
721 31
721 49
721 51
721 156
721 428
721 787
721 868
721 875
721 925
721 974
722 290
722 323
722 397
722 399
722 401
722 431
722 546
722 571
722 606
722 775
722 798
723 9
723 291
723 430
723 433
723 580
723 592
723 714
723 919
723 965
724 248
724 446
724 655
724 710
725 175
725 198
725 282
725 640
725 646
725 825
726 18
726 77
726 213
726 385
726 853
726 865
726 909
727 360
727 361
727 448
727 644
727 658
727 680
727 760
727 789
727 798
727 799
727 806
727 943
728 12
728 48
728 87
728 325
728 413
728 483
728 597
728 697
728 900
728 940
729 5
729 67
729 100
729 170
729 191
729 534
729 790
730 38
730 60
730 108
730 347
730 430
730 474
730 517
730 723
730 758
730 838
730 869
731 149
731 401
731 428
731 532
731 545
731 900
731 912
732 20
732 132
732 143
732 253
732 280
732 377
732 417
732 462
732 484
732 514
732 593
732 700
732 737
733 10
733 29
733 60
733 71
733 192
733 229
733 254
733 302
733 362
733 620
733 621
733 636
733 713
733 764
733 799
733 817
733 824
733 950
734 93
734 96
734 98
734 113
734 130
734 389
734 436
734 460
734 642
734 680
734 714
734 751
734 752
734 888
734 953
734 957
735 12
735 65
735 247
735 296
735 297
735 370
735 483
735 838
736 128
736 346
736 405
736 666
736 804
736 904
736 919
736 925
736 946
736 964
736 983
737 4
737 121
737 127
737 172
737 271
737 291
737 539
737 790
737 846
737 904
738 41
738 353
738 364
738 366
738 445
738 511
738 662
738 743
738 758
738 833
738 914
738 922
738 958
739 45
739 55
739 110
739 175
739 240
739 317
739 501
739 565
739 585
739 937
739 942
739 992
740 176
740 353
740 497
740 544
740 732
740 828
740 995
741 68
741 158
741 246
741 254
741 368
741 405
741 445
741 491
741 529
741 640
741 643
741 674
741 723
741 753
741 869
741 997
742 15
742 34
742 231
742 348
742 398
742 428
742 460
742 906
742 948
743 78
743 328
743 634
743 694
743 783
743 789
743 825
743 828
743 839
743 901
743 945
744 198
744 333
744 415
744 532
744 570
744 644
744 783
744 844
745 71
745 201
745 410
745 446
745 450
745 456
745 461
745 562
745 691
745 924
746 90
746 303
746 498
746 527
746 528
746 576
746 653
746 671
746 858
746 913
747 84
747 141
747 238
747 404
747 488
747 659
747 737
747 830
747 903
747 933
748 140
748 168
748 344
748 416
748 426
748 448
748 477
748 574
748 708
748 774
748 800
748 836
749 114
749 237
749 330
749 386
749 666
749 694
749 706
749 716
749 780
749 893
750 323
750 418
750 509
750 839
751 120
751 173
751 218
751 249
751 358
751 534
751 567
751 589
751 630
751 833
751 960
752 203
752 283
752 294
752 370
752 429
752 535
752 933
752 965
752 991
752 997
753 28
753 261
753 397
753 461
753 578
753 717
753 814
754 145
754 223
754 413
754 909
755 383
755 422
755 477
755 583
755 593
755 855
755 885
755 927
756 24
756 278
756 399
756 491
756 526
756 538
756 616
756 706
756 835
756 856
757 71
757 115
757 227
757 352
757 381
757 467
757 609
757 694
757 814
757 850
757 946
758 121
758 205
758 226
758 328
758 503
758 627
758 908
759 84
759 206
759 270
759 424
759 712
759 769
759 824
759 955
760 17
760 285
760 288
760 325
760 594
760 688
760 691
760 857
760 970
761 68
761 180
761 439
761 627
761 630
761 748
761 812
761 847
761 850
761 869
761 984
762 68
762 188
762 190
762 253
762 436
762 590
762 603
762 753
762 877
762 921
762 960
763 204
763 234
763 482
763 502
763 565
763 595
763 806
763 839
763 989
764 128
764 150
764 384
764 490
764 685
764 835
764 856
764 859
764 894
764 913
765 104
765 130
765 499
765 530
765 670
765 936
765 981
766 40
766 204
766 306
766 437
766 444
766 504
766 571
766 630
766 951
767 20
767 77
767 176
767 334
767 370
767 430
767 491
767 521
767 534
767 845
768 23
768 147
768 232
768 265
768 323
768 341
768 458
768 725
768 886
768 962
769 78
769 123
769 375
769 421
769 576
769 607
769 699
769 846
770 32
770 73
770 190
770 201
770 210
770 292
770 519
771 29
771 47
771 81
771 372
771 395
771 449
771 508
771 633
771 766
771 801
771 935
771 942
772 150
772 173
772 244
772 345
772 433
772 505
772 553
772 681
772 886
772 994
773 44
773 46
773 236
773 404
773 438
773 542
773 605
773 936
773 949
773 950
774 174
774 249
774 288
774 304
774 411
774 471
774 569
774 574
774 829
775 1
775 6
775 13
775 27
775 150
775 165
775 406
775 444
775 445
775 528
775 575
775 822
775 841
775 911
775 966
776 111
776 174
776 274
776 356
776 513
776 555
776 573
776 581
776 665
776 757
776 923
776 970
777 4
777 398
777 417
777 469
777 540
777 553
777 575
777 713
777 816
778 41
778 190
778 207
778 313
778 324
778 386
778 411
778 474
778 552
778 563
778 646
778 737
779 289
779 416
779 449
779 452
779 503
779 523
779 586
779 749
779 775
779 920
780 61
780 104
780 140
780 377
780 459
780 583
780 712
780 867
780 930
781 18
781 32
781 33
781 281
781 417
781 785
781 883
782 207
782 301
782 358
782 547
782 630
782 708
782 710
782 742
782 984
783 96
783 303
783 308
783 374
783 460
783 489
783 863
783 957
784 21
784 184
784 445
784 472
784 576
784 774
784 783
784 840
784 893
784 908
784 979
785 24
785 174
785 194
785 478
785 531
785 783
786 87
786 278
786 313
786 379
786 472
786 653
787 22
787 62
787 103
787 441
787 576
788 505
788 535
788 667
788 706
788 710
788 822
788 894
788 935
789 23
789 113
789 162
789 557
789 657
789 673
789 785
789 827
789 843
789 924
790 156
790 226
790 291
790 334
790 853
790 922
791 47
791 92
791 165
791 471
791 524
791 551
791 737
791 752
791 816
791 988
792 25
792 43
792 81
792 93
792 138
792 139
792 228
792 256
792 293
792 294
792 300
792 467
792 613
792 806
792 955
793 112
793 120
793 165
793 313
793 514
793 564
793 618
793 719
793 825
793 920
793 964
794 39
794 72
794 74
794 234
794 289
794 343
794 372
794 379
794 418
794 439
794 446
794 499
794 515
794 666
794 842
794 846
794 962
795 43
795 50
795 269
795 390
795 535
795 707
795 766
795 845
795 870
795 983
796 58
796 161
796 169
796 186
796 272
796 278
796 458
797 75
797 107
797 357
797 773
797 793
797 806
797 834
797 892
797 971
798 196
798 238
798 301
798 405
798 411
798 803
798 888
798 933
799 335
799 399
799 406
799 436
799 546
799 625
799 819
799 821
799 896
799 989
800 149
800 219
800 274
800 417
800 655
800 657
800 684
800 709
800 817
800 896
801 181
801 223
801 279
801 413
801 654
801 839
801 912
801 937
802 52
802 77
802 122
802 260
802 404
802 467
802 612
802 884
802 945
803 7
803 106
803 145
803 284
803 428
803 530
803 572
803 738
803 818
803 820
803 831
804 169
804 233
804 632
804 635
804 749
804 765
805 76
805 77
805 173
805 597
805 671
805 775
805 838
805 967
806 135
806 221
806 338
806 494
806 503
806 515
806 547
806 715
806 744
806 853
806 866
806 994
807 1
807 165
807 232
807 366
807 448
807 542
807 739
807 816
807 830
807 856
807 870
807 992
808 13
808 147
808 213
808 219
808 269
808 325
808 391
808 446
808 528
808 705
808 753
808 872
808 940
809 8
809 374
809 588
809 745
809 831
809 849
809 941
809 989
810 562
810 564
810 567
810 647
810 735
810 777
810 989
811 72
811 157
811 286
811 358
811 528
811 783
811 836
811 947
811 989
812 39
812 67
812 290
812 388
812 424
812 526
812 545
812 613
812 707
813 104
813 254
813 258
813 419
813 478
813 481
813 611
814 49
814 73
814 122
814 157
814 179
814 320
814 477
814 498
814 594
814 598
814 609
814 672
814 992
815 82
815 225
815 231
815 307
815 364
815 656
815 723
815 736
815 840
816 119
816 152
816 250
816 367
816 535
816 579
816 698
816 710
816 796
816 971
817 86
817 94
817 179
817 180
817 250
817 322
817 673
817 742
817 768
817 782
817 819
817 835
817 878
817 945
817 989
818 68
818 623
818 636
818 685
818 712
818 726
818 985
819 85
819 92
819 251
819 566
819 684
819 694
819 798
819 812
819 869
819 907
820 125
820 294
820 360
820 501
820 802
820 901
820 942
820 969
820 974
821 148
821 156
821 157
821 232
821 238
821 594
821 853
821 982
822 270
822 320
822 463
822 577
822 690
822 738
822 741
823 44
823 132
823 373
823 462
823 609
823 671
823 816
823 858
823 892
823 955
823 983
824 85
824 228
824 338
824 339
824 359
824 668
824 674
824 936
825 114
825 123
825 158
825 188
825 815
825 832
825 855
825 918
826 198
826 215
826 283
826 454
826 579
826 595
826 670
826 698
826 814
826 874
826 965
827 11
827 92
827 649
827 838
827 881
828 167
828 204
828 446
828 931
828 982
829 206
829 294
829 440
829 452
829 710
829 808
829 860
830 12
830 22
830 161
830 190
830 229
830 320
830 415
830 449
830 476
830 578
830 744
830 797
830 838
830 877
830 886
830 930
831 11
831 48
831 121
831 510
831 622
831 652
831 761
831 850
832 87
832 256
832 343
832 363
832 471
832 681
832 706
832 819
832 960
833 60
833 226
833 369
833 614
833 874
834 5
834 48
834 78
834 146
834 348
834 454
834 477
834 642
834 701
834 772
834 945
834 948
834 993
835 67
835 194
835 314
835 416
835 753
835 883
835 972
835 997
836 25
836 71
836 123
836 216
836 235
836 361
836 406
836 520
836 638
836 804
836 829
836 980
837 194
837 227
837 263
837 324
837 419
837 446
837 814
837 863
837 876
837 886
838 3
838 10
838 49
838 334
838 522
838 539
838 684
838 781
838 897
839 114
839 233
839 498
839 601
839 749
840 164
840 188
840 265
840 285
840 292
840 414
840 781
841 108
841 114
841 528
841 605
841 705
841 818
841 901
841 954
842 74
842 228
842 239
842 293
842 310
842 384
842 403
842 562
842 598
842 974
843 28
843 130
843 555
843 763
843 844
843 863
843 952
844 38
844 70
844 79
844 270
844 332
844 585
845 75
845 117
845 147
845 236
845 294
845 554
845 924
846 20
846 120
846 142
846 198
846 204
846 317
846 425
846 430
846 442
846 554
846 565
846 714
846 739
846 749
847 78
847 128
847 233
847 297
847 364
847 537
847 655
848 62
848 190
848 227
848 266
848 268
848 289
848 383
848 520
848 533
848 566
848 597
848 655
848 834
848 837
848 873
848 890
848 894
848 950
848 998
849 219
849 227
849 519
849 542
849 569
849 579
849 596
849 704
849 742
849 753
849 769
849 860
850 11
850 299
850 400
850 640
851 50
851 181
851 341
851 351
851 489
851 494
851 509
851 651
851 680
851 856
851 939
852 5
852 264
852 270
852 367
852 448
852 471
852 515
852 550
852 594
852 718
852 776
852 796
852 971
852 974
853 97
853 252
853 672
853 702
854 83
854 113
854 234
854 237
854 290
854 346
854 425
854 495
854 500
854 531
854 617
854 707
854 873
854 881
854 891
854 994
855 28
855 194
855 403
855 460
855 535
856 126
856 135
856 284
856 616
856 643
856 658
856 709
856 814
856 819
856 838
857 212
857 433
857 495
857 512
857 743
858 134
858 149
858 185
858 245
858 301
858 493
858 630
858 716
858 802
859 192
859 274
859 340
859 352
859 579
859 616
859 874
859 944
859 964
859 991
860 113
860 123
860 458
860 525
860 859
861 246
861 346
861 392
861 489
861 518
861 881
861 898
862 194
862 273
862 403
862 417
862 993
863 26
863 59
863 383
863 396
863 652
863 731
863 776
863 957
864 22
864 29
864 51
864 154
864 168
864 185
864 224
864 345
864 454
864 504
864 558
864 721
864 849
864 910
865 60
865 129
865 151
865 313
865 679
865 750
866 82
866 102
866 212
866 274
866 473
866 502
866 586
866 600
866 922
867 67
867 323
867 427
867 482
867 615
867 662
867 769
867 784
868 33
868 157
868 389
868 393
868 403
868 449
868 483
868 566
868 653
868 674
868 860
868 866
868 910
869 59
869 61
869 465
869 551
869 647
869 648
869 680
869 703
869 768
869 786
869 789
869 913
870 98
870 131
870 256
870 578
870 821
870 885
870 969
871 63
871 111
871 204
871 366
871 375
872 44
872 205
872 625
872 745
873 183
873 242
873 245
873 383
873 423
873 518
873 578
873 694
873 778
873 801
874 191
874 332
874 423
874 433
874 586
874 643
874 786
874 817
874 836
874 842
874 888
875 139
875 142
875 157
875 197
875 207
875 378
875 604
875 606
875 635
875 750
875 815
875 858
875 965
876 16
876 39
876 101
876 115
876 268
876 397
876 634
876 668
876 729
876 773
876 843
876 930
877 206
877 307
877 354
877 375
877 626
877 627
877 628
877 636
877 814
877 862
877 905
878 42
878 336
878 348
878 557
878 706
878 714
878 884
878 908
879 57
879 132
879 172
879 280
879 406
879 435
879 449
879 477
879 526
879 585
879 759
879 925
880 499
880 586
880 749
880 829
880 951
881 181
881 237
881 508
881 720
881 807
881 864
882 99
882 110
882 257
882 259
882 430
882 636
882 657
882 674
882 679
882 753
882 778
882 849
882 975
883 113
883 187
883 334
883 450
883 513
883 537
883 743
884 10
884 243
884 341
884 510
884 523
884 539
884 911
885 75
885 123
885 175
885 183
885 660
885 719
885 806
886 117
886 173
886 261
886 434
886 622
886 879
886 885
886 896
887 42
887 129
887 283
887 379
887 484
887 487
887 513
887 618
887 660
887 874
887 914
887 918
887 982
888 109
888 310
888 834
888 925
889 43
889 84
889 92
889 316
889 336
889 372
889 448
889 457
889 640
889 650
889 677
889 710
889 817
889 895
890 68
890 91
890 152
890 242
890 273
890 292
890 395
890 569
890 716
890 916
890 946
891 217
891 280
891 296
891 406
891 612
891 698
891 721
892 12
892 76
892 117
892 238
892 264
892 308
892 408
892 423
892 454
892 564
892 632
892 739
892 835
892 883
892 938
893 46
893 348
893 511
893 558
893 588
893 618
893 660
893 670
893 680
893 685
893 740
893 784
893 845
893 884
894 28
894 94
894 278
894 360
894 845
894 851
894 922
894 961
895 9
895 96
895 316
895 438
895 510
895 645
895 673
895 803
895 977
896 60
896 84
896 91
896 98
896 223
896 411
896 447
896 626
896 650
896 811
896 924
896 991
897 12
897 70
897 371
897 397
897 413
897 622
897 660
897 750
897 855
898 133
898 316
898 411
898 539
898 560
898 630
898 733
898 761
898 854
899 162
899 206
899 207
899 253
899 362
899 366
899 384
899 507
899 627
899 684
899 767
900 62
900 203
900 245
900 273
900 346
900 424
900 645
900 712
900 800
900 853
900 866
900 913
900 970
900 983
901 207
901 574
901 592
901 701
901 728
901 739
901 750
901 785
901 910
901 928
902 53
902 121
902 157
902 324
902 395
902 422
902 427
902 447
902 495
902 682
902 688
902 964
903 69
903 281
903 354
903 362
903 791
903 828
904 127
904 273
904 819
904 883
905 14
905 28
905 32
905 413
905 424
905 596
905 639
905 657
905 745
905 751
905 900
905 931
905 942
906 293
906 418
906 507
906 660
906 729
906 736
906 739
906 751
906 801
906 880
906 912
907 151
907 205
907 260
907 269
907 292
907 487
907 518
907 527
907 532
907 587
907 610
907 641
907 658
907 739
907 794
907 802
907 935
908 101
908 124
908 209
908 326
908 329
908 351
908 370
908 586
908 614
908 762
909 91
909 223
909 313
909 384
909 419
909 614
909 659
909 682
909 760
909 842
909 981
910 154
910 235
910 243
910 328
910 380
910 469
910 471
910 500
910 579
910 807
910 810
911 5
911 160
911 315
911 557
911 704
911 771
911 842
911 861
911 891
912 116
912 217
912 232
912 545
912 671
913 28
913 102
913 118
913 127
913 250
913 268
913 280
913 354
913 668
913 744
914 128
914 211
914 276
914 277
914 774
914 794
914 832
914 871
914 872
914 883
914 997
915 80
915 112
915 291
915 757
915 765
915 814
915 891
915 919
916 24
916 225
916 345
916 405
916 509
916 889
917 44
917 148
917 535
917 619
917 625
917 743
917 782
918 35
918 116
918 136
918 200
918 268
918 350
918 499
918 504
918 556
918 558
918 586
918 673
918 686
918 714
918 820
918 952
919 73
919 182
919 194
919 302
919 622
919 640
919 643
919 671
919 873
919 878
919 995
920 101
920 233
920 300
920 462
920 676
920 728
920 734
920 849
920 889
920 898
920 905
921 28
921 231
921 234
921 256
921 297
921 550
921 671
921 756
921 849
922 107
922 191
922 228
922 294
922 340
922 422
922 429
922 565
922 674
922 777
922 806
922 862
922 983
922 995
922 996
923 38
923 140
923 180
923 232
923 360
923 423
923 436
923 543
923 701
923 723
923 776
924 32
924 313
924 421
924 731
924 922
925 205
925 255
925 416
925 573
925 597
925 805
926 137
926 144
926 153
926 184
926 422
926 481
926 799
926 957
926 973
927 98
927 443
927 760
927 857
927 900
927 929
927 990
927 996
928 45
928 110
928 181
928 297
928 346
928 690
928 813
928 864
928 901
928 944
928 953
928 981
929 9
929 235
929 248
929 276
929 318
929 361
929 501
929 519
929 582
929 643
929 725
929 746
930 108
930 392
930 460
930 667
931 276
931 321
931 658
931 677
931 750
931 800
931 827
932 100
932 208
932 370
932 676
932 679
932 790
933 138
933 157
933 276
933 412
933 458
933 509
933 566
933 584
933 638
933 659
933 678
934 49
934 69
934 101
934 334
934 425
934 485
934 721
934 992
935 24
935 31
935 45
935 106
935 252
935 383
935 395
935 523
936 71
936 298
936 309
936 382
936 411
936 493
936 548
936 607
936 611
936 721
936 728
936 804
936 845
937 136
937 193
937 206
937 375
937 447
937 494
937 603
937 684
937 734
937 947
937 977
938 124
938 138
938 373
938 391
938 429
938 431
938 537
938 676
938 822
938 941
938 990
939 106
939 443
939 469
939 668
939 715
939 833
940 155
940 296
940 401
940 413
940 559
940 653
940 872
940 978
940 980
941 127
941 160
941 213
941 520
941 538
941 854
942 22
942 123
942 245
942 310
942 406
942 566
942 570
942 718
942 723
942 876
942 893
942 920
943 140
943 186
943 211
943 306
943 759
943 795
943 979
944 34
944 172
944 256
944 270
944 307
944 322
944 431
944 668
944 677
944 690
944 947
944 958
945 154
945 295
945 464
945 485
945 523
945 569
945 577
945 715
945 787
946 34
946 297
946 484
946 607
946 873
946 890
946 905
947 0
947 12
947 37
947 75
947 154
947 177
947 213
947 258
947 796
947 804
947 927
947 930
948 106
948 140
948 234
948 450
948 469
948 573
948 731
948 816
948 891
948 909
949 367
949 386
949 447
949 541
949 755
949 787
949 869
950 31
950 136
950 165
950 204
950 421
950 472
950 590
950 689
950 716
950 765
950 785
950 847
950 986
950 988
951 49
951 210
951 447
951 477
951 508
951 573
951 580
951 586
951 709
951 861
952 49
952 165
952 197
952 237
952 350
952 394
952 441
952 567
952 785
952 817
952 846
952 905
953 84
953 142
953 147
953 201
953 215
953 301
953 483
953 573
953 761
953 815
954 29
954 137
954 241
954 459
954 520
954 539
954 723
954 726
954 756
954 907
954 970
955 101
955 128
955 190
955 562
955 854
955 941
955 968
956 58
956 266
956 278
956 565
956 613
956 728
956 844
956 897
956 974
957 164
957 332
957 427
957 437
957 440
957 520
957 579
957 722
957 867
957 905
957 948
958 63
958 254
958 324
958 477
958 666
958 740
958 820
959 71
959 77
959 207
959 225
959 307
959 399
959 613
959 735
959 938
959 961
960 239
960 319
960 325
960 459
960 674
960 787
960 788
960 838
961 112
961 162
961 165
961 225
961 264
961 289
961 354
961 542
961 586
961 632
961 667
961 838
962 109
962 448
962 755
962 870
962 920
963 40
963 109
963 622
963 697
963 814
964 117
964 398
964 411
964 433
964 572
964 615
964 710
964 734
964 873
965 36
965 92
965 326
965 412
965 582
965 633
965 793
965 800
965 833
965 898
965 960
966 176
966 371
966 530
966 556
966 663
966 677
966 726
966 811
966 858
966 867
966 955
967 12
967 64
967 82
967 405
967 428
967 537
967 550
967 794
967 884
967 928
967 948
968 8
968 15
968 69
968 119
968 404
968 648
968 808
968 823
968 833
968 966
968 984
969 87
969 203
969 242
969 313
969 544
969 545
969 574
969 846
969 889
969 918
970 161
970 213
970 214
970 411
970 488
970 534
970 563
970 600
970 620
970 643
970 661
970 662
970 800
970 905
970 996
971 90
971 291
971 366
971 380
971 518
971 553
971 625
971 823
971 846
971 903
971 930
971 961
972 123
972 132
972 252
972 257
972 285
972 350
972 404
972 660
972 756
972 802
972 831
972 910
973 41
973 106
973 235
973 398
973 428
973 430
973 568
973 575
973 670
973 749
973 753
974 45
974 169
974 225
974 329
974 359
974 423
974 505
974 728
974 842
974 882
975 294
975 436
975 777
975 782
975 953
976 26
976 62
976 264
976 343
976 377
976 414
976 549
976 590
976 863
976 887
976 952
977 303
977 347
977 362
977 368
977 422
977 431
977 456
977 479
977 536
977 565
977 595
977 676
977 778
977 966
978 38
978 146
978 171
978 390
978 424
978 469
978 537
978 633
978 657
978 948
978 968
979 239
979 354
979 584
979 733
979 878
979 982
980 375
980 458
980 487
980 493
980 637
980 719
980 894
981 63
981 92
981 103
981 186
981 232
981 317
981 700
981 717
981 737
981 815
981 949
982 90
982 301
982 313
982 416
982 521
982 611
982 901
983 65
983 71
983 79
983 135
983 266
983 299
983 332
983 396
983 451
983 563
983 575
983 759
983 777
983 872
983 998
984 117
984 188
984 312
984 393
984 409
984 626
984 804
985 245
985 417
985 505
985 527
985 533
985 573
985 597
985 727
985 811
985 878
985 932
986 44
986 58
986 277
986 322
986 782
986 818
986 908
986 921
987 41
987 204
987 241
987 315
987 365
987 511
987 571
987 572
987 615
987 616
987 661
987 662
987 781
987 810
988 6
988 154
988 648
988 917
989 165
989 422
990 50
990 290
990 301
990 445
990 558
990 718
990 732
990 774
990 798
990 962
990 982
991 73
991 78
991 124
991 178
991 404
991 955
992 89
992 109
992 184
992 348
992 378
992 415
992 973
993 48
993 146
993 217
993 294
993 406
993 488
993 605
993 681
993 684
993 731
993 783
993 833
993 951
994 115
994 287
994 317
994 346
994 354
994 473
994 635
994 984
995 74
995 76
995 104
995 626
995 962
996 9
996 94
996 128
996 340
996 360
996 388
996 502
996 515
996 758
996 791
996 812
996 935
996 938
996 989
996 999
997 12
997 36
997 39
997 81
997 370
997 412
997 468
997 608
997 777
997 795
997 943
997 973
998 51
998 238
998 464
998 632
998 768
998 773
999 146
999 213
999 219
999 334
999 450
999 480
999 622
999 706
999 819
999 894
