0 156
0 343
0 360
0 450
0 873
1 95
1 128
1 263
1 357
1 436
1 461
1 628
1 712
1 732
1 749
1 880
1 933
2 30
2 90
2 109
2 139
2 167
2 216
2 397
2 653
2 723
2 844
2 869
2 902
2 984
2 996
3 471
3 619
3 680
3 726
3 812
4 12
4 93
4 130
4 215
4 377
4 512
4 835
4 912
4 917
4 940
4 946
5 174
5 183
5 211
5 225
5 272
5 579
5 580
5 686
5 723
5 735
6 69
6 72
6 373
6 392
6 397
6 407
6 528
6 689
6 729
6 751
6 773
6 836
7 76
7 216
7 404
7 502
7 776
8 48
8 330
8 851
9 134
9 197
9 636
10 21
10 42
10 264
10 296
10 297
10 466
10 531
10 559
10 695
10 697
10 735
10 884
11 40
11 96
11 158
11 196
11 220
11 353
11 380
11 399
11 461
11 487
11 939
12 117
12 214
12 479
12 525
12 531
12 552
12 731
12 853
12 856
12 923
12 976
13 566
13 720
13 780
13 801
13 824
13 937
14 134
14 190
14 210
14 283
14 287
14 413
14 455
14 524
14 705
14 769
14 829
14 878
15 54
15 137
15 167
15 186
15 189
15 264
15 308
15 314
15 317
15 374
15 488
15 532
15 540
15 571
15 585
15 594
15 802
15 865
15 930
15 970
16 17
16 58
16 316
16 447
16 526
16 659
16 690
16 860
16 901
16 913
16 941
17 24
17 31
17 71
17 208
17 801
17 835
17 868
18 55
18 149
18 184
18 253
18 364
18 467
18 492
18 498
18 525
18 563
18 728
18 972
19 156
19 252
19 334
19 475
19 514
19 734
19 760
19 796
19 855
19 872
20 131
20 314
20 404
20 425
20 438
20 477
20 619
20 623
20 630
20 840
20 925
20 927
20 959
21 48
21 56
21 66
21 311
21 374
21 462
21 478
21 523
21 553
21 571
21 642
21 711
21 800
21 865
22 5
22 13
22 61
22 215
22 349
22 364
22 642
22 674
22 698
22 716
22 767
22 998
23 93
23 237
23 335
23 435
23 604
23 743
23 893
23 935
23 959
24 74
24 96
24 136
24 264
24 369
24 665
24 836
24 941
25 48
25 87
25 179
25 230
25 312
25 377
25 432
25 542
25 567
25 659
25 740
25 772
26 3
26 261
26 306
26 394
26 494
26 543
26 793
26 833
26 961
27 55
27 250
27 276
27 399
27 552
27 598
27 618
27 620
27 661
27 839
27 886
28 62
28 320
28 457
28 843
28 927
29 57
29 105
29 178
29 595
29 676
29 702
29 945
29 949
29 962
30 185
30 672
30 727
30 740
30 830
30 953
30 982
31 47
31 87
31 335
31 361
31 513
31 521
31 608
31 800
31 837
31 855
31 856
31 992
32 23
32 169
32 180
32 188
32 302
32 441
32 605
32 624
32 681
32 688
32 849
33 4
33 17
33 137
33 389
33 451
33 561
33 589
33 848
33 861
33 959
34 4
34 129
34 224
34 542
34 635
34 708
34 795
34 907
35 37
35 103
35 180
35 412
35 441
35 695
35 736
35 748
36 96
36 102
36 111
36 145
36 198
36 294
36 323
36 326
36 353
36 546
36 563
36 608
36 754
36 973
36 976
37 51
37 244
37 279
37 287
37 354
37 471
37 557
37 566
37 661
37 666
37 702
37 868
37 873
37 963
38 2
38 53
38 89
38 126
38 245
38 502
38 507
38 546
38 653
38 686
38 765
38 810
38 928
39 348
39 563
39 654
39 751
39 832
40 23
40 24
40 72
40 137
40 248
40 381
40 528
40 694
40 778
40 835
40 839
41 104
41 116
41 148
41 176
41 296
41 358
41 522
41 628
41 636
41 943
41 993
42 59
42 138
42 149
42 155
42 318
42 419
42 480
42 522
42 602
42 773
42 981
43 117
43 165
43 196
43 231
43 298
43 594
43 613
43 716
43 740
43 916
44 25
44 36
44 41
44 63
44 194
44 204
44 327
44 490
44 509
44 549
44 709
44 804
45 1
45 53
45 231
45 271
45 330
45 346
45 410
45 535
45 691
45 698
45 700
45 856
45 937
46 35
46 94
46 242
46 259
46 369
46 540
46 667
46 675
47 74
47 138
47 156
47 280
47 364
47 566
47 650
47 832
48 106
48 181
48 197
48 238
48 239
48 487
48 578
48 591
48 607
48 743
48 948
48 995
49 40
49 50
49 116
49 220
49 268
49 500
49 536
49 579
49 590
49 635
49 640
49 676
49 686
49 817
49 833
49 858
49 975
50 129
50 247
50 510
50 694
50 882
51 7
51 24
51 172
51 251
51 621
51 688
51 802
51 933
52 212
52 230
52 314
52 330
52 390
52 476
52 631
52 642
52 933
53 298
53 560
53 588
53 598
53 640
53 648
54 83
54 96
54 180
54 211
54 402
54 497
54 522
54 625
54 784
54 843
54 873
54 914
55 78
55 221
55 316
55 387
55 405
55 668
55 721
55 760
55 812
55 821
55 916
55 928
55 990
56 58
56 73
56 81
56 131
56 242
56 332
56 340
56 627
56 840
56 881
56 934
56 954
56 994
57 340
57 440
57 464
57 498
57 709
57 745
57 804
57 806
57 891
58 224
58 232
58 368
58 381
58 623
58 647
58 881
59 246
59 305
59 617
59 645
59 722
59 729
59 755
59 802
59 852
59 867
59 871
59 910
59 950
60 270
60 282
60 329
60 349
60 440
60 581
60 665
60 747
60 785
60 906
60 924
60 951
60 976
60 997
61 13
61 96
61 241
61 435
61 561
61 562
61 898
62 210
62 217
62 229
62 234
62 330
62 384
62 475
62 484
62 559
62 854
62 961
62 998
63 58
63 112
63 120
63 151
63 220
63 251
63 344
63 502
63 519
63 521
63 544
63 733
63 805
63 821
64 15
64 52
64 149
64 266
64 300
64 507
64 584
64 767
64 778
64 858
64 874
64 909
64 966
64 996
65 32
65 236
65 285
65 302
65 317
65 394
65 445
65 492
65 531
65 536
65 688
65 712
65 753
65 768
65 857
65 945
66 5
66 14
66 89
66 143
66 250
66 258
66 460
66 527
66 539
66 858
66 975
67 91
67 117
67 150
67 164
67 414
67 435
67 449
67 457
67 671
67 718
67 921
68 177
68 183
68 298
68 393
68 560
68 621
68 679
68 703
68 725
68 857
68 921
68 922
68 942
69 17
69 24
69 101
69 136
69 150
69 212
69 285
69 351
69 563
69 639
69 792
69 838
69 864
69 937
70 22
70 59
70 80
70 292
70 316
70 350
70 398
70 412
70 483
70 548
70 605
70 657
70 663
70 856
71 63
71 64
71 140
71 287
71 338
71 799
71 812
71 912
71 949
72 7
72 151
72 189
72 236
72 309
72 325
72 335
72 337
72 548
72 775
72 907
72 988
73 301
73 307
73 468
73 571
73 756
73 809
73 818
73 971
74 139
74 485
74 501
74 520
74 571
74 585
74 594
74 782
75 8
75 215
75 324
75 640
75 828
75 851
76 387
76 425
76 546
76 656
76 707
76 844
76 886
77 179
77 370
77 395
77 577
77 860
77 906
78 164
78 228
78 250
78 321
78 367
78 422
78 532
78 537
78 644
78 681
78 719
78 748
78 801
78 956
78 962
79 68
79 714
80 131
80 612
80 716
80 739
81 62
81 135
81 209
81 217
81 556
81 888
82 43
82 156
82 266
82 357
82 444
82 480
82 669
82 794
82 882
82 923
82 984
82 987
83 48
83 201
83 229
83 241
83 413
83 560
83 579
83 605
83 644
83 664
83 697
83 717
83 763
83 837
83 897
83 932
83 937
83 959
84 527
84 752
84 843
85 54
85 113
85 308
85 330
85 411
85 702
85 717
85 720
85 918
86 96
86 188
86 205
86 304
86 921
86 962
86 995
87 32
87 86
87 102
87 158
87 159
87 165
87 233
87 243
87 273
87 289
87 303
87 474
87 555
87 709
87 909
88 244
88 434
88 570
88 596
88 633
88 733
88 949
88 997
89 28
89 156
89 163
89 174
89 187
89 700
89 758
89 794
89 854
89 875
89 967
90 60
90 69
90 78
90 79
90 216
90 265
90 273
90 282
90 465
90 604
90 640
90 675
91 21
91 43
91 125
91 223
91 513
91 569
91 644
91 725
91 881
91 889
92 30
92 63
92 220
92 338
92 493
92 557
92 636
92 647
92 736
92 762
92 799
92 954
92 978
93 14
93 45
93 147
93 565
93 607
93 624
93 633
93 754
93 939
94 151
94 220
94 441
94 564
94 751
94 910
94 935
94 939
94 981
94 986
94 996
95 227
95 360
95 421
95 487
95 495
95 512
95 687
95 689
95 710
95 716
95 767
95 823
96 84
96 220
96 288
96 547
96 585
96 670
96 865
96 941
97 317
97 356
97 383
97 448
97 596
97 601
97 693
97 705
97 773
97 813
97 819
97 830
97 851
97 857
98 130
98 143
98 184
98 313
98 334
98 483
98 890
98 995
99 192
99 239
99 324
99 468
99 508
99 790
99 839
100 177
100 324
100 543
100 623
100 626
100 808
100 813
101 107
101 115
101 208
101 340
101 387
101 595
101 711
102 300
102 423
102 484
102 493
102 676
102 696
102 744
103 13
103 128
103 193
103 452
103 533
103 582
103 909
103 995
104 237
104 545
104 611
104 797
104 840
104 890
104 914
104 969
105 41
105 54
105 94
105 268
105 388
105 638
106 93
106 132
106 152
106 207
106 266
106 297
106 325
106 512
106 654
106 764
106 927
106 939
107 211
107 281
107 318
107 503
107 511
107 630
107 648
107 858
107 920
107 947
107 957
107 975
108 20
108 258
108 326
108 664
108 715
108 867
108 889
108 890
108 891
109 294
109 561
109 596
109 632
109 828
109 990
110 70
110 465
110 482
110 614
110 806
111 28
111 60
111 110
111 346
111 382
111 493
111 572
111 604
111 605
111 684
111 895
111 963
112 41
112 387
112 404
112 536
112 636
112 637
112 640
112 661
112 680
112 883
112 942
113 13
113 84
113 177
113 660
113 801
113 835
113 853
114 8
114 55
114 177
114 416
114 529
114 605
114 618
114 692
114 952
114 984
115 70
115 268
115 438
115 513
115 620
115 716
115 767
115 770
116 100
116 120
116 176
116 209
116 213
116 275
116 441
116 675
116 741
116 823
116 939
117 96
117 163
117 277
117 337
117 376
117 443
117 532
117 575
117 595
117 628
117 767
117 866
117 923
118 5
118 38
118 107
118 218
118 265
118 476
118 865
119 158
119 172
119 223
119 241
119 468
119 694
119 697
119 720
119 982
120 206
120 277
120 380
120 695
121 14
121 176
121 224
121 290
121 296
121 367
121 419
121 438
121 507
121 574
121 633
121 809
122 129
122 134
122 192
122 198
122 297
122 415
122 632
122 779
122 821
122 837
122 882
122 988
123 28
123 29
123 142
123 341
123 368
123 399
123 418
123 420
123 468
123 554
123 571
123 758
123 823
123 931
124 49
124 94
124 166
124 183
124 195
124 227
124 297
124 404
124 446
124 571
124 583
124 621
124 819
125 313
125 488
125 808
125 917
125 920
126 188
126 223
126 226
126 251
126 324
126 399
126 523
126 534
126 555
126 557
126 561
126 822
126 993
127 116
127 181
127 198
127 216
127 376
127 384
127 596
127 626
127 666
127 703
127 780
127 784
127 872
127 875
127 919
127 920
127 976
127 977
128 425
128 428
128 447
128 793
128 883
128 930
129 74
129 556
129 576
129 796
129 856
129 872
129 916
129 941
129 951
129 977
130 46
130 69
130 71
130 243
130 277
130 454
130 482
130 520
130 530
130 576
130 601
130 799
130 808
130 819
130 865
130 925
131 20
131 268
131 356
131 366
131 410
131 609
131 670
131 830
131 965
132 15
132 22
132 97
132 99
132 270
132 340
132 347
132 603
132 920
132 935
133 156
133 169
133 209
133 215
133 271
133 494
133 623
133 653
133 689
133 831
133 930
133 977
134 72
134 250
134 371
134 416
134 612
134 679
134 825
134 857
134 926
134 987
135 155
135 730
135 774
135 879
135 892
135 965
136 37
136 46
136 77
136 128
136 235
136 259
136 261
136 324
136 345
136 685
137 113
137 227
137 456
137 479
137 526
137 534
137 643
137 753
137 770
138 185
138 361
138 391
138 393
138 452
138 618
138 657
138 665
138 866
138 947
138 948
138 971
139 276
139 320
139 338
139 349
139 423
139 536
139 600
139 606
139 636
139 703
139 744
139 771
139 865
139 881
139 994
140 74
140 244
140 367
140 404
140 490
140 526
140 729
140 750
140 868
140 954
140 975
141 90
141 353
141 370
141 561
141 572
141 613
141 729
141 926
142 20
142 82
142 90
142 200
142 208
142 232
142 326
142 432
142 471
142 555
142 784
143 60
143 105
143 217
143 438
143 547
143 560
143 569
143 774
143 846
143 880
143 992
144 5
144 70
144 177
144 240
144 331
144 363
144 979
145 90
145 181
145 421
145 467
145 638
145 644
145 688
145 937
146 43
146 175
146 200
146 461
146 464
146 488
146 539
146 570
146 805
146 850
146 910
146 989
147 54
147 124
147 163
147 222
147 329
147 372
147 421
147 501
147 528
147 549
147 682
147 703
147 780
147 803
147 923
147 932
147 935
148 10
148 37
148 114
148 367
148 541
148 613
148 762
148 921
148 957
149 36
149 37
149 182
149 441
149 461
149 526
149 620
149 703
149 792
149 838
149 940
150 73
150 96
150 122
150 308
150 317
150 349
150 426
150 516
150 567
150 691
150 772
150 907
151 56
151 128
151 129
151 174
151 265
151 361
151 402
151 492
151 681
151 735
151 910
151 911
151 954
152 211
152 238
152 334
152 367
152 397
152 714
152 805
152 844
153 116
153 503
153 548
153 563
153 696
153 890
154 213
154 217
154 286
154 431
154 728
154 810
154 819
155 5
155 667
155 844
155 871
155 968
156 33
156 185
156 286
156 304
156 545
156 583
156 976
157 246
157 742
157 827
158 113
158 168
158 254
158 309
158 398
158 543
158 577
158 579
158 623
158 696
158 707
158 811
158 988
159 517
159 716
159 775
159 848
159 977
160 47
160 80
160 145
160 283
160 351
160 472
160 559
160 710
160 915
160 970
161 20
161 74
161 218
161 249
161 280
161 418
161 546
161 709
161 730
161 778
161 791
161 831
161 943
161 945
161 951
162 49
162 105
162 138
162 246
162 285
162 400
162 406
162 473
162 504
162 557
162 628
162 637
162 752
162 943
162 966
163 104
163 146
163 231
163 305
163 509
163 601
163 602
163 642
163 674
163 710
163 930
163 931
163 939
164 13
164 49
164 280
164 284
164 318
164 422
164 524
164 685
164 919
165 40
165 262
165 451
165 769
166 79
166 172
166 191
166 269
166 366
166 372
167 27
167 117
167 160
167 162
167 181
167 383
167 400
167 497
167 515
167 607
167 896
167 949
167 965
168 117
168 242
168 257
168 362
168 513
168 590
168 627
168 667
168 679
168 856
169 180
169 188
169 206
169 224
169 315
169 397
169 933
170 122
170 134
170 143
170 383
170 458
170 607
170 725
170 819
170 895
171 150
171 208
171 212
171 263
171 441
171 488
171 508
171 579
171 594
171 977
172 256
172 315
172 322
172 415
172 558
172 825
172 870
172 962
173 86
173 224
173 245
173 270
173 319
173 492
173 517
173 540
173 635
173 647
173 692
173 711
173 989
174 0
174 62
174 410
174 763
174 839
174 880
174 931
174 944
174 980
175 44
175 179
175 246
175 288
175 307
175 387
175 669
175 772
175 867
175 914
176 84
176 236
176 303
176 309
176 327
176 363
176 398
176 558
176 616
176 899
176 983
177 385
177 449
177 572
177 695
177 737
177 780
177 859
177 995
178 241
178 312
178 335
178 371
178 436
178 612
178 801
178 928
179 201
179 234
179 311
179 317
179 331
179 481
179 522
179 687
179 698
179 918
180 72
180 122
180 149
180 278
180 357
180 364
180 369
180 400
180 440
180 471
180 544
180 586
180 763
180 889
181 77
181 109
181 164
181 242
181 336
181 366
181 536
181 657
181 670
181 699
181 714
181 846
181 858
181 867
181 939
182 365
182 379
182 454
182 555
182 632
182 664
182 760
182 999
183 8
183 35
183 128
183 204
183 289
183 348
183 415
183 420
183 497
183 500
183 777
184 15
184 190
184 253
184 427
184 464
184 690
184 702
184 820
185 12
185 37
185 406
185 480
185 545
185 588
185 702
185 787
185 791
185 829
186 144
186 190
186 316
186 355
186 529
186 659
186 740
186 833
186 864
186 967
187 51
187 119
187 192
187 198
187 346
187 384
187 433
187 456
187 473
187 702
187 760
187 857
187 931
187 946
188 64
188 71
188 223
188 344
188 480
188 497
188 553
188 919
189 37
189 69
189 147
189 263
189 307
189 522
189 742
189 763
189 888
189 933
190 92
190 98
190 121
190 267
190 409
190 413
190 502
190 691
190 949
191 310
191 382
191 454
191 518
191 580
191 721
191 925
191 999
192 286
192 351
192 410
192 441
192 580
192 639
192 641
192 697
192 711
192 787
192 963
193 71
193 93
193 150
193 309
193 360
193 524
193 561
193 655
193 657
193 658
193 668
193 712
193 773
193 855
193 860
193 993
194 151
194 208
194 209
194 324
194 371
194 396
194 464
194 673
194 699
194 719
194 744
194 775
194 792
194 951
195 26
195 130
195 190
195 382
195 538
195 568
195 587
195 741
195 784
195 950
195 984
196 212
196 214
196 263
196 337
196 366
196 394
196 456
196 475
196 493
196 602
196 771
196 870
197 90
197 125
197 377
197 522
197 636
197 664
197 691
197 772
197 775
197 805
197 895
197 931
198 397
198 490
198 536
198 542
198 550
198 564
198 734
198 774
198 864
198 932
199 72
199 114
199 411
199 582
199 752
199 846
199 913
200 79
200 103
200 218
200 228
200 350
200 525
200 592
200 929
200 994
201 109
201 278
201 544
201 749
201 781
201 787
201 887
201 941
201 959
202 35
202 40
202 58
202 570
202 659
202 758
202 776
202 819
202 883
203 0
203 28
203 130
203 133
203 168
203 221
203 309
203 383
203 570
203 698
203 702
203 821
203 863
203 891
203 933
204 22
204 32
204 81
204 85
204 174
204 243
204 285
204 416
204 439
204 507
204 644
204 819
204 853
205 6
205 121
205 244
205 249
205 254
205 342
205 384
205 595
205 705
205 791
205 859
205 882
205 959
205 968
206 73
206 376
206 555
206 575
206 638
206 820
206 858
207 11
207 285
207 478
207 861
207 909
207 969
207 992
208 213
208 317
208 647
208 755
208 826
208 834
208 854
208 927
209 81
209 335
209 413
209 420
209 701
209 773
209 828
209 884
209 893
209 947
210 255
210 298
210 613
210 728
210 853
210 897
210 980
210 993
211 19
211 21
211 88
211 374
211 491
211 546
211 695
211 798
211 982
212 207
212 332
212 410
212 431
212 530
212 621
212 849
213 25
213 73
213 106
213 178
213 234
213 339
213 486
213 575
213 600
213 789
213 830
213 966
214 29
214 148
214 203
214 365
214 368
214 489
214 500
214 587
214 588
214 790
214 855
215 3
215 119
215 154
215 173
215 299
215 337
215 389
215 620
215 643
215 669
215 675
215 741
215 770
215 807
215 837
215 907
216 11
216 63
216 225
216 227
216 273
216 536
216 566
216 618
216 676
216 731
216 807
216 941
216 948
216 968
217 1
217 70
217 92
217 118
217 255
217 310
217 325
217 742
217 801
217 807
218 61
218 229
218 405
218 414
218 434
218 470
218 570
218 639
218 713
218 821
218 844
218 903
218 971
219 171
219 829
219 942
219 969
219 999
220 134
220 167
220 232
220 326
220 431
220 551
220 574
220 747
220 776
220 810
221 196
221 208
221 247
221 289
221 473
221 582
221 697
221 709
221 913
221 952
222 14
222 47
222 56
222 75
222 304
222 326
222 695
222 708
222 710
222 820
223 27
223 181
223 377
223 578
223 668
223 692
223 729
223 838
223 919
223 936
223 940
223 968
223 999
224 24
224 64
224 101
224 106
224 208
224 254
224 287
224 323
224 361
224 369
224 591
224 712
224 746
224 759
224 808
224 871
224 890
225 74
225 113
225 123
225 281
225 403
225 426
225 493
225 511
225 560
225 566
225 640
225 663
225 959
225 993
226 117
226 167
226 251
226 316
226 525
226 578
226 607
226 651
226 678
226 715
226 844
226 981
227 359
227 469
227 605
227 713
227 752
227 831
228 1
228 210
228 388
228 420
228 474
228 548
228 591
228 600
228 634
228 671
228 714
228 890
228 961
228 966
228 977
228 979
229 52
229 70
229 133
229 248
229 329
229 376
229 562
229 650
229 712
229 750
229 866
230 30
230 138
230 152
230 182
230 334
230 424
230 821
230 893
231 61
231 94
231 283
231 433
231 560
231 648
231 681
231 787
231 891
231 930
232 108
232 134
232 228
232 249
232 445
232 450
232 541
232 563
232 670
232 733
232 932
233 155
233 232
233 442
233 503
233 729
233 740
233 823
234 215
234 607
234 663
234 717
234 729
234 840
234 924
235 17
235 95
235 121
235 202
235 265
235 316
235 357
235 370
235 379
235 394
235 497
235 542
235 629
235 752
235 853
235 856
235 929
235 930
236 7
236 45
236 57
236 228
236 240
236 290
236 317
236 330
236 435
236 465
236 733
236 803
236 947
237 52
237 203
237 266
237 546
237 554
237 592
237 687
237 738
237 817
237 847
237 889
238 2
238 73
238 131
238 211
238 216
238 237
238 378
238 392
238 452
238 741
238 916
239 6
239 58
239 518
239 822
239 849
239 925
239 964
240 216
240 217
240 272
240 689
240 713
240 998
241 3
241 7
241 78
241 184
241 319
241 553
241 593
241 609
241 620
241 636
241 705
241 846
241 914
242 24
242 208
242 455
242 517
242 552
242 796
243 10
243 20
243 23
243 112
243 230
243 259
243 314
243 739
243 911
243 923
243 991
244 152
244 196
244 259
244 328
244 379
244 470
244 499
244 604
244 713
244 797
244 867
244 957
245 15
245 31
245 72
245 107
245 239
245 241
245 354
245 369
245 481
245 512
245 534
245 608
245 688
245 766
246 13
246 42
246 44
246 312
246 390
246 396
246 498
246 716
246 758
247 230
247 305
247 476
247 788
247 811
247 920
248 191
248 220
248 226
248 285
248 335
248 496
248 524
248 535
248 573
248 658
248 853
248 941
248 986
249 50
249 187
249 235
249 389
249 515
249 564
249 582
249 588
249 639
249 661
249 799
249 811
249 822
249 912
249 994
249 995
250 95
250 183
250 197
250 226
250 558
250 673
250 716
250 897
251 444
251 540
251 732
251 817
251 863
251 971
252 14
252 21
252 163
252 173
252 195
252 196
252 426
252 560
252 698
252 701
252 782
252 926
253 15
253 74
253 103
253 136
253 141
253 380
253 486
253 536
253 587
253 675
254 140
254 185
254 280
254 727
254 907
254 915
255 30
255 97
255 130
255 328
255 695
255 755
255 809
255 820
255 913
256 53
256 77
256 79
256 97
256 478
256 677
256 755
256 773
256 882
256 884
256 893
257 127
257 214
257 318
257 326
257 426
257 471
257 820
258 56
258 136
258 180
258 217
258 262
258 427
258 569
258 613
258 667
258 683
258 686
258 971
259 44
259 248
259 325
259 353
259 363
259 396
259 416
259 572
259 613
259 627
259 739
259 753
259 762
259 764
259 851
259 909
259 912
259 916
260 52
260 116
260 186
260 213
260 305
260 308
260 744
260 846
260 849
260 856
260 863
261 194
261 338
261 341
261 482
261 578
261 588
261 599
261 616
261 894
262 30
262 32
262 78
262 86
262 152
262 227
262 303
262 399
262 437
262 442
262 463
262 601
262 702
262 812
262 958
263 28
263 93
263 260
263 294
263 575
263 645
263 666
263 682
263 761
263 913
263 943
264 74
264 126
264 130
264 144
264 334
264 353
264 385
264 456
264 524
264 576
264 744
264 763
265 242
265 338
265 471
265 475
265 575
265 593
265 613
265 724
266 121
266 164
266 290
266 337
266 397
266 488
266 533
266 583
266 670
266 678
266 680
266 707
266 808
266 838
266 914
266 931
267 2
267 37
267 270
267 348
267 363
267 524
267 548
267 625
267 657
267 863
267 875
267 917
268 312
268 448
268 661
268 699
268 871
268 881
268 983
269 14
269 187
269 296
269 382
269 402
269 408
269 419
269 439
269 527
269 547
269 716
269 793
270 298
270 311
270 648
270 674
270 730
270 794
271 216
271 240
271 368
271 374
271 546
271 551
271 703
271 968
272 44
272 64
272 422
272 428
272 456
272 496
272 498
272 566
272 683
272 870
273 298
273 367
273 373
273 573
273 633
273 846
273 972
273 987
274 97
274 263
274 284
274 292
274 305
274 449
274 540
274 675
274 916
275 94
275 106
275 143
275 336
275 411
275 897
276 67
276 266
276 375
276 571
276 646
276 735
276 848
276 874
276 901
277 203
277 522
277 768
277 793
277 877
278 64
278 140
278 331
278 478
278 785
278 917
278 979
279 23
279 290
279 418
279 486
279 847
279 940
280 115
280 158
280 191
280 227
280 235
280 264
280 276
280 351
280 505
280 513
280 551
280 821
280 932
281 25
281 42
281 263
281 286
281 445
281 606
281 639
282 278
282 346
282 411
282 552
282 734
282 872
282 917
282 921
282 954
283 23
283 203
283 365
283 380
283 569
283 618
283 831
284 153
284 179
284 374
284 469
284 640
284 840
284 919
285 0
285 20
285 37
285 129
285 296
285 479
285 793
285 942
285 981
286 189
286 202
286 230
286 319
286 327
286 409
286 582
286 641
286 812
286 874
287 56
287 97
287 363
287 663
287 827
287 837
288 84
288 241
288 255
288 260
288 280
288 287
288 306
288 416
288 433
288 476
288 628
288 783
288 818
288 848
288 903
288 954
289 66
289 107
289 478
289 619
289 801
289 839
289 899
289 964
290 0
290 106
290 123
290 124
290 325
290 361
290 418
290 452
290 465
290 500
290 506
290 512
290 550
290 555
290 636
290 702
290 753
290 831
290 931
290 958
290 967
291 103
291 254
291 269
291 318
291 458
291 712
291 831
291 913
291 974
292 76
292 117
292 123
292 173
292 242
292 282
292 289
292 481
292 540
292 605
292 685
292 971
293 113
293 190
293 206
293 284
293 343
293 370
293 513
293 584
293 794
293 911
293 991
294 68
294 134
294 162
294 194
294 248
294 397
294 481
294 554
294 653
294 659
295 179
295 307
295 363
295 376
295 390
295 405
295 439
295 622
295 828
295 892
295 906
296 31
296 300
296 355
296 444
296 447
296 491
296 704
296 713
297 61
297 134
297 154
297 279
297 287
297 574
297 605
297 628
297 757
297 761
297 832
297 888
297 905
297 952
298 29
298 132
298 273
298 323
298 429
298 447
298 451
298 902
298 952
299 222
299 293
299 366
299 385
299 425
299 539
299 573
299 714
299 748
299 829
300 107
300 193
300 239
300 395
300 485
300 540
300 701
300 806
300 909
301 10
301 34
301 72
301 294
301 393
301 407
301 448
301 494
301 570
301 806
301 881
302 105
302 114
302 192
302 330
302 378
302 383
302 589
302 758
302 770
302 789
302 883
302 894
302 927
303 46
303 61
303 432
303 522
303 569
303 585
303 624
303 929
304 117
304 146
304 167
304 361
304 394
304 541
304 563
304 612
304 683
304 770
304 851
304 931
304 949
305 202
305 368
305 498
305 604
305 660
305 677
305 724
306 68
306 116
306 126
306 187
306 361
306 487
306 538
306 583
306 628
306 683
306 688
306 776
307 26
307 31
307 79
307 197
307 203
307 574
307 608
307 619
307 635
307 678
307 812
307 846
307 902
308 36
308 37
308 118
308 237
308 347
308 474
308 622
308 967
309 93
309 201
309 681
309 739
309 793
309 844
310 85
310 183
310 226
310 271
310 627
310 724
310 742
310 767
310 859
310 926
311 50
311 499
311 504
311 539
311 564
311 567
311 652
311 702
311 733
311 849
311 886
311 923
311 943
312 101
312 120
312 129
312 148
312 155
312 351
312 363
312 465
312 637
312 768
312 797
312 841
312 941
313 38
313 122
313 159
313 257
313 263
313 380
313 456
313 538
313 875
313 937
314 284
314 296
314 384
314 386
314 466
314 481
314 526
314 652
314 693
314 819
314 985
315 122
315 255
315 318
315 330
315 387
315 406
315 426
315 502
315 517
315 632
315 704
315 729
316 59
316 119
316 289
316 312
316 404
316 444
316 553
316 853
317 105
317 215
317 236
317 266
317 308
317 352
317 510
317 547
317 594
317 689
317 709
317 745
317 891
318 179
318 207
318 421
318 967
319 125
319 189
319 194
319 330
319 355
319 426
319 543
319 598
319 717
319 816
320 52
320 137
320 302
320 325
320 387
320 440
320 545
320 704
320 721
320 886
321 0
321 388
321 515
321 546
321 657
321 863
321 871
321 887
321 977
322 16
322 50
322 173
322 185
322 188
322 264
322 458
322 499
322 658
322 809
322 897
322 998
323 7
323 427
323 463
323 606
323 681
323 889
323 959
324 19
324 59
324 200
324 230
324 248
324 319
324 325
324 486
324 501
324 634
324 882
324 905
324 973
325 80
325 128
325 392
325 410
325 482
325 515
325 630
325 647
325 686
325 800
326 373
326 607
326 851
326 891
326 929
326 957
327 17
327 119
327 157
327 389
327 924
328 0
328 178
328 323
328 342
328 408
328 432
328 495
328 543
328 587
328 745
328 841
328 898
328 977
329 68
329 281
329 602
329 681
329 846
329 958
330 43
330 97
330 276
330 314
330 460
330 480
330 617
330 642
330 798
330 998
331 52
331 127
331 211
331 461
331 705
331 742
331 792
331 844
331 886
331 962
332 42
332 61
332 208
332 261
332 395
332 651
332 699
332 790
332 840
332 922
332 962
333 196
333 449
333 681
333 761
333 805
333 811
334 120
334 255
334 280
334 389
334 393
334 514
334 631
334 716
334 819
334 964
335 25
335 28
335 232
335 310
335 816
335 855
335 894
336 149
336 184
336 281
336 289
336 351
336 442
336 606
336 634
337 2
337 224
337 296
337 346
337 423
337 836
337 897
338 5
338 27
338 106
338 131
338 136
338 238
338 309
338 389
338 476
338 514
338 545
338 554
338 597
338 627
338 647
338 672
338 703
338 804
338 837
339 152
339 313
339 352
339 476
339 575
339 589
339 683
339 832
340 60
340 159
340 279
340 395
340 417
340 419
340 440
340 484
340 531
340 533
340 538
340 544
340 575
340 599
340 648
340 664
340 871
340 976
341 58
341 79
341 111
341 142
341 476
341 709
341 730
341 870
341 929
341 992
342 37
342 192
342 249
342 362
342 386
342 438
342 478
342 555
342 743
343 49
343 93
343 100
343 187
343 249
343 389
343 486
343 600
343 694
343 796
343 807
343 971
343 987
344 45
344 86
344 188
344 262
344 362
344 578
344 583
344 751
344 911
345 278
345 329
345 353
345 374
345 760
346 117
346 266
346 310
346 326
346 475
346 563
346 670
346 800
346 864
347 248
347 344
347 351
347 442
347 477
347 699
348 76
348 83
348 154
348 164
348 171
348 285
348 303
348 439
348 615
348 764
348 922
348 968
349 16
349 86
349 164
349 324
349 634
349 790
349 825
349 949
349 986
350 4
350 102
350 234
350 555
350 590
350 619
350 676
350 775
350 837
350 876
350 937
350 999
351 226
351 283
351 485
351 530
351 555
351 761
351 941
351 977
352 27
352 154
352 182
352 265
352 365
352 413
352 469
352 586
352 611
352 726
352 806
353 243
353 525
353 614
353 656
353 665
353 697
353 736
353 783
353 934
353 966
354 28
354 177
354 181
354 236
354 252
354 288
354 293
354 399
354 470
354 626
354 766
354 819
355 10
355 275
355 377
355 494
355 507
355 533
355 651
355 871
355 920
355 955
356 87
356 105
356 128
356 305
356 623
356 698
356 774
356 783
356 878
356 956
356 974
357 1
357 112
357 224
357 232
357 417
357 619
357 624
357 700
357 738
357 907
358 79
358 169
358 183
358 244
358 289
358 375
358 606
358 629
358 970
358 983
359 135
359 149
359 283
359 369
359 375
359 490
359 507
359 640
359 665
359 854
359 938
360 29
360 197
360 239
360 298
360 338
360 463
360 507
360 801
360 976
360 982
361 110
361 349
361 405
361 479
361 502
361 535
361 632
361 837
361 904
362 55
362 174
362 233
362 259
362 341
362 378
362 385
362 489
362 573
362 759
362 833
362 915
362 975
363 15
363 50
363 178
363 210
363 361
363 371
363 441
363 567
363 573
363 787
363 945
363 983
363 989
364 56
364 163
364 179
364 313
364 358
364 392
364 504
364 546
364 578
364 589
364 654
364 794
364 941
365 127
365 141
365 191
365 213
365 259
365 326
365 438
365 508
365 567
365 631
365 853
365 902
365 955
365 999
366 62
366 302
366 473
366 635
366 679
366 819
366 897
367 7
367 37
367 156
367 188
367 278
367 410
367 417
367 486
367 504
367 530
367 544
367 574
367 843
367 925
367 969
368 8
368 134
368 485
368 554
368 602
368 654
368 659
368 968
369 25
369 100
369 129
369 152
369 214
369 418
369 444
369 507
369 526
369 552
369 580
369 724
370 101
370 178
370 221
370 229
370 281
370 347
370 509
370 544
370 698
370 735
370 819
371 16
371 97
371 179
371 329
371 341
371 509
371 602
371 891
371 994
372 340
372 349
372 508
372 650
372 681
372 710
372 733
372 811
372 843
372 868
373 2
373 17
373 90
373 156
373 170
373 198
373 221
373 475
373 501
373 510
373 644
373 707
373 768
373 933
373 956
374 30
374 190
374 215
374 290
374 326
374 339
374 436
374 540
374 632
374 830
374 837
375 239
375 283
375 348
375 552
375 581
375 619
375 759
375 809
375 843
375 899
375 990
376 33
376 412
376 457
376 481
376 499
376 768
376 784
376 865
376 890
376 926
377 36
377 58
377 338
377 341
377 555
377 561
377 606
377 701
377 749
377 895
378 102
378 331
378 370
378 414
378 444
378 510
378 643
378 805
378 879
379 85
379 88
379 199
379 251
379 359
379 466
379 602
379 701
379 806
379 825
379 937
380 115
380 253
380 334
380 722
380 810
380 950
380 993
381 13
381 14
381 18
381 31
381 144
381 239
381 249
381 292
381 320
381 340
381 518
381 548
381 672
381 783
381 809
381 902
381 996
382 124
382 395
382 548
382 580
382 646
382 712
382 802
382 840
382 881
382 939
383 92
383 226
383 259
383 304
383 333
383 437
383 460
383 469
383 486
383 534
383 665
383 797
383 978
384 72
384 378
384 401
384 420
384 495
384 514
384 587
384 635
384 768
384 853
384 984
385 176
385 267
385 510
385 625
385 642
385 717
385 746
385 761
385 762
385 924
385 935
386 253
386 451
386 694
386 702
386 773
386 930
387 31
387 32
387 38
387 61
387 158
387 366
387 534
387 653
387 889
388 232
388 272
388 370
388 412
388 563
388 752
388 785
388 965
389 186
389 285
389 292
389 427
389 494
389 541
389 693
389 710
389 790
389 820
389 955
389 980
390 96
390 137
390 156
390 171
390 178
390 427
390 429
390 842
390 873
390 903
391 190
391 296
391 299
391 550
391 840
391 871
391 928
391 970
392 164
392 167
392 321
392 407
392 646
392 715
392 878
392 903
392 929
392 970
393 37
393 61
393 184
393 298
393 391
393 432
393 498
393 544
393 656
393 743
393 874
393 877
394 108
394 198
394 216
394 231
394 405
394 491
394 695
394 706
394 790
394 929
395 339
395 372
395 466
395 566
395 708
395 801
395 982
396 1
396 22
396 54
396 137
396 453
396 485
396 497
396 696
396 700
396 877
397 5
397 255
397 347
397 532
397 634
397 755
397 903
398 128
398 333
398 446
398 627
398 629
398 821
398 980
399 144
399 175
399 306
399 451
399 497
399 700
399 908
400 123
400 139
400 148
400 551
400 670
400 757
400 952
401 90
401 195
401 201
401 268
401 340
401 397
401 406
401 576
401 605
401 747
401 855
401 861
401 867
402 366
402 439
402 651
402 677
402 771
402 933
403 62
403 227
403 259
403 274
403 336
403 343
403 418
403 461
403 501
403 528
403 534
403 546
403 751
403 874
403 929
404 38
404 183
404 201
404 825
404 882
404 917
405 18
405 52
405 429
405 451
405 460
405 646
405 668
406 109
406 114
406 535
406 682
406 724
406 803
406 902
406 913
406 972
407 14
407 116
407 282
407 427
407 513
407 764
407 831
407 918
407 922
407 987
408 10
408 35
408 165
408 280
408 361
408 385
408 536
408 555
408 579
408 601
408 956
409 15
409 302
409 344
409 434
409 505
409 559
409 671
409 674
409 696
409 849
409 914
410 41
410 51
410 169
410 277
410 288
410 300
410 394
410 421
410 544
410 869
410 901
411 269
411 353
411 463
411 485
411 621
411 644
411 664
411 826
411 841
411 969
412 55
412 190
412 424
412 508
412 623
412 632
412 696
412 943
413 232
413 382
413 515
413 571
413 743
413 783
413 929
413 949
413 973
413 978
414 270
414 404
414 417
414 433
414 584
414 685
414 757
415 25
415 120
415 191
415 192
415 205
415 356
415 394
415 426
415 472
415 699
415 762
415 770
415 914
416 112
416 284
416 290
416 389
416 424
416 558
416 594
416 600
416 689
416 703
416 792
416 844
417 167
417 376
417 798
417 994
418 14
418 20
418 74
418 88
418 133
418 246
418 441
418 726
418 756
418 988
419 57
419 309
419 515
419 556
419 613
419 645
419 681
419 691
419 752
419 801
419 825
419 847
420 208
420 353
420 533
420 535
420 596
420 750
421 83
421 100
421 124
421 153
421 217
421 401
421 425
421 430
421 601
421 649
421 947
422 105
422 146
422 310
422 316
422 442
422 454
422 475
422 587
422 858
422 932
422 949
423 65
423 169
423 265
423 330
423 366
423 434
423 496
423 545
423 666
423 786
423 808
423 872
423 991
424 227
424 265
424 303
424 321
424 328
424 460
424 669
424 676
424 813
424 941
424 945
425 64
425 338
425 395
425 596
425 673
425 724
425 738
425 812
425 838
425 881
425 910
425 940
426 107
426 109
426 331
426 348
426 469
426 633
426 689
426 746
426 790
426 892
426 925
427 23
427 111
427 248
427 354
427 483
427 646
427 787
427 857
427 915
427 927
428 78
428 242
428 273
428 311
428 330
428 381
428 397
428 430
428 474
428 482
428 494
428 516
428 577
428 761
428 800
428 823
428 836
428 873
428 929
428 956
429 199
429 251
429 294
429 401
429 579
429 647
429 717
429 721
429 894
429 896
429 970
430 61
430 64
430 183
430 193
430 213
430 422
430 441
430 521
430 590
430 610
430 616
430 620
430 637
430 690
430 805
430 880
430 900
430 945
431 67
431 273
431 461
431 478
431 530
431 552
431 594
431 627
431 658
431 758
431 929
432 87
432 91
432 147
432 225
432 419
432 489
432 505
432 557
432 572
432 573
432 574
432 582
432 634
432 740
432 885
433 31
433 47
433 65
433 105
433 333
433 336
433 367
433 453
433 665
433 679
433 781
433 782
434 63
434 112
434 182
434 334
434 400
434 466
434 703
434 744
434 757
434 901
435 183
435 211
435 368
435 485
435 486
435 552
435 586
435 721
435 740
435 825
435 839
436 242
436 269
436 386
436 941
437 27
437 31
437 84
437 85
437 257
437 259
437 391
437 646
437 688
437 888
437 890
437 898
438 190
438 214
438 366
438 563
439 44
439 80
439 141
439 237
439 246
439 376
439 580
439 629
439 703
439 718
439 817
440 53
440 102
440 191
440 241
440 319
440 358
440 384
440 435
440 501
440 580
440 722
440 745
440 805
440 863
441 129
441 183
441 404
441 449
441 498
441 872
441 964
441 984
442 196
442 212
442 480
442 492
442 726
442 820
442 846
443 13
443 118
443 239
443 325
443 469
443 532
443 555
443 594
443 719
443 949
444 42
444 430
444 597
444 618
444 653
444 678
444 987
445 6
445 95
445 120
445 141
445 327
445 746
445 876
445 898
445 976
446 150
446 155
446 176
446 270
446 380
446 454
446 457
446 526
446 563
446 629
446 735
446 809
446 859
447 50
447 169
447 483
447 584
447 595
447 668
447 698
447 848
447 933
447 959
447 989
448 63
448 68
448 123
448 163
448 172
448 217
448 241
448 285
448 368
448 617
448 674
448 731
448 752
449 147
449 176
449 281
449 327
449 387
449 466
449 532
449 719
450 33
450 247
450 254
450 318
450 334
450 388
450 397
450 483
450 579
450 753
450 768
450 936
451 102
451 135
451 139
451 294
451 301
451 525
451 671
451 878
451 940
451 976
452 28
452 100
452 268
452 326
452 328
452 461
452 482
452 669
452 729
452 756
452 779
452 855
452 884
452 961
452 991
453 69
453 100
453 124
453 269
453 314
453 362
453 380
453 506
453 567
453 631
453 654
453 696
453 853
453 854
453 967
453 994
454 5
454 30
454 80
454 223
454 265
454 298
454 449
454 580
454 813
454 907
454 972
455 47
455 50
455 77
455 106
455 153
455 221
455 741
455 798
455 954
456 69
456 100
456 308
456 494
456 603
456 693
456 728
456 968
457 95
457 300
457 383
457 415
457 586
457 707
457 769
458 0
458 493
458 565
458 638
458 821
458 906
458 920
459 10
459 90
459 205
459 265
459 378
459 437
459 543
459 600
459 652
459 705
459 835
459 893
460 69
460 166
460 289
460 290
460 386
460 428
460 602
460 611
460 689
460 840
461 100
461 364
461 366
461 451
461 567
461 630
461 777
461 804
462 47
462 173
462 210
462 243
462 269
462 373
462 495
462 587
462 734
462 898
462 972
463 49
463 570
463 738
463 746
463 788
464 149
464 168
464 446
464 597
464 765
464 946
465 54
465 119
465 126
465 280
465 314
465 412
465 484
465 653
465 689
465 768
465 859
465 864
465 882
465 946
465 976
466 136
466 561
466 773
466 786
466 787
466 885
467 166
467 451
467 461
467 502
467 514
467 737
467 764
467 792
468 8
468 99
468 137
468 276
468 518
468 546
468 572
468 762
469 70
469 85
469 93
469 127
469 164
469 224
469 241
469 589
469 713
469 781
469 791
469 881
469 990
470 6
470 50
470 162
470 222
470 360
470 375
470 534
470 546
470 587
470 614
470 681
470 734
470 767
470 842
470 929
471 0
471 102
471 154
471 156
471 341
471 363
471 645
471 820
471 830
471 938
471 953
472 292
472 317
472 470
472 656
472 738
472 808
472 828
472 841
472 882
472 974
472 996
473 17
473 351
473 363
473 409
473 449
473 565
473 578
473 936
473 944
474 35
474 277
474 323
474 340
474 660
474 681
474 718
474 732
474 759
475 67
475 113
475 185
475 191
475 230
475 502
475 591
475 673
475 740
475 802
475 873
475 934
475 970
476 130
476 181
476 284
476 368
476 495
476 565
476 636
476 702
476 838
476 884
476 902
477 185
477 273
477 309
477 629
477 730
477 889
477 931
477 978
478 71
478 114
478 351
478 406
478 515
478 560
478 714
478 745
479 20
479 30
479 221
479 245
479 412
479 555
479 787
479 855
480 53
480 238
480 392
480 443
480 482
480 644
480 698
480 754
480 867
480 907
480 932
481 249
481 269
481 354
481 384
481 546
481 659
481 704
481 707
481 845
481 929
481 945
482 155
482 176
482 389
482 413
482 427
482 504
482 526
482 583
482 802
482 841
482 848
482 921
483 100
483 151
483 381
483 488
483 504
483 744
483 815
483 919
484 65
484 110
484 198
484 449
484 770
484 790
484 890
484 946
485 36
485 295
485 308
485 311
485 506
485 513
485 521
485 763
486 253
486 291
486 594
486 641
486 644
486 661
486 689
486 698
486 876
486 926
486 934
486 996
487 72
487 246
487 300
487 419
487 598
487 702
487 816
487 913
487 920
488 45
488 222
488 234
488 292
488 439
488 478
488 514
488 524
488 617
488 692
488 710
488 749
488 814
488 838
488 937
488 974
489 57
489 98
489 144
489 473
489 532
489 549
489 570
489 619
489 623
489 712
489 724
489 865
489 996
490 92
490 148
490 155
490 252
490 279
490 304
490 649
491 104
491 126
491 161
491 451
491 488
491 750
492 38
492 139
492 210
492 318
492 347
492 453
492 509
492 631
492 734
493 241
493 259
493 340
493 410
493 637
493 719
493 860
493 943
494 62
494 288
494 313
494 371
494 483
494 572
495 122
495 160
495 210
495 246
495 297
495 446
495 462
495 579
495 609
495 780
495 972
496 116
496 185
496 190
496 244
496 329
496 637
496 715
496 768
496 785
496 804
496 861
496 926
496 964
497 106
497 287
497 552
497 597
497 599
497 606
497 871
497 914
497 917
498 106
498 413
498 461
498 487
498 563
498 632
498 696
498 866
498 878
498 885
498 886
499 66
499 180
499 206
499 229
499 307
499 318
499 512
499 527
499 552
499 681
499 810
499 865
499 866
499 968
500 83
500 455
500 547
500 712
500 830
501 173
501 241
501 332
501 350
501 380
501 574
501 597
501 613
501 677
501 701
501 751
501 856
501 922
502 97
502 158
502 204
502 210
502 301
502 434
502 544
502 606
502 657
502 685
502 724
502 819
502 927
503 0
503 20
503 38
503 51
503 58
503 147
503 325
503 332
503 394
503 792
503 884
504 22
504 311
504 324
504 428
504 603
504 785
504 938
505 93
505 224
505 341
505 473
505 606
505 779
506 10
506 56
506 520
506 523
506 541
506 588
506 606
506 612
506 627
507 107
507 188
507 283
507 468
507 480
507 514
507 547
507 708
507 739
507 950
507 952
507 964
508 378
508 678
508 722
508 892
509 52
509 161
509 216
509 322
509 417
509 638
509 657
509 690
509 787
509 962
510 49
510 95
510 173
510 215
510 237
510 312
510 443
510 650
510 655
510 866
511 43
511 47
511 162
511 173
511 177
511 200
511 360
511 380
511 384
511 494
511 560
511 709
511 852
511 861
511 923
512 18
512 133
512 154
512 235
512 236
512 361
512 378
512 404
512 431
512 486
512 674
512 687
512 941
512 990
513 75
513 226
513 256
513 261
513 345
513 492
513 625
513 680
513 929
514 178
514 431
514 473
514 675
515 29
515 32
515 89
515 90
515 171
515 255
515 285
515 615
515 681
515 813
515 864
515 912
515 949
516 11
516 74
516 389
516 624
517 27
517 126
517 159
517 220
517 367
517 583
517 592
517 630
518 150
518 306
518 361
518 422
518 698
518 707
518 725
518 747
518 814
518 986
519 49
519 123
519 441
519 538
519 708
519 998
520 56
520 290
520 325
520 605
520 665
520 836
520 907
521 20
521 103
521 266
521 278
521 391
521 513
522 98
522 372
522 581
522 621
522 632
522 822
522 994
523 3
523 146
523 199
523 277
523 324
523 580
523 683
523 764
523 800
523 807
523 898
523 928
524 102
524 265
524 410
524 483
524 493
524 525
524 670
524 737
524 997
525 126
525 285
525 314
525 580
525 767
525 856
525 927
526 153
526 178
526 238
526 332
526 407
526 551
526 564
526 591
526 709
526 717
526 769
526 941
527 19
527 88
527 205
527 278
527 286
527 392
527 661
527 678
527 736
527 796
527 982
528 43
528 88
528 115
528 256
528 314
528 635
528 657
528 718
528 912
528 950
529 65
529 80
529 214
529 543
529 760
530 29
530 56
530 276
530 506
530 513
530 546
530 808
530 843
530 914
531 12
531 31
531 80
531 304
531 370
531 694
531 720
531 789
531 908
532 152
532 538
532 550
532 669
532 736
532 743
532 869
532 934
532 998
533 246
533 273
533 304
533 378
533 459
533 565
533 583
533 665
533 676
533 957
534 56
534 163
534 194
534 218
534 287
534 311
534 434
534 504
534 734
534 781
535 80
535 89
535 145
535 252
535 348
535 379
535 492
535 608
535 713
535 797
535 838
535 999
536 11
536 74
536 87
536 121
536 378
536 403
536 416
536 567
536 597
536 875
536 880
536 945
537 8
537 103
537 135
537 164
537 182
537 320
537 525
537 609
537 643
537 646
537 774
538 123
538 190
538 259
538 285
538 333
538 349
538 385
538 473
538 507
538 515
538 553
538 926
538 930
538 939
539 15
539 249
539 426
539 488
539 568
539 603
539 706
539 778
540 69
540 100
540 149
540 152
540 271
540 285
540 340
540 393
540 407
540 418
540 582
540 636
540 713
540 782
540 861
540 877
540 985
540 991
541 91
541 109
541 115
541 217
541 436
541 507
541 662
541 712
541 943
541 948
542 171
542 404
542 410
542 436
542 556
542 584
542 774
542 823
543 59
543 181
543 231
543 315
543 575
543 650
543 703
543 765
543 776
543 835
543 897
543 978
544 24
544 49
544 53
544 61
544 473
544 758
544 803
544 993
545 216
545 334
545 378
545 620
545 717
545 719
545 964
546 100
546 341
546 462
546 597
546 770
546 931
547 262
547 321
547 523
547 706
547 745
547 800
547 997
548 18
548 44
548 121
548 172
548 225
548 420
548 465
548 534
548 717
548 817
548 825
548 920
549 78
549 126
549 176
549 281
549 350
549 355
549 432
549 564
549 894
549 898
549 988
550 107
550 160
550 341
550 420
550 609
550 679
550 776
550 974
551 87
551 110
551 153
551 272
551 322
551 340
551 389
551 512
551 617
551 669
551 689
551 702
551 923
552 229
552 231
552 250
552 331
552 528
552 634
552 689
552 882
552 919
553 130
553 139
553 315
553 336
553 503
553 520
553 557
553 608
553 654
553 659
553 743
553 769
553 846
553 954
553 986
554 74
554 90
554 195
554 241
554 307
554 870
554 891
555 9
555 78
555 621
555 713
556 371
556 440
556 510
556 511
556 625
556 641
556 681
556 714
556 984
556 989
557 3
557 170
557 182
557 234
557 244
557 337
557 413
557 445
557 458
557 686
557 706
557 755
558 97
558 138
558 297
558 649
558 654
558 704
558 784
558 889
558 905
558 924
559 66
559 116
559 392
559 396
559 483
559 627
559 641
559 675
559 714
559 764
559 797
559 926
559 941
560 34
560 217
560 222
560 281
560 387
560 400
560 507
560 579
560 622
560 794
560 883
560 920
560 933
560 950
561 39
561 125
561 230
561 404
561 801
562 84
562 116
562 229
562 262
562 334
562 395
562 469
562 526
562 609
562 627
562 632
562 664
562 698
562 914
562 955
562 976
563 163
563 774
563 809
564 201
564 254
564 369
564 453
564 927
564 937
565 12
565 39
565 122
565 233
565 313
565 493
565 511
565 642
565 704
565 795
565 796
565 924
565 935
565 962
565 995
566 160
566 275
566 362
566 481
566 504
566 641
566 702
566 750
566 843
566 972
567 174
567 214
567 228
567 239
567 372
567 462
567 478
567 589
567 672
567 897
568 108
568 435
568 448
568 450
568 456
568 487
568 494
568 588
568 672
568 703
568 859
568 907
568 978
569 19
569 219
569 316
569 353
569 481
569 603
570 166
570 222
570 270
570 332
570 414
570 421
570 437
570 466
570 477
570 564
570 580
570 699
570 712
571 12
571 109
571 116
571 199
571 267
571 283
571 358
571 387
571 390
571 465
571 528
571 757
571 781
571 918
572 17
572 198
572 750
572 955
573 18
573 259
573 530
573 955
574 63
574 107
574 129
574 147
574 167
574 266
574 416
574 480
574 568
574 682
574 755
574 763
574 786
574 814
575 44
575 50
575 123
575 215
575 299
575 302
575 313
575 330
575 349
575 383
575 395
575 448
575 547
575 601
575 785
576 80
576 91
576 168
576 452
576 559
576 560
576 577
576 917
577 10
577 82
577 489
577 512
577 565
577 847
577 935
578 43
578 393
578 560
578 711
578 736
578 844
578 893
579 112
579 204
579 347
579 450
579 643
579 649
579 728
579 763
579 808
579 812
579 955
579 967
579 968
580 94
580 126
580 327
580 501
580 516
580 562
580 567
580 792
580 872
581 310
581 345
581 352
581 456
581 548
582 36
582 39
582 111
582 229
582 321
582 572
582 700
582 737
582 743
582 853
582 894
582 954
582 976
583 201
583 308
583 436
583 510
583 513
583 594
583 650
583 782
583 894
583 897
584 75
584 87
584 120
584 270
584 308
584 377
584 391
584 534
584 544
584 557
584 674
584 756
584 800
584 920
584 929
585 42
585 390
585 393
585 591
585 725
585 952
586 51
586 210
586 279
586 459
586 570
586 615
586 815
586 901
586 987
587 30
587 58
587 93
587 155
587 330
587 395
587 439
587 506
587 534
587 545
587 627
587 817
587 997
587 999
588 8
588 108
588 156
588 260
588 351
588 357
588 379
588 566
588 625
588 686
588 808
589 23
589 137
589 174
589 349
589 389
589 526
589 550
589 564
589 686
589 786
590 312
590 546
590 618
590 675
590 688
590 702
590 819
590 941
590 944
591 251
591 575
591 598
591 600
591 608
591 624
591 651
591 692
591 801
591 812
592 161
592 270
592 366
592 533
592 570
592 645
592 913
592 935
592 955
593 779
593 848
594 51
594 266
594 310
594 334
594 351
594 366
594 558
594 582
594 627
594 659
594 959
595 65
595 145
595 369
595 439
595 557
595 571
595 580
595 581
595 631
595 681
595 794
596 77
596 101
596 165
596 263
596 284
596 403
596 468
596 814
596 844
596 894
596 933
597 36
597 88
597 127
597 229
597 254
597 423
597 856
597 979
598 195
598 212
598 232
598 519
598 606
598 639
598 832
598 883
598 982
599 92
599 397
599 499
599 563
599 648
599 680
599 736
599 807
599 865
600 54
600 195
600 267
600 282
600 327
600 352
600 395
600 399
600 448
600 482
600 484
600 596
600 607
600 701
600 716
600 855
600 883
601 30
601 118
601 299
601 305
601 450
601 677
601 690
601 847
601 864
601 969
602 140
602 182
602 309
602 382
603 105
603 115
603 335
603 377
603 405
603 422
603 484
603 588
603 783
603 815
603 877
604 32
604 153
604 288
604 320
604 532
604 540
604 576
604 674
604 699
604 704
605 84
605 88
605 129
605 187
605 251
605 389
605 708
605 726
605 751
605 845
606 235
606 457
606 527
606 688
606 778
606 931
606 993
607 76
607 135
607 210
607 386
607 455
607 493
607 913
607 917
608 110
608 114
608 154
608 214
608 221
608 275
608 329
608 374
608 493
608 553
608 711
608 712
608 749
608 816
608 841
608 848
608 911
609 354
609 396
609 456
609 683
609 724
609 834
609 891
609 897
609 905
609 906
609 969
610 96
610 122
610 324
610 445
610 471
610 496
610 540
610 648
610 674
610 903
611 58
611 82
611 268
611 425
611 524
611 671
611 674
611 688
611 708
611 748
611 869
612 115
612 162
612 181
612 273
612 287
612 498
612 632
612 819
613 319
613 348
613 426
613 500
613 543
613 546
613 592
613 595
613 726
613 749
613 968
614 99
614 105
614 125
614 181
614 196
614 202
614 402
614 603
614 761
614 769
614 772
614 815
614 833
614 844
614 869
614 928
614 932
615 346
615 435
615 438
615 449
615 488
615 531
615 557
615 739
615 920
615 996
616 28
616 323
616 463
616 493
616 582
616 647
616 696
616 739
616 826
616 849
616 997
617 22
617 57
617 177
617 207
617 345
617 368
617 688
617 875
617 928
618 35
618 173
618 268
618 273
618 451
618 532
618 625
618 658
618 883
618 988
619 52
619 198
619 242
619 413
619 518
619 597
619 754
619 780
619 828
619 853
619 899
620 19
620 77
620 92
620 157
620 371
620 407
620 612
620 699
620 711
620 729
620 769
620 866
620 873
620 964
621 66
621 72
621 130
621 204
621 267
621 366
621 456
621 699
621 822
621 888
621 962
621 993
622 8
622 84
622 160
622 196
622 275
622 287
622 356
622 810
622 862
622 972
623 31
623 197
623 373
623 412
623 444
623 555
623 691
623 694
623 838
623 840
623 876
623 877
624 24
624 57
624 318
624 539
624 579
624 618
624 639
624 796
624 816
624 819
625 30
625 126
625 161
625 195
625 198
625 403
625 426
625 611
625 654
625 761
625 787
625 850
626 37
626 54
626 217
626 343
626 371
626 417
626 427
626 457
626 542
626 697
626 831
626 939
626 988
627 157
627 208
627 454
627 485
627 551
627 614
627 620
627 638
627 769
627 963
628 48
628 58
628 122
628 124
628 385
628 394
628 423
628 448
628 799
628 863
628 888
629 33
629 71
629 296
629 326
629 381
629 394
629 469
629 495
629 510
629 540
629 632
629 695
629 856
629 904
629 913
629 963
629 980
629 993
630 306
630 321
630 508
630 549
630 582
630 691
630 720
630 884
630 974
631 5
631 8
631 110
631 425
631 462
631 520
631 598
631 635
631 692
631 757
631 833
631 838
631 913
632 47
632 99
632 157
632 158
632 196
632 197
632 242
632 309
632 447
632 646
632 822
632 850
633 71
633 115
633 132
633 216
633 352
633 832
633 991
634 85
634 141
634 252
634 284
634 311
634 381
634 715
634 779
635 304
635 391
635 558
635 605
635 798
635 808
636 61
636 131
636 252
636 289
636 300
636 362
636 409
636 449
636 483
636 485
636 795
637 48
637 74
637 111
637 412
637 442
637 444
637 560
637 604
637 729
637 774
637 783
637 849
638 5
638 307
638 494
638 533
638 612
638 635
638 650
638 808
638 829
638 868
638 876
639 7
639 233
639 253
639 380
639 431
639 605
639 788
639 858
639 883
639 965
640 215
640 223
640 283
640 492
640 493
640 538
640 854
640 868
640 872
640 976
641 1
641 214
641 354
641 545
641 551
641 599
641 629
641 649
641 651
641 824
641 865
641 881
641 907
641 933
642 59
642 207
642 285
642 640
642 797
643 243
643 293
643 547
643 791
643 801
643 811
644 44
644 76
644 175
644 270
644 272
644 303
644 357
644 377
644 544
644 781
644 871
645 49
645 84
645 192
645 520
645 532
645 589
645 632
645 750
645 940
645 961
646 234
646 505
646 514
646 605
646 625
646 695
646 978
647 20
647 383
647 396
647 418
647 422
647 833
647 928
647 978
648 106
648 169
648 379
648 425
648 478
648 479
648 714
648 839
648 971
648 990
649 6
649 28
649 40
649 280
649 685
649 808
649 835
650 60
650 191
650 229
650 391
650 402
650 639
650 647
650 744
650 768
650 810
650 857
650 913
651 140
651 190
651 192
651 201
651 239
651 370
651 421
651 435
651 644
651 668
651 689
651 755
651 805
651 809
651 943
652 126
652 171
652 329
652 330
652 397
652 546
652 557
652 588
652 687
652 914
652 963
653 10
653 30
653 53
653 153
653 281
653 573
653 635
653 712
653 822
653 901
654 231
654 256
654 331
654 347
654 424
654 429
654 437
654 649
654 828
654 977
655 7
655 191
655 208
655 402
655 505
655 618
655 623
655 800
655 897
656 40
656 124
656 246
656 738
656 764
657 7
657 81
657 152
657 239
657 242
657 604
657 745
657 801
657 878
657 906
658 187
658 246
658 300
658 443
658 544
658 603
658 650
658 711
658 812
658 834
658 855
659 167
659 178
659 217
659 333
659 569
659 740
659 996
660 22
660 82
660 192
660 311
660 432
660 452
660 537
660 547
660 752
660 945
661 31
661 116
661 161
661 182
661 371
661 475
661 622
661 646
661 700
661 718
661 958
662 118
662 782
662 941
662 966
662 980
663 48
663 50
663 86
663 149
663 187
663 213
663 384
663 442
664 294
664 408
664 466
664 550
664 646
664 920
664 930
664 955
665 24
665 347
665 385
665 400
665 406
665 492
665 542
665 685
665 810
665 844
665 849
665 961
666 68
666 165
666 304
666 323
666 363
666 391
666 456
666 547
666 675
666 695
666 931
667 68
667 260
667 337
667 557
667 608
667 647
667 668
667 707
667 774
667 899
668 205
668 379
668 665
668 727
668 993
669 185
669 259
669 273
669 317
669 448
669 454
669 557
669 592
669 625
669 881
669 888
669 986
670 93
670 135
670 191
670 284
670 349
670 476
670 515
670 546
670 597
670 645
670 777
670 788
671 40
671 78
671 264
671 321
671 389
671 577
671 627
671 693
671 851
671 861
672 3
672 72
672 96
672 222
672 319
672 320
672 326
672 346
672 368
672 459
672 495
672 563
672 728
672 871
672 956
673 28
673 148
673 241
673 259
673 279
673 408
673 486
673 624
673 629
674 18
674 447
674 503
674 567
674 814
674 863
675 8
675 269
675 541
675 544
675 581
675 594
675 613
675 849
675 961
676 25
676 40
676 155
676 188
676 257
676 783
676 908
676 954
677 56
677 178
677 298
677 299
677 324
677 534
677 541
677 579
677 588
678 593
678 603
678 638
678 738
678 788
678 855
678 883
679 94
679 162
679 312
679 319
679 548
679 562
679 574
679 625
679 668
680 18
680 177
680 425
680 488
680 544
680 698
680 774
680 845
681 56
681 95
681 124
681 164
681 176
681 241
681 512
681 613
681 625
681 755
681 760
681 874
682 16
682 48
682 133
682 136
682 205
682 275
682 351
682 402
682 458
682 464
682 518
682 668
682 838
682 870
682 959
682 963
683 16
683 323
683 413
683 426
683 470
683 558
683 661
683 841
683 876
684 64
684 79
684 241
684 419
684 494
684 575
684 590
684 787
685 20
685 111
685 311
685 497
685 603
685 668
685 687
685 691
685 709
685 853
685 857
685 931
686 32
686 230
686 310
686 468
686 557
686 634
686 642
686 723
686 756
686 830
687 183
687 226
687 380
687 421
687 530
687 646
687 713
687 808
688 49
688 62
688 219
688 373
688 482
688 531
688 548
688 588
688 600
688 695
688 781
688 802
688 809
689 437
689 563
689 676
689 685
689 719
689 794
690 367
690 405
690 516
690 717
690 743
690 788
690 926
691 142
691 159
691 386
691 563
691 616
691 712
692 107
692 283
692 364
692 376
692 398
692 589
692 748
692 777
692 778
692 793
692 825
692 828
692 834
692 860
693 2
693 128
693 131
693 186
693 253
693 280
693 353
693 752
693 974
694 125
694 169
694 229
694 361
694 461
694 468
694 483
694 514
694 545
694 576
694 942
694 970
695 20
695 329
695 632
695 682
695 687
695 791
695 906
695 932
695 947
695 973
696 36
696 50
696 53
696 146
696 194
696 293
696 411
696 416
696 424
696 535
696 620
696 634
696 643
697 12
697 20
697 60
697 76
697 96
697 289
697 658
697 667
697 732
697 756
697 892
697 902
698 825
698 974
699 39
699 146
699 159
699 326
699 423
699 480
699 578
699 692
699 793
699 809
699 841
699 849
699 899
700 6
700 24
700 83
700 108
700 176
700 358
700 392
700 401
700 453
700 469
700 719
700 758
700 807
700 815
700 856
700 942
701 60
701 219
701 360
701 509
701 818
701 828
701 908
701 918
701 978
702 125
702 178
702 988
703 219
703 252
703 276
703 313
703 360
703 366
703 570
703 584
703 825
703 928
703 966
703 988
704 237
704 272
704 583
704 663
705 170
705 203
705 269
705 490
705 572
705 607
705 659
705 697
705 949
706 91
706 118
706 205
706 288
706 444
706 464
706 765
706 808
706 856
706 866
707 218
707 219
707 300
707 352
707 359
707 447
707 611
707 650
708 139
708 197
708 315
708 549
708 749
708 790
708 795
709 72
709 82
709 102
709 349
709 494
709 802
709 936
710 106
710 223
710 466
710 581
710 721
710 935
711 16
711 317
711 333
711 607
711 889
711 965
712 10
712 133
712 143
712 247
712 357
712 368
712 455
712 537
712 582
712 665
712 670
712 804
713 52
713 57
713 90
713 169
713 324
713 377
713 400
713 616
713 688
713 698
713 796
713 831
713 913
714 274
714 322
714 444
714 746
714 791
714 795
714 833
714 863
714 867
714 999
715 76
715 147
715 148
715 165
715 231
715 240
715 383
715 454
715 575
715 586
715 802
715 927
715 966
715 981
716 123
716 462
716 527
716 563
716 622
716 664
716 917
716 997
717 129
717 150
717 217
717 536
717 636
717 647
717 682
717 817
717 881
717 884
717 973
718 33
718 53
718 316
718 342
718 370
718 516
719 326
719 407
719 451
719 571
719 683
719 771
719 821
719 893
719 970
720 43
720 91
720 248
720 312
720 375
720 380
720 680
720 779
720 873
720 935
721 212
721 246
721 410
721 634
721 656
721 700
721 862
721 868
721 896
721 941
721 984
722 30
722 120
722 320
722 659
722 689
722 760
722 849
722 889
722 996
723 372
723 422
723 447
723 662
723 748
723 771
723 803
723 809
723 810
723 991
724 18
724 72
724 240
724 307
724 662
724 863
724 883
724 914
725 219
725 249
725 384
725 585
725 677
725 733
725 784
725 840
725 859
725 969
725 978
726 74
726 158
726 243
726 580
726 751
726 871
726 879
727 16
727 28
727 70
727 74
727 220
727 485
727 556
727 770
727 870
727 941
728 36
728 142
728 221
728 291
728 371
728 441
728 557
728 724
728 782
728 807
728 930
728 956
729 97
729 946
730 48
730 113
730 121
730 175
730 200
730 264
730 369
730 606
730 647
730 820
730 871
731 73
731 131
731 144
731 252
731 285
731 331
731 407
731 605
731 627
731 633
731 867
732 103
732 158
732 163
732 202
732 210
732 335
732 362
732 393
732 433
732 796
732 797
732 841
732 938
732 991
733 51
733 151
733 220
733 349
733 414
733 420
733 468
733 563
733 604
733 640
733 910
733 915
733 961
734 51
734 77
734 284
734 357
734 371
734 389
734 419
734 523
734 764
734 833
734 955
735 63
735 86
735 235
735 386
735 429
735 499
735 543
735 617
735 653
735 717
736 97
736 183
736 306
736 373
736 716
736 747
736 955
736 997
737 156
737 174
737 482
737 704
737 748
737 888
737 893
738 508
738 557
738 815
738 916
738 927
739 56
739 76
739 96
739 103
739 140
739 203
739 358
739 443
739 774
739 894
739 981
739 991
740 50
740 54
740 79
740 102
740 483
740 637
740 787
740 936
741 1
741 34
741 258
741 363
741 368
741 401
741 421
741 616
741 639
741 704
741 705
741 947
741 965
742 471
742 544
742 670
743 12
743 129
743 152
743 210
743 218
743 323
743 353
743 423
743 424
743 454
743 496
743 521
743 669
743 732
743 769
743 781
743 987
744 36
744 92
744 216
744 230
744 413
744 414
744 420
744 501
744 556
744 773
744 774
744 791
744 978
745 56
745 200
745 299
745 581
745 866
746 139
746 281
746 491
746 602
746 699
746 734
746 845
747 160
747 169
747 493
747 540
747 853
747 900
748 43
748 212
748 276
748 656
748 814
748 938
749 71
749 82
749 199
749 277
749 289
749 314
749 352
749 531
749 560
749 601
749 671
749 867
750 72
750 80
750 278
750 395
750 444
750 471
750 857
751 23
751 118
751 236
751 268
751 270
751 273
751 426
751 576
751 769
751 946
752 0
752 432
752 444
752 608
752 619
752 664
752 928
753 46
753 114
753 155
753 250
753 259
753 499
753 556
753 623
753 776
753 782
753 907
754 21
754 85
754 223
754 323
754 427
754 488
754 750
754 838
755 286
755 383
755 619
755 688
755 697
755 778
755 798
755 913
755 979
756 14
756 67
756 103
756 235
756 709
756 713
756 873
756 923
756 986
757 121
757 366
757 409
757 654
757 743
757 772
757 806
757 999
758 28
758 203
758 236
758 379
758 403
758 516
758 838
758 866
759 215
759 232
759 239
759 272
759 435
759 756
759 903
760 64
760 132
760 346
760 448
760 583
760 628
760 766
760 834
760 916
760 939
761 17
761 145
761 160
761 376
761 575
761 586
761 737
761 798
761 819
761 901
762 20
762 39
762 146
762 197
762 311
762 580
762 875
762 957
763 13
763 116
763 265
763 282
763 402
763 733
763 860
764 125
764 248
764 322
764 453
764 567
764 636
764 835
764 933
764 981
765 68
765 162
765 533
765 602
765 639
765 704
765 706
765 945
765 959
766 110
766 284
766 301
766 392
766 432
766 512
766 558
766 609
766 706
766 886
766 896
767 110
767 358
767 384
767 443
767 512
767 669
767 753
767 873
767 928
767 955
768 104
768 181
768 217
768 221
768 236
768 298
768 328
768 369
768 501
768 555
768 695
768 736
769 176
769 179
769 236
769 326
769 347
769 453
769 527
769 624
769 667
769 724
769 745
769 747
770 24
770 684
770 874
770 901
771 36
771 329
771 347
771 355
771 405
771 448
771 820
772 41
772 80
772 300
772 384
772 390
772 522
772 563
772 926
772 948
772 985
772 995
773 525
773 571
773 717
773 810
773 827
774 313
774 384
774 558
774 696
774 755
774 909
774 938
775 16
775 22
775 173
775 425
775 711
775 714
776 172
776 210
776 331
776 389
776 629
776 645
776 647
776 656
776 833
776 863
776 945
777 91
777 131
777 193
777 365
777 512
777 523
777 547
777 585
777 629
777 689
777 737
777 863
778 16
778 65
778 214
778 244
778 282
778 544
778 678
778 750
778 777
778 852
778 894
778 968
779 71
779 139
779 416
779 434
779 462
779 549
779 796
779 799
779 883
780 138
780 158
780 167
780 345
780 355
780 503
780 561
780 612
780 661
780 907
781 36
781 43
781 84
781 108
781 528
781 534
781 535
781 751
781 902
781 954
782 113
782 214
782 256
782 312
782 321
782 337
782 436
782 514
782 683
782 736
782 813
782 845
782 872
782 886
782 964
783 30
783 68
783 139
783 207
783 286
783 301
783 443
783 626
783 701
783 987
784 73
784 119
784 152
784 169
784 287
784 441
784 504
784 508
784 646
784 721
784 739
785 92
785 263
785 291
785 451
785 480
785 486
785 504
785 852
786 222
786 265
786 316
786 495
786 533
786 926
787 37
787 71
787 162
787 169
787 262
787 378
787 380
787 403
787 453
787 513
787 678
787 995
788 111
788 119
788 176
788 473
788 504
788 526
788 603
788 709
788 805
788 951
788 993
789 32
789 58
789 173
789 184
789 325
789 398
789 432
789 488
789 503
789 549
789 567
789 703
789 740
790 42
790 85
790 124
790 159
790 353
790 508
790 595
790 800
790 811
790 869
790 895
791 15
791 49
791 94
791 126
791 138
791 160
791 199
791 206
791 222
791 239
791 267
791 770
791 796
791 807
791 823
791 835
791 842
791 969
792 7
792 8
792 236
792 379
792 573
792 595
792 637
792 652
792 664
792 779
792 862
792 878
792 913
793 174
793 182
793 199
793 239
793 499
793 751
793 921
793 946
794 22
794 46
794 220
794 249
794 258
794 462
794 513
794 540
794 676
794 680
794 742
794 897
794 962
794 983
795 412
795 521
795 529
795 775
795 784
795 812
795 814
795 968
796 256
796 275
796 352
796 430
796 470
796 596
796 659
796 696
796 842
796 867
796 874
796 999
797 80
797 189
797 466
797 622
797 626
797 749
797 757
797 976
797 997
798 409
798 484
798 624
798 706
799 84
799 123
799 153
799 154
799 161
799 258
799 294
799 349
799 580
799 588
799 862
799 961
800 10
800 168
800 201
800 324
800 358
800 409
800 412
800 699
800 723
801 151
801 420
801 502
801 537
801 744
801 757
801 763
801 773
801 777
801 802
801 966
802 27
802 120
802 173
802 264
802 314
802 372
802 437
802 516
802 743
802 841
802 960
803 3
803 198
803 285
803 340
803 346
803 544
803 593
803 616
803 692
803 792
803 970
804 114
804 281
804 313
804 341
804 529
804 604
804 734
804 759
804 807
804 824
804 851
804 856
804 872
804 980
805 43
805 174
805 187
805 342
805 427
805 516
805 596
805 608
805 759
806 86
806 219
806 424
806 810
807 38
807 90
807 94
807 293
807 444
807 716
807 904
807 963
808 33
808 72
808 133
808 172
808 220
808 306
808 361
808 365
808 413
808 424
808 441
808 687
808 707
808 768
808 782
808 794
808 796
808 913
808 947
809 63
809 185
809 342
809 438
809 733
809 835
809 879
809 995
810 220
810 294
810 483
810 716
810 738
810 773
810 801
810 814
810 858
810 869
810 871
810 882
811 34
811 53
811 136
811 222
811 247
811 269
811 299
811 340
811 409
811 540
811 550
811 611
811 622
811 629
811 669
811 721
811 767
811 824
811 828
811 877
812 160
812 250
812 303
812 560
812 611
812 641
812 811
813 39
813 198
813 205
813 532
813 665
813 793
813 810
813 919
813 938
814 29
814 60
814 110
814 114
814 135
814 144
814 381
814 383
814 384
814 470
814 587
814 605
814 803
814 832
814 882
814 912
814 924
815 187
815 206
815 244
815 881
816 96
816 276
816 294
816 335
816 427
816 846
816 985
817 12
817 78
817 112
817 187
817 267
817 428
817 610
817 807
817 837
817 877
817 883
817 915
817 956
818 127
818 188
818 202
818 225
818 304
818 366
818 483
818 585
818 607
818 774
818 850
818 947
819 126
819 198
819 261
819 351
819 362
819 430
819 469
819 569
819 864
819 949
819 988
820 217
820 546
820 579
820 608
820 819
820 823
820 898
821 6
821 66
821 71
821 182
821 288
821 301
821 304
821 586
821 754
821 943
822 3
822 105
822 173
822 203
822 316
822 400
822 493
822 512
822 559
822 682
822 783
823 120
823 165
823 321
823 474
823 730
823 812
823 813
823 923
823 937
824 122
824 208
824 212
824 267
824 308
824 375
824 549
824 850
825 128
825 358
825 430
825 497
825 922
826 126
826 159
826 299
826 435
826 528
826 615
826 743
826 745
826 913
827 52
827 148
827 171
827 422
827 501
827 527
827 621
827 650
827 691
827 697
827 952
828 159
828 173
828 234
828 306
828 359
828 379
828 457
828 554
828 566
828 660
829 117
829 233
829 308
829 382
829 389
829 417
829 522
829 581
829 654
829 695
829 971
829 973
830 53
830 68
830 155
830 247
830 304
830 314
830 399
830 443
830 445
830 517
830 649
830 825
830 831
830 850
830 915
831 56
831 93
831 172
831 390
831 425
831 462
831 502
831 537
831 576
831 641
831 684
831 972
832 0
832 104
832 156
832 188
832 217
832 245
832 418
832 478
832 501
832 561
832 873
833 167
833 289
833 400
833 570
833 608
833 871
833 904
833 921
833 994
834 170
834 282
834 286
834 321
834 346
834 742
834 921
835 132
835 192
835 380
835 521
835 623
835 669
835 767
835 771
835 910
836 67
836 77
836 432
836 492
836 507
836 681
836 731
836 913
836 955
836 989
837 306
837 340
837 400
837 493
837 496
837 497
837 582
837 803
837 821
837 852
838 268
838 275
838 339
838 352
838 395
838 540
838 570
838 609
838 657
838 904
838 966
839 42
839 46
839 310
839 549
839 557
839 601
839 694
839 726
839 847
839 880
839 910
840 200
840 696
840 794
840 968
841 57
841 179
841 236
841 326
841 346
841 391
841 482
841 648
841 721
841 884
841 920
842 0
842 296
842 395
842 657
842 743
842 795
842 808
842 894
842 972
843 94
843 143
843 231
843 387
843 419
843 465
843 524
843 741
843 758
843 763
843 805
843 831
844 117
844 148
844 149
844 207
844 225
844 274
844 304
844 507
844 520
844 787
844 831
844 963
845 171
845 180
845 319
845 380
845 507
845 580
845 610
845 760
846 78
846 211
846 278
846 312
846 342
846 578
846 640
846 787
846 865
846 959
846 995
847 171
847 199
847 261
847 450
847 545
847 573
847 591
847 743
847 788
847 794
847 805
847 879
847 896
848 1
848 31
848 70
848 338
848 393
848 406
848 561
848 668
848 941
848 982
849 65
849 213
849 312
849 374
849 449
849 471
849 773
849 879
850 1
850 9
850 152
850 180
850 302
850 707
850 733
850 747
851 19
851 58
851 198
851 354
851 395
851 419
851 540
851 619
851 669
851 810
851 906
851 937
852 59
852 151
852 184
852 241
852 285
852 330
852 453
852 487
852 892
853 100
853 197
853 317
853 476
853 667
853 682
853 931
853 980
854 12
854 142
854 223
854 419
854 527
854 642
854 744
854 746
854 755
854 796
855 84
855 265
855 297
855 776
855 831
856 4
856 216
856 235
856 245
856 251
856 362
856 421
856 440
856 445
856 449
856 522
856 541
856 550
856 612
856 767
857 300
857 305
857 401
857 446
857 516
857 609
857 700
857 953
858 156
858 390
858 402
858 459
858 522
858 571
858 720
858 757
858 827
858 841
858 922
859 169
859 313
859 531
859 676
859 913
859 958
860 22
860 105
860 114
860 222
860 242
860 874
860 954
860 967
860 987
861 59
861 120
861 306
861 418
861 447
861 605
861 819
862 33
862 49
862 204
862 219
862 304
862 360
862 421
862 539
862 567
862 673
862 799
862 971
862 977
863 81
863 93
863 102
863 328
863 389
863 492
863 516
863 609
863 770
863 820
863 867
864 20
864 160
864 339
864 395
864 424
864 779
864 807
864 939
864 979
865 154
865 176
865 201
865 348
865 349
865 817
865 830
866 2
866 104
866 196
866 213
866 352
866 459
866 651
866 878
867 158
867 173
867 396
867 398
867 447
867 476
867 537
867 614
867 660
867 878
868 283
868 405
868 477
868 527
868 552
868 563
868 581
868 628
868 860
868 955
869 124
869 189
869 208
869 238
869 346
869 417
869 488
869 710
869 865
869 888
869 927
869 944
869 995
870 85
870 135
870 241
870 314
870 391
870 558
870 610
870 706
870 915
870 998
871 79
871 311
871 394
871 413
871 432
871 561
871 783
871 833
871 929
872 25
872 155
872 200
872 225
872 230
872 298
872 643
872 657
872 685
872 775
872 948
873 33
873 49
873 260
873 286
873 415
873 531
873 598
873 754
873 757
873 995
874 14
874 179
874 189
874 840
874 848
875 174
875 188
875 583
875 682
875 706
876 100
876 274
876 344
876 524
876 679
876 681
876 780
876 862
876 973
877 191
877 222
877 653
878 149
878 173
878 195
878 379
878 634
878 712
878 915
879 79
879 85
879 168
879 273
879 289
879 310
879 329
879 347
879 493
879 540
879 703
879 712
879 774
879 799
879 828
879 896
879 954
880 222
880 327
880 351
880 735
880 800
881 175
881 199
881 309
881 526
881 653
881 675
881 740
881 803
881 806
881 941
882 305
882 350
882 521
882 526
882 561
882 599
882 637
882 678
882 695
882 714
883 60
883 109
883 203
883 252
883 268
883 685
883 779
883 902
883 937
884 8
884 15
884 32
884 89
884 120
884 274
884 293
884 525
884 632
884 651
884 720
884 784
884 843
885 167
885 200
885 298
885 449
885 554
885 665
885 736
885 891
885 990
886 69
886 76
886 101
886 123
886 257
886 292
886 326
886 456
886 495
886 661
886 746
886 882
886 899
887 505
887 603
887 637
887 758
887 863
888 294
888 347
888 354
888 394
888 572
888 586
888 639
888 772
888 865
888 991
889 91
889 295
889 329
889 415
889 530
889 593
889 656
889 659
889 849
889 964
890 30
890 325
890 370
890 392
890 558
890 754
890 769
890 781
890 817
890 881
890 960
891 91
891 515
891 580
891 621
891 809
891 840
891 903
892 14
892 58
892 117
892 154
892 167
892 169
892 175
892 199
892 277
892 433
892 464
892 519
892 564
892 696
892 703
892 734
893 10
893 122
893 271
893 288
893 557
893 675
893 737
893 954
894 33
894 64
894 69
894 178
894 215
894 252
894 266
894 298
894 424
894 643
894 926
894 960
894 965
894 992
895 61
895 82
895 157
895 407
895 633
895 647
895 714
895 835
895 848
895 880
896 62
896 114
896 135
896 172
896 173
896 288
896 359
896 371
896 521
896 553
896 645
896 700
896 717
896 759
896 771
896 778
896 928
896 981
896 985
897 15
897 33
897 45
897 77
897 127
897 149
897 257
897 266
897 272
897 538
897 585
897 872
897 906
897 974
898 50
898 269
898 341
898 422
898 447
898 712
898 801
898 813
898 890
898 920
899 111
899 120
899 263
899 296
899 312
899 323
899 354
899 404
899 452
899 504
899 724
899 784
899 992
900 112
900 125
900 213
900 412
900 563
900 622
900 660
900 672
900 739
900 774
900 795
900 808
900 916
900 960
900 972
901 228
901 287
901 321
901 387
901 522
901 565
901 583
901 657
901 846
902 26
902 141
902 348
902 499
902 604
902 688
902 718
902 901
902 967
903 33
903 103
903 129
903 179
903 195
903 241
903 490
903 516
903 605
903 711
903 768
903 873
904 73
904 229
904 392
904 492
904 496
904 694
904 717
904 840
904 884
904 986
905 53
905 78
905 228
905 240
905 357
905 393
905 400
905 615
905 733
906 81
906 146
906 157
906 170
906 181
906 449
906 628
906 861
907 273
907 338
907 384
907 477
907 503
907 517
907 702
907 771
907 889
908 15
908 48
908 76
908 77
908 125
908 159
908 433
908 521
908 674
908 681
908 732
908 956
909 26
909 62
909 92
909 231
909 328
909 375
909 702
909 765
910 42
910 69
910 90
910 180
910 241
910 570
910 593
910 602
910 927
910 941
911 11
911 25
911 160
911 220
911 258
911 273
911 303
911 500
911 807
911 920
911 976
911 988
912 33
912 79
912 180
912 224
912 312
912 422
912 465
912 498
912 696
912 721
912 741
912 914
912 918
913 55
913 58
913 307
913 335
913 436
913 694
913 857
913 987
914 23
914 67
914 147
914 219
914 406
914 441
914 487
914 706
914 767
914 780
914 861
914 871
914 910
915 171
915 328
915 388
915 479
915 550
915 665
915 807
915 857
916 7
916 188
916 393
916 483
916 617
916 656
916 692
916 701
916 748
916 839
916 964
917 196
917 223
917 224
917 434
917 517
917 787
917 821
918 13
918 34
918 93
918 116
918 137
918 249
918 312
918 379
918 380
918 533
918 544
918 739
918 900
919 80
919 83
919 257
919 374
919 629
919 633
919 666
919 975
920 181
920 244
920 431
920 534
920 867
920 913
921 36
921 66
921 127
921 217
921 303
921 307
921 454
921 672
921 890
922 145
922 260
922 406
922 456
922 469
922 529
922 647
922 656
922 780
922 788
922 794
922 859
923 28
923 122
923 211
923 283
923 728
923 797
923 826
923 881
923 932
924 218
924 378
924 484
924 553
924 690
925 23
925 126
925 204
925 273
925 326
925 450
925 497
925 528
925 661
925 713
925 721
925 726
925 730
925 762
925 810
925 907
925 933
925 995
926 32
926 51
926 88
926 117
926 137
926 306
926 307
926 309
926 314
926 380
926 443
926 447
926 599
926 601
926 641
926 682
926 790
926 798
926 911
926 925
927 138
927 196
927 283
927 409
927 413
927 477
927 527
927 554
927 557
927 697
927 733
927 898
927 953
928 5
928 166
928 237
928 300
928 311
928 357
928 444
928 504
928 685
928 738
928 751
928 826
928 864
928 888
928 992
929 88
929 153
929 234
929 271
929 362
929 565
929 595
929 713
929 861
929 903
929 921
930 62
930 166
930 184
930 245
930 247
930 251
930 520
930 536
930 621
930 702
930 709
930 725
930 895
930 916
931 80
931 162
931 266
931 487
931 513
931 574
931 781
931 818
931 934
931 935
931 968
932 295
932 356
932 478
932 573
932 610
932 611
932 664
932 706
933 168
933 172
933 229
933 349
933 391
933 453
933 476
933 630
933 632
933 684
933 877
934 68
934 202
934 219
934 275
934 495
934 580
934 629
934 677
934 854
934 867
934 915
935 273
935 288
935 356
935 701
935 846
935 952
935 989
936 24
936 27
936 179
936 359
936 449
936 716
936 739
936 802
936 826
936 836
936 927
936 940
936 987
937 94
937 116
937 143
937 144
937 398
937 460
937 461
937 689
937 825
937 849
937 868
938 36
938 113
938 124
938 170
938 275
938 299
938 308
938 309
938 578
938 645
938 951
939 78
939 91
939 170
939 226
939 394
939 451
939 453
939 456
939 544
939 624
939 663
939 670
939 708
939 814
939 916
939 945
940 207
940 300
940 387
940 466
940 519
940 650
940 899
940 989
940 993
940 995
941 61
941 229
941 316
941 348
941 418
941 428
941 526
941 573
941 651
941 716
941 890
941 902
941 995
942 80
942 668
942 759
942 951
942 985
943 29
943 144
943 247
943 355
943 399
943 461
943 628
943 715
943 859
943 865
944 149
944 223
944 273
944 384
944 633
944 905
944 947
945 38
945 52
945 483
945 582
945 624
945 686
945 747
945 771
945 913
945 928
946 28
946 170
946 233
946 341
946 342
946 567
946 641
946 703
946 786
946 792
946 814
946 913
946 959
947 181
947 255
947 677
947 808
947 931
948 108
948 257
948 385
948 451
948 595
948 603
948 891
948 998
949 273
949 609
949 714
949 793
949 794
949 836
949 861
949 870
949 982
950 131
950 176
950 196
950 314
950 381
950 430
950 600
950 793
950 837
950 888
950 924
951 56
951 128
951 138
951 337
951 396
951 401
951 618
951 630
951 648
951 663
951 753
951 782
951 847
951 997
952 54
952 252
952 279
952 343
952 481
952 506
952 622
952 667
952 689
953 178
953 190
953 370
953 405
953 454
953 652
953 796
953 800
953 939
953 984
954 146
954 275
954 302
954 432
954 494
954 540
954 614
954 691
954 696
954 707
955 30
955 57
955 99
955 203
955 401
955 601
955 738
955 778
955 848
955 920
955 963
956 161
956 189
956 227
956 233
956 271
956 389
956 421
956 461
956 488
956 536
956 586
956 630
956 721
956 804
956 849
957 30
957 266
957 401
957 406
957 500
958 46
958 86
958 133
958 231
958 388
958 501
958 508
958 556
958 596
959 181
959 459
959 745
959 774
959 799
960 301
960 483
960 633
960 634
960 826
960 890
960 935
961 227
961 257
961 317
961 434
961 525
961 622
961 892
962 173
962 236
962 373
962 462
962 594
962 666
962 677
962 724
962 768
962 790
962 824
962 943
962 947
963 24
963 25
963 47
963 48
963 163
963 518
963 528
963 538
963 558
963 619
963 738
963 998
964 110
964 139
964 381
964 545
964 785
964 806
964 813
964 829
964 906
965 124
965 158
965 307
965 318
965 334
965 409
965 506
965 650
965 745
966 23
966 54
966 301
966 348
966 365
966 457
966 458
966 472
966 478
966 529
966 713
966 734
966 750
966 858
966 861
967 71
967 270
967 622
967 681
967 741
967 745
967 805
967 808
967 884
967 916
967 966
967 979
968 57
968 326
968 461
968 515
968 761
968 826
968 935
969 5
969 11
969 97
969 210
969 228
969 418
969 425
969 531
969 537
969 576
969 669
969 705
970 138
970 204
970 244
970 471
970 472
970 600
971 155
971 168
971 369
971 376
971 415
971 455
971 487
971 491
971 492
971 547
971 650
971 712
971 749
971 837
971 912
971 993
972 185
972 201
972 239
972 268
972 400
972 695
972 934
973 38
973 201
973 207
973 429
973 694
973 723
973 726
974 101
974 321
974 421
974 423
974 703
974 719
974 730
974 747
975 192
975 328
975 477
975 720
976 34
976 178
976 471
976 481
976 495
976 535
976 560
976 637
976 785
976 792
976 907
976 969
977 258
977 384
977 484
977 485
977 647
977 698
977 775
977 818
978 115
978 350
978 516
978 539
978 585
978 739
978 758
978 919
979 129
979 409
979 632
979 794
979 843
979 941
980 120
980 210
980 228
980 435
980 572
980 729
980 733
980 798
980 861
980 878
981 47
981 52
981 149
981 231
981 338
981 426
981 642
981 786
981 919
981 954
982 170
982 267
982 442
982 629
982 817
982 897
982 930
983 94
983 260
983 514
983 643
983 663
983 846
983 886
984 116
984 144
984 147
984 207
984 238
984 247
984 330
984 373
984 555
984 608
984 649
984 723
984 786
984 816
984 840
984 938
984 966
985 60
985 61
985 99
985 309
985 325
985 602
985 665
985 741
985 768
985 820
985 893
985 971
986 32
986 180
986 314
986 811
987 2
987 60
987 201
987 339
987 666
987 756
987 809
987 908
987 938
988 264
988 366
988 489
988 511
988 783
988 925
988 933
988 939
988 969
989 50
989 61
989 124
989 432
989 668
989 699
989 818
989 844
989 873
989 925
989 997
990 11
990 27
990 83
990 363
990 722
990 738
990 806
990 816
990 868
990 887
990 948
991 53
991 494
991 597
991 787
991 825
991 827
991 911
991 986
992 64
992 128
992 438
992 461
992 530
992 602
992 742
992 790
992 808
992 878
993 379
993 468
993 521
993 607
993 920
993 985
994 168
994 184
994 276
994 293
994 438
994 480
994 512
994 676
994 765
994 921
995 11
995 38
995 118
995 170
995 185
995 206
995 209
995 334
995 466
995 532
995 798
995 820
996 122
996 180
996 348
996 510
996 524
996 729
996 844
997 97
997 124
997 227
997 274
997 346
997 530
997 660
997 738
997 918
998 62
998 261
998 290
998 344
998 370
998 485
998 546
998 574
998 761
998 980
999 93
999 119
999 333
999 545
999 713
999 714
999 722
999 828
999 833
999 976
