0 10
0 69
0 71
0 84
0 113
0 151
0 199
0 201
0 256
0 291
0 315
0 328
0 468
0 490
0 634
1 62
1 167
1 287
1 324
1 426
1 499
1 548
1 624
1 626
1 644
2 219
2 220
2 281
2 488
2 577
2 596
2 617
2 633
2 644
2 656
2 664
2 672
2 773
2 826
2 869
2 874
2 903
3 37
3 39
3 171
3 334
3 413
3 625
3 647
3 816
4 20
4 26
4 53
4 193
4 359
4 480
5 11
5 77
5 274
5 329
5 372
5 434
5 510
5 684
5 860
5 893
6 45
6 264
6 628
6 718
6 815
6 889
7 5
7 83
7 182
7 372
7 394
7 428
7 459
7 548
7 960
8 256
8 352
8 387
8 479
8 512
8 618
8 962
9 86
9 306
9 328
9 420
9 780
9 792
9 828
9 876
9 988
9 997
10 276
10 325
10 410
10 465
10 469
10 520
10 582
10 583
10 586
10 621
11 14
11 197
11 218
11 221
11 260
11 265
11 307
11 561
11 594
11 600
11 796
11 830
11 970
12 40
12 89
12 191
12 359
12 375
12 402
12 866
13 192
13 459
13 497
13 659
13 764
13 766
13 767
13 964
14 1
14 343
14 381
14 470
14 826
14 866
14 901
14 932
14 999
15 57
15 171
15 374
15 721
15 851
15 937
16 258
16 375
16 433
16 672
16 829
16 893
17 3
17 190
17 253
17 365
17 635
17 688
17 805
17 911
18 28
18 61
18 128
18 353
18 387
18 428
18 507
18 517
18 668
18 676
18 761
18 940
19 43
19 75
19 92
19 105
19 122
19 243
19 334
19 343
19 478
19 548
19 875
20 203
20 262
20 292
20 408
20 502
20 569
20 578
20 695
20 719
20 737
20 943
21 105
21 257
21 406
21 524
21 566
21 735
21 740
21 913
22 89
22 162
22 393
22 396
22 446
22 504
22 645
22 736
22 778
22 880
22 917
23 70
23 101
23 119
23 326
23 358
23 406
23 574
23 679
23 733
23 881
23 996
24 240
24 334
24 359
24 373
24 418
24 651
24 714
24 769
24 939
24 958
25 126
25 177
25 242
25 248
25 504
25 574
25 577
25 594
25 646
25 777
25 934
26 13
26 160
26 163
26 386
26 438
26 444
26 576
26 643
27 17
27 180
27 359
27 741
27 792
27 805
27 840
27 927
27 937
28 53
28 81
28 361
28 436
28 580
28 626
28 915
29 30
29 92
29 106
29 238
29 263
29 267
29 269
29 271
29 287
29 400
29 611
29 635
29 720
30 20
30 101
30 143
30 191
30 212
30 306
30 323
30 375
30 467
30 585
30 657
30 883
31 152
31 154
31 194
31 234
31 419
31 895
31 917
32 48
32 366
32 560
32 618
32 650
32 677
32 830
32 859
32 889
32 918
33 127
33 168
33 183
33 340
33 420
33 481
33 516
33 554
33 571
33 607
33 637
33 682
33 687
33 731
33 795
33 854
33 929
33 951
34 27
34 191
34 248
34 287
34 295
34 419
34 480
34 752
35 141
35 155
35 195
35 202
35 426
35 540
35 607
35 647
35 680
35 775
35 832
35 873
35 893
35 904
35 983
36 168
36 177
36 250
36 555
36 634
36 665
36 936
37 90
37 142
37 531
37 630
37 670
37 824
37 874
37 876
38 29
38 121
38 271
38 303
38 321
38 347
38 408
38 481
38 526
38 607
38 664
38 838
39 5
39 87
39 92
39 202
39 231
39 451
39 533
39 586
39 607
39 673
39 782
39 797
39 825
39 934
40 232
40 257
40 262
40 364
40 385
40 459
40 500
40 624
40 836
41 212
41 392
41 520
41 596
41 845
41 917
42 240
42 362
42 394
42 411
42 765
42 848
42 997
43 38
43 154
43 176
43 342
43 392
43 584
43 734
43 837
43 904
43 917
43 926
44 51
44 74
44 113
44 191
44 270
44 325
44 377
44 572
44 880
44 957
45 71
45 73
45 239
45 278
45 315
45 736
45 877
45 988
46 10
46 119
46 273
46 297
46 398
46 472
46 532
46 686
46 710
46 983
47 69
47 213
47 232
47 241
47 350
47 496
47 549
47 701
48 12
48 205
48 232
48 292
48 372
48 394
48 463
48 697
48 726
48 937
49 31
49 264
49 347
49 352
49 503
49 611
49 746
49 894
50 77
50 257
50 388
50 592
50 831
50 882
51 17
51 145
51 166
51 280
51 429
51 447
51 511
51 522
51 524
51 531
51 795
51 820
51 878
52 106
52 113
52 117
52 218
52 347
52 353
52 490
52 528
52 972
53 7
53 171
53 271
53 419
53 535
53 847
54 182
54 223
54 328
54 421
54 484
54 601
54 658
54 706
54 803
54 905
55 217
55 228
55 349
55 400
55 407
55 467
55 491
55 519
55 531
55 615
55 627
55 974
56 21
56 80
56 142
56 181
56 239
56 277
56 448
56 550
56 608
56 818
57 80
57 240
57 648
57 726
57 792
57 844
57 893
57 934
57 988
58 40
58 42
58 46
58 83
58 146
58 391
58 611
58 622
58 838
58 853
58 862
58 900
58 963
59 14
59 69
59 98
59 229
59 243
59 276
59 393
59 544
59 565
59 573
59 805
60 65
60 110
60 228
60 245
60 281
60 341
60 410
60 426
60 442
60 707
61 16
61 326
61 412
61 461
61 533
61 742
61 806
61 839
61 876
62 113
62 519
62 582
62 675
62 911
63 92
63 163
63 170
63 373
63 486
63 652
63 774
63 791
63 867
63 917
63 953
63 975
64 214
64 240
64 327
64 513
64 586
64 674
64 722
64 923
64 954
64 979
65 125
65 212
65 517
65 762
65 807
65 900
66 120
66 147
66 286
66 302
66 429
66 689
66 867
66 901
66 940
67 140
67 209
67 406
67 453
67 529
67 564
67 671
67 841
67 927
67 953
68 44
68 64
68 105
68 334
68 344
68 365
68 535
68 636
68 666
68 709
68 809
68 859
69 45
69 225
69 276
69 283
69 341
69 430
69 610
69 667
69 692
69 844
69 912
70 197
70 300
70 367
70 409
70 482
70 483
70 516
70 568
70 711
70 743
70 802
70 891
70 900
70 965
71 58
71 82
71 161
71 216
71 225
71 374
71 431
71 513
71 669
71 716
71 738
71 893
71 947
71 958
72 165
72 194
72 242
72 244
72 307
72 309
72 393
72 775
72 860
72 907
73 197
73 323
73 453
73 618
73 933
73 996
74 38
74 197
74 681
74 904
74 929
75 14
75 165
75 296
75 310
75 475
75 585
75 617
75 621
75 641
75 750
75 755
75 769
75 915
76 219
76 356
76 402
76 600
76 740
76 811
76 937
76 943
77 34
77 119
77 346
77 436
77 500
77 557
77 732
77 855
77 913
78 235
78 324
78 365
78 397
78 445
78 565
78 578
78 771
78 824
78 867
79 16
79 42
79 90
79 228
79 299
79 306
79 327
79 496
79 565
79 627
79 704
79 987
79 996
80 43
80 274
80 338
80 418
80 581
80 598
80 613
80 643
80 869
81 37
81 147
81 161
81 217
81 445
81 560
82 0
82 78
82 91
82 119
82 174
82 236
82 321
82 332
82 510
82 574
82 580
82 627
82 636
82 733
82 738
82 773
82 826
82 849
82 860
82 862
82 872
82 895
82 914
83 157
83 221
83 257
83 365
83 422
83 430
83 462
83 464
83 614
83 640
83 641
83 642
83 708
83 808
83 999
84 23
84 28
84 49
84 65
84 123
84 450
84 523
84 718
84 796
84 843
85 99
85 178
85 302
85 545
85 594
85 717
85 865
85 880
85 940
85 975
86 26
86 105
86 316
86 487
86 541
86 615
86 778
86 782
86 939
86 976
87 9
87 108
87 133
87 229
87 286
87 294
87 296
87 520
87 559
87 659
87 709
87 727
87 746
87 755
87 869
87 991
88 82
88 255
88 507
88 620
88 646
88 746
88 903
89 41
89 97
89 106
89 121
89 543
89 610
89 737
89 814
89 908
90 37
90 61
90 200
90 313
90 561
90 617
90 726
90 732
90 821
91 16
91 31
91 209
91 446
91 515
91 678
91 775
91 887
91 918
91 919
91 928
91 940
92 15
92 199
92 210
92 255
92 455
92 664
92 691
92 770
93 5
93 30
93 120
93 137
93 147
93 149
93 201
93 203
93 321
93 371
93 503
93 607
93 842
93 893
93 963
94 161
94 241
94 280
94 300
94 362
94 434
94 436
94 707
94 714
94 817
94 952
95 2
95 41
95 197
95 348
95 355
95 489
95 723
95 751
95 782
95 786
95 830
95 894
95 958
95 972
96 168
96 326
96 395
96 545
96 649
96 752
96 891
97 49
97 81
97 661
97 729
97 746
97 747
97 874
97 879
97 886
97 899
98 137
98 155
98 440
98 547
98 660
98 670
98 735
98 857
99 68
99 84
99 130
99 215
99 434
99 495
99 774
99 861
99 955
100 83
100 231
100 267
100 372
100 377
100 630
100 687
100 720
100 731
100 751
100 789
100 795
100 801
100 873
101 8
101 68
101 104
101 207
101 273
101 321
101 376
101 416
101 435
101 510
101 538
101 559
101 583
101 620
101 765
101 850
101 902
101 961
102 185
102 394
102 429
102 711
102 760
102 781
102 806
102 829
103 188
103 285
103 412
103 601
103 644
103 781
103 808
103 809
103 905
103 999
104 9
104 14
104 99
104 123
104 386
104 460
104 658
104 673
104 804
104 838
105 80
105 99
105 152
105 208
105 247
105 310
105 677
105 706
106 69
106 91
106 117
106 210
106 231
106 285
106 323
106 348
106 352
106 376
106 415
106 562
106 957
107 0
107 121
107 253
107 322
107 335
107 611
107 646
107 740
107 818
107 828
107 910
108 87
108 189
108 273
108 434
108 439
108 450
108 569
108 589
108 652
108 811
108 841
108 850
108 932
109 83
109 101
109 238
109 384
109 765
109 802
109 840
109 977
110 5
110 240
110 438
110 579
110 604
110 771
111 4
111 67
111 183
111 205
111 240
111 293
111 299
111 335
111 375
111 534
111 562
111 852
112 98
112 145
112 201
112 431
112 477
112 500
112 558
112 591
112 721
112 810
112 990
113 192
113 212
113 285
113 350
113 408
113 414
113 509
113 567
113 578
113 581
113 596
113 671
114 113
114 147
114 163
114 167
114 399
114 517
114 592
114 598
114 905
115 26
115 48
115 77
115 83
115 338
115 426
115 451
115 504
115 718
115 762
115 977
115 980
116 60
116 105
116 160
116 444
116 475
116 657
116 858
116 928
116 990
117 5
117 18
117 41
117 100
117 190
117 218
117 260
117 362
117 436
117 476
117 564
117 591
117 665
117 667
117 731
117 892
117 919
118 71
118 337
118 383
118 420
118 525
118 546
118 628
118 705
118 843
118 875
118 885
118 903
119 26
119 76
119 158
119 310
119 453
119 480
119 704
119 848
119 953
120 8
120 41
120 60
120 76
120 178
120 249
120 297
120 373
120 439
120 695
120 884
121 316
121 345
121 688
121 730
121 771
122 52
122 125
122 130
122 264
122 332
122 392
122 447
122 512
122 532
122 628
122 631
122 766
122 780
122 810
122 928
122 940
123 137
123 151
123 186
123 383
123 576
123 603
123 739
123 757
123 761
123 830
123 913
124 111
124 409
124 481
124 603
124 931
124 963
125 19
125 101
125 138
125 194
125 195
125 219
125 341
125 357
125 448
125 887
125 927
125 966
126 288
126 351
126 352
126 407
126 579
126 714
126 830
126 937
126 989
127 4
127 137
127 155
127 312
127 381
127 467
127 508
127 559
127 596
127 652
127 714
127 725
127 785
127 874
128 197
128 301
128 370
128 460
128 535
128 604
128 625
128 696
128 763
128 830
128 835
128 878
129 45
129 53
129 150
129 158
129 290
129 434
129 519
129 701
129 887
130 18
130 237
130 264
130 268
130 434
130 473
130 715
130 728
130 736
130 811
130 894
130 986
131 171
131 192
131 328
131 401
131 444
131 494
131 673
131 759
131 941
131 997
132 156
132 528
132 678
133 134
133 168
133 235
133 306
133 321
133 558
133 574
133 722
133 819
133 842
133 929
134 184
134 216
134 559
134 716
134 760
134 819
134 885
135 225
135 482
135 522
135 569
135 599
135 633
135 844
135 880
136 34
136 141
136 250
136 273
136 380
136 386
136 404
136 638
136 745
136 973
137 113
137 246
137 256
137 405
137 502
137 559
137 609
137 707
137 775
137 853
137 865
137 977
137 980
138 95
138 264
138 499
138 513
138 531
138 569
138 572
138 647
138 678
138 717
138 872
138 956
139 58
139 180
139 338
139 473
139 518
139 537
139 628
139 837
139 940
139 960
140 44
140 295
140 474
140 504
140 520
140 723
140 864
140 964
140 993
141 103
141 308
141 462
141 519
141 662
141 731
141 801
141 836
141 979
142 69
142 105
142 107
142 123
142 161
142 188
142 325
142 448
142 483
142 606
142 612
142 782
142 787
142 835
142 959
143 97
143 101
143 162
143 648
143 700
143 991
143 992
144 102
144 398
144 456
144 483
144 490
144 557
144 764
145 45
145 163
145 169
145 204
145 210
145 361
145 640
145 648
145 935
145 969
145 985
146 63
146 178
146 184
146 282
146 460
146 469
146 695
146 793
146 877
146 886
147 1
147 53
147 93
147 270
147 404
147 506
147 532
147 612
147 809
147 846
148 66
148 93
148 221
148 268
148 414
148 426
148 775
148 815
148 913
148 999
149 16
149 56
149 200
149 286
149 482
149 671
149 739
149 889
149 972
150 95
150 156
150 170
150 244
150 380
150 400
150 419
150 525
150 813
150 915
150 950
151 66
151 97
151 119
151 243
151 305
151 411
151 421
151 545
151 548
151 603
151 643
151 667
151 685
151 915
152 222
152 600
152 633
152 745
152 938
153 201
153 225
153 267
153 301
153 465
153 508
153 543
153 557
153 586
153 635
153 644
153 854
154 17
154 67
154 483
154 530
154 582
154 600
154 704
154 764
154 854
154 868
154 875
154 938
154 970
155 161
155 245
155 459
155 796
155 819
155 835
155 862
156 177
156 249
156 325
156 392
156 395
156 508
156 552
156 650
156 694
156 968
156 993
157 22
157 42
157 285
157 422
157 530
157 784
157 843
157 862
158 62
158 168
158 189
158 408
158 414
158 448
158 488
158 588
158 815
158 839
158 875
158 898
159 14
159 120
159 129
159 251
159 453
159 617
159 641
159 744
159 761
159 836
160 40
160 168
160 243
160 317
160 324
160 398
160 491
160 677
160 711
160 763
160 883
160 971
161 9
161 80
161 106
161 126
161 160
161 189
161 205
161 250
161 275
161 414
161 495
161 562
161 745
161 883
161 899
161 934
161 988
162 37
162 350
162 443
162 494
162 575
162 596
162 868
162 874
162 901
163 39
163 135
163 158
163 605
163 725
163 742
163 978
164 9
164 122
164 235
164 496
164 733
164 763
164 799
164 916
164 952
165 149
165 224
165 237
165 244
165 333
165 418
165 498
165 505
165 538
165 553
165 566
165 624
165 641
165 747
165 797
165 931
165 969
166 18
166 66
166 376
166 377
166 646
166 681
166 750
166 997
167 7
167 86
167 88
167 302
167 358
167 382
167 731
167 897
167 963
168 225
168 247
168 251
168 358
168 366
168 375
168 376
168 478
168 608
168 673
168 810
168 950
169 8
169 37
169 70
169 135
169 166
169 201
169 305
169 461
169 463
169 594
169 709
169 914
169 945
170 12
170 66
170 108
170 148
170 375
170 431
170 497
170 498
170 500
170 524
170 757
170 942
171 6
171 120
171 136
171 167
171 214
171 335
171 626
171 634
171 956
172 242
172 322
172 337
172 389
172 391
172 400
172 421
172 446
172 559
172 581
172 626
172 678
172 688
172 753
172 957
172 976
173 167
173 372
173 672
174 149
174 259
174 351
174 390
174 463
174 570
174 968
174 975
175 76
175 140
175 144
175 207
175 403
175 461
175 669
175 783
175 869
175 961
175 994
176 1
176 312
176 362
176 629
176 663
176 833
176 861
176 882
176 976
177 41
177 416
177 441
177 494
177 536
177 777
177 781
178 175
178 247
178 501
178 520
178 570
178 686
178 696
178 749
178 834
178 869
179 41
179 92
179 98
179 155
179 242
179 284
179 291
179 320
179 442
179 496
179 532
179 541
179 559
179 597
179 734
179 823
179 889
179 948
180 232
180 268
180 297
180 477
180 485
180 486
180 535
180 826
181 57
181 76
181 264
181 364
181 410
181 439
181 518
181 601
181 617
181 733
181 946
181 967
182 62
182 184
182 201
182 217
182 274
182 298
182 573
182 672
182 733
182 839
182 859
183 125
183 140
183 241
183 347
183 411
183 516
183 572
183 863
184 7
184 70
184 71
184 116
184 241
184 304
184 497
184 683
184 818
184 820
184 848
185 23
185 53
185 101
185 152
185 191
185 216
185 370
185 653
185 669
185 688
185 737
185 895
185 904
185 922
186 15
186 29
186 68
186 87
186 259
186 556
186 715
186 835
186 921
187 28
187 97
187 127
187 411
187 447
187 457
187 719
187 920
188 121
188 299
188 504
188 509
188 753
188 756
188 854
188 960
188 985
189 124
189 169
189 202
189 326
189 429
189 741
189 879
190 87
190 105
190 217
190 440
190 613
190 688
190 789
190 840
190 886
190 905
191 38
191 44
191 234
191 335
191 547
191 557
191 598
191 696
191 955
192 239
192 277
192 311
192 332
192 455
192 460
192 495
192 728
192 926
193 256
193 369
193 485
193 564
193 745
193 783
193 873
193 969
193 972
193 982
194 35
194 407
194 514
194 569
194 611
194 650
194 707
194 849
194 967
195 41
195 103
195 325
195 331
195 433
195 476
195 484
195 548
195 575
195 580
195 597
195 807
195 829
195 851
195 865
195 918
196 24
196 75
196 93
196 130
196 131
196 140
196 282
196 310
196 340
196 411
196 417
196 489
196 493
196 549
196 598
196 692
196 731
196 851
196 901
196 911
197 82
197 206
197 258
197 585
197 617
197 711
197 756
197 792
197 808
197 910
197 947
197 951
198 52
198 129
198 232
198 659
198 725
198 901
199 33
199 135
199 271
199 338
199 397
199 418
199 480
199 687
199 759
199 892
200 47
200 69
200 71
200 206
200 249
200 317
200 346
200 423
200 476
200 816
200 896
201 38
201 39
201 44
201 164
201 465
201 653
201 705
201 905
202 2
202 169
202 305
202 369
202 388
202 440
202 491
202 616
202 696
202 774
202 775
202 779
202 826
202 839
203 44
203 83
203 99
203 124
203 179
203 299
203 337
203 503
203 567
203 614
203 684
203 743
203 757
203 802
203 851
203 895
204 26
204 43
204 326
204 350
204 373
204 544
204 550
204 597
204 646
204 745
204 884
205 129
205 138
205 265
205 342
205 498
205 679
205 741
205 886
205 932
206 6
206 26
206 69
206 201
206 419
206 509
206 548
206 602
206 748
206 852
206 897
207 11
207 38
207 137
207 333
207 355
207 554
207 561
207 580
207 625
207 657
207 671
207 705
207 779
208 59
208 90
208 134
208 142
208 179
208 504
208 521
208 675
208 775
208 945
208 952
209 99
209 268
209 410
209 501
209 560
209 600
209 619
209 713
209 802
209 866
209 972
210 77
210 131
210 319
210 423
210 477
210 500
210 522
210 856
211 142
211 253
211 266
211 360
211 366
211 534
211 631
211 718
211 763
212 221
212 232
212 371
212 416
212 444
212 458
212 465
212 483
213 12
213 32
213 166
213 315
213 522
213 586
213 651
213 756
214 204
214 267
214 404
214 429
214 476
214 562
214 601
214 695
214 719
214 871
214 978
214 979
215 239
215 261
215 639
215 710
215 758
215 857
216 122
216 213
216 357
216 624
216 666
216 834
216 898
216 943
217 23
217 124
217 169
217 268
217 548
217 627
217 683
217 906
217 912
217 987
218 13
218 140
218 785
218 836
218 853
218 963
219 254
219 259
219 274
219 445
219 450
219 645
219 702
219 725
219 838
220 270
220 299
220 364
220 399
220 440
220 553
220 558
220 664
220 685
220 789
220 818
220 821
220 869
220 957
220 978
221 87
221 141
221 248
221 262
221 304
221 400
221 558
221 604
221 624
221 627
221 724
222 59
222 123
222 167
222 202
222 270
222 319
222 336
222 456
222 621
222 665
222 840
223 99
223 159
223 192
223 228
223 518
223 546
223 691
223 709
223 739
223 743
223 800
223 837
223 838
223 984
224 30
224 35
224 66
224 115
224 117
224 130
224 404
224 414
224 443
224 537
224 570
224 653
224 836
224 861
224 941
225 137
225 249
225 261
225 328
225 389
225 582
225 657
225 857
225 997
226 89
226 165
226 328
226 523
226 536
226 678
226 695
226 721
226 921
226 955
227 2
227 119
227 134
227 219
227 444
227 566
227 733
227 887
228 14
228 77
228 191
228 352
228 525
228 535
228 553
228 606
228 643
228 669
228 925
229 121
229 123
229 174
229 176
229 376
229 564
229 580
229 599
229 683
229 698
229 778
229 842
229 890
229 928
230 530
230 563
230 584
230 899
230 960
231 172
231 180
231 246
231 359
231 449
231 669
231 671
231 815
231 886
232 23
232 89
232 325
232 378
232 436
232 580
232 581
232 643
233 246
233 428
233 437
233 446
233 472
233 486
233 673
233 752
233 892
233 894
233 975
234 51
234 358
234 498
234 779
234 810
234 865
235 56
235 177
235 187
235 282
235 295
235 331
235 401
235 487
235 512
235 586
235 728
235 792
235 798
236 342
236 370
236 453
236 490
236 585
236 668
236 687
236 697
236 792
236 856
236 868
237 127
237 195
237 250
237 423
237 651
237 655
237 721
237 908
238 85
238 130
238 158
238 221
238 339
238 341
238 369
238 471
238 488
238 528
238 882
238 994
239 41
239 235
239 303
239 309
239 363
239 430
239 493
239 616
239 722
239 746
239 753
239 803
239 959
239 960
240 13
240 101
240 180
240 202
240 266
240 276
240 504
240 565
240 676
240 746
240 940
240 948
241 275
241 321
241 777
241 997
242 102
242 103
242 250
242 322
242 401
242 520
242 547
242 578
242 598
242 679
242 741
242 874
242 924
242 943
242 957
243 64
243 131
243 142
243 236
243 245
243 286
243 299
243 377
243 402
243 542
243 543
243 564
243 641
243 741
243 885
243 915
243 947
243 949
244 15
244 462
244 597
244 784
244 894
244 932
245 57
245 95
245 278
245 445
245 703
245 803
245 826
246 193
246 320
246 379
246 384
246 494
246 507
246 527
246 561
246 622
246 647
246 673
246 729
246 735
246 738
246 905
246 947
247 74
247 205
247 283
247 543
247 577
247 583
247 605
247 689
247 735
247 948
248 7
248 88
248 349
248 608
248 627
248 971
248 992
249 98
249 134
249 201
249 579
249 659
249 671
249 808
249 815
250 13
250 20
250 47
250 301
250 577
250 667
250 668
250 910
251 29
251 53
251 93
251 106
251 587
251 592
251 628
251 931
251 984
252 96
252 184
252 279
252 358
252 444
252 445
252 658
252 822
252 862
252 874
252 940
253 239
253 329
253 406
253 526
253 602
253 634
253 786
253 824
253 853
253 932
254 103
254 262
254 291
254 332
254 393
254 427
254 447
254 450
254 454
254 576
255 105
255 155
255 302
255 454
255 710
255 728
255 917
256 17
256 44
256 154
256 331
256 584
256 712
256 974
256 979
257 28
257 329
257 494
257 520
257 642
258 26
258 274
258 644
258 674
258 865
258 887
259 45
259 108
259 309
259 608
259 738
259 975
259 993
260 37
260 45
260 172
260 176
260 438
260 453
260 474
260 497
260 607
260 822
260 841
260 942
260 962
261 11
261 30
261 311
261 377
261 656
261 765
261 848
261 920
261 963
261 971
262 18
262 165
262 296
262 412
262 421
262 630
262 699
262 810
262 877
262 914
262 997
262 998
263 8
263 88
263 105
263 395
263 445
263 593
263 666
263 727
263 764
263 899
263 980
264 336
264 445
264 514
264 586
264 744
264 928
264 930
265 1
265 19
265 110
265 143
265 252
265 276
265 285
265 349
265 433
265 498
265 606
265 690
265 905
265 965
266 214
266 259
266 284
266 342
266 498
266 575
266 592
266 736
266 842
266 964
267 30
267 54
267 76
267 123
267 161
267 212
267 232
267 280
267 320
267 626
267 661
267 739
267 836
267 841
267 867
267 937
267 974
268 192
268 241
268 259
268 276
268 296
268 522
268 531
268 589
268 642
268 876
268 949
269 282
269 370
269 381
269 383
269 600
269 645
269 721
269 968
269 994
270 101
270 142
270 219
270 334
270 342
270 635
270 645
270 683
271 5
271 6
271 51
271 67
271 114
271 117
271 242
271 293
271 329
271 513
271 608
271 676
271 710
271 970
272 77
272 123
272 155
272 282
272 327
272 360
272 415
272 598
272 661
272 726
272 948
273 129
273 132
273 242
273 244
273 282
273 501
273 530
273 665
273 943
274 180
274 228
274 288
274 389
274 465
274 577
274 601
274 606
274 776
274 880
275 52
275 75
275 117
275 141
275 391
275 423
275 442
275 714
275 946
276 226
276 263
276 475
276 653
276 695
276 734
276 741
276 781
276 802
277 86
277 149
277 212
277 502
277 524
277 591
277 729
277 803
277 854
277 971
278 40
278 69
278 182
278 277
278 391
278 579
278 923
278 937
279 240
279 322
279 380
279 424
279 535
279 648
279 660
279 831
279 855
280 76
280 178
280 190
280 463
280 527
280 535
280 667
280 681
280 839
280 868
280 874
281 18
281 49
281 130
281 249
281 280
281 378
281 468
281 523
281 736
281 859
281 884
281 977
282 154
282 471
282 685
282 709
282 725
282 761
282 831
282 872
282 887
283 292
283 298
283 431
283 435
283 455
283 500
283 563
283 853
283 903
283 974
284 12
284 19
284 35
284 303
284 448
284 471
284 770
285 57
285 219
285 238
285 381
285 526
285 667
285 759
285 770
285 777
285 826
285 845
285 886
286 91
286 262
286 306
286 427
286 634
286 662
286 703
286 729
286 772
286 888
286 940
287 12
287 71
287 327
287 692
287 900
287 927
288 0
288 126
288 354
288 376
288 432
288 582
288 643
288 702
288 915
289 53
289 144
289 192
289 294
289 386
289 415
289 551
289 568
289 746
289 836
289 872
289 944
290 71
290 95
290 372
290 385
290 401
290 438
290 653
290 912
290 968
291 8
291 126
291 159
291 314
291 439
291 501
291 597
291 763
291 774
291 781
291 804
291 824
291 987
292 51
292 226
292 318
292 425
292 519
292 695
292 842
292 910
292 974
293 2
293 17
293 22
293 320
293 767
293 800
293 932
293 948
294 158
294 512
294 516
294 536
294 644
294 802
294 872
294 895
295 3
295 48
295 336
295 401
295 428
295 440
295 480
295 606
295 636
295 781
295 933
296 75
296 83
296 366
296 435
296 509
296 543
296 607
296 648
296 799
296 803
296 872
296 931
296 978
296 984
297 110
297 129
297 205
297 252
297 255
297 289
297 422
297 678
297 781
297 961
297 972
298 21
298 144
298 272
298 294
298 334
298 359
298 432
298 788
298 904
299 142
299 274
299 291
299 387
299 484
299 515
299 551
299 656
300 1
300 13
300 131
300 187
300 621
300 693
300 702
300 984
301 196
301 314
301 438
301 445
301 454
301 470
301 502
301 503
301 702
301 714
301 784
301 845
302 5
302 258
302 470
302 472
302 648
302 683
302 703
302 824
303 6
303 39
303 49
303 52
303 321
303 382
303 718
303 771
303 828
303 918
303 938
304 69
304 118
304 126
304 393
304 561
304 590
304 914
305 223
305 302
305 308
305 395
305 438
305 476
305 711
305 781
305 888
305 966
306 21
306 33
306 90
306 213
306 235
306 273
306 354
306 410
306 449
306 658
306 833
306 937
306 945
306 987
307 14
307 155
307 158
307 235
307 325
307 386
307 392
307 420
307 436
307 455
307 609
307 800
307 803
307 928
307 988
308 146
308 191
308 404
308 413
308 511
308 637
308 660
308 751
308 771
308 900
308 903
308 953
309 9
309 85
309 473
309 494
309 560
309 595
309 620
309 696
309 773
310 23
310 128
310 176
310 294
310 472
310 546
310 575
310 738
310 769
310 884
310 899
311 135
311 158
311 232
311 267
311 305
311 475
311 616
311 628
311 635
311 636
311 641
311 643
311 651
311 667
311 951
311 969
312 278
312 675
312 682
312 751
312 773
312 791
313 260
313 471
313 526
313 597
313 801
314 105
314 159
314 187
314 413
314 468
314 751
314 840
315 340
315 403
315 482
316 103
316 152
316 277
316 286
316 310
316 498
316 990
316 996
317 99
317 101
317 196
317 243
317 454
317 475
317 678
317 934
318 118
318 130
318 153
318 209
318 235
318 390
318 459
318 628
318 687
318 841
318 915
319 203
319 450
319 555
319 562
319 694
319 773
319 823
319 874
319 987
320 214
320 354
320 552
320 568
320 689
320 851
320 855
320 881
321 215
321 263
321 288
321 308
321 368
321 475
321 508
321 594
321 671
321 690
321 940
322 59
322 152
322 399
322 411
322 470
322 551
322 744
322 821
323 83
323 96
323 125
323 396
323 456
323 514
323 545
323 549
323 598
323 717
324 0
324 10
324 102
324 114
324 210
324 281
324 395
324 557
324 643
324 686
324 768
325 170
325 319
325 340
325 402
325 463
325 478
325 542
325 678
325 789
326 27
326 57
326 104
326 147
326 372
326 534
326 558
326 562
326 720
326 764
327 94
327 129
327 159
327 255
327 747
327 781
328 175
328 316
328 392
328 433
328 789
328 828
328 998
329 180
329 282
329 722
329 794
329 938
329 948
329 960
329 994
330 101
330 115
330 506
330 547
330 557
330 611
331 7
331 12
331 104
331 107
331 261
331 301
331 508
331 604
331 679
331 743
331 756
331 821
331 829
331 912
331 933
331 957
332 57
332 70
332 81
332 86
332 225
332 251
332 399
332 455
332 488
332 546
332 596
332 785
332 885
332 994
333 134
333 201
333 210
333 234
333 251
333 429
333 577
333 596
333 599
333 680
333 765
333 863
333 898
334 87
334 157
334 347
334 354
334 612
334 711
334 718
334 739
335 108
335 134
335 281
335 294
335 348
335 411
335 535
335 766
335 869
335 925
336 145
336 152
336 571
336 628
336 660
336 754
336 960
337 136
337 169
337 193
337 218
337 261
337 311
337 343
337 374
337 383
337 415
337 425
337 506
337 509
337 592
337 606
337 793
338 1
338 38
338 83
338 112
338 228
338 397
338 511
338 661
338 666
338 787
339 109
339 145
339 204
339 287
339 447
339 852
339 857
339 865
339 989
340 35
340 75
340 327
340 345
340 395
340 691
340 800
340 958
341 130
341 172
341 269
341 510
341 558
341 561
341 629
341 692
341 725
342 35
342 120
342 259
342 355
342 391
342 415
342 559
342 652
342 719
342 739
342 805
342 896
343 442
343 452
343 480
343 489
343 500
344 172
344 188
344 252
344 273
344 277
344 307
344 308
344 334
344 418
344 647
344 822
345 354
345 372
345 566
345 640
345 792
345 831
346 31
346 262
346 267
346 286
346 296
346 301
346 317
346 328
346 372
346 492
346 547
346 673
346 780
346 850
347 53
347 72
347 128
347 196
347 209
347 343
347 378
347 533
347 554
347 619
347 648
347 725
347 920
348 50
348 154
348 192
348 259
348 471
348 529
348 706
348 759
348 829
348 904
349 52
349 87
349 102
349 278
349 320
349 324
349 398
349 504
349 516
349 702
349 755
350 43
350 138
350 343
350 377
350 430
350 454
350 633
350 668
350 795
350 810
351 170
351 316
351 369
351 411
351 439
351 450
351 678
351 719
351 728
351 877
351 880
351 920
351 969
352 42
352 193
352 224
352 258
352 278
352 333
352 476
352 527
352 594
352 738
353 109
353 195
353 224
353 366
353 383
353 403
353 526
353 604
353 635
353 694
353 809
353 842
353 915
353 956
353 964
354 16
354 29
354 51
354 387
354 413
354 471
354 506
354 625
354 715
354 751
354 985
355 21
355 57
355 125
355 435
355 536
355 882
355 892
356 248
356 260
356 283
356 471
356 576
356 650
356 898
356 971
356 985
357 290
357 385
357 521
357 740
358 133
358 367
358 433
358 791
358 899
358 913
359 57
359 105
359 146
359 291
359 518
359 673
359 675
359 712
359 824
360 69
360 199
360 250
360 553
360 780
360 973
361 231
361 303
361 314
361 434
361 486
361 487
361 505
361 709
361 754
361 777
361 861
361 976
362 73
362 88
362 89
362 106
362 436
362 511
362 523
362 646
362 661
362 887
363 31
363 56
363 124
363 438
363 491
363 520
363 523
363 595
363 741
364 23
364 40
364 92
364 413
364 462
364 581
364 678
364 687
364 699
364 754
364 800
364 851
364 870
365 116
365 186
365 439
365 524
365 542
365 550
365 884
366 0
366 157
366 272
366 290
366 334
366 457
366 570
366 735
366 839
367 49
367 68
367 135
367 266
367 364
367 526
367 610
367 727
367 824
367 887
368 195
368 250
368 301
368 309
368 316
368 584
368 725
368 807
368 925
368 938
368 982
368 989
369 49
369 303
369 513
369 515
369 638
369 706
369 908
369 911
369 951
370 5
370 131
370 213
370 242
370 251
370 277
370 285
370 440
370 643
370 795
370 931
370 942
370 983
371 76
371 102
371 113
371 115
371 131
371 332
371 346
371 355
371 359
371 425
371 548
371 775
371 846
371 884
371 924
371 998
372 91
372 124
372 135
372 238
372 304
372 458
372 498
372 604
372 720
372 819
372 834
372 971
373 11
373 756
373 867
373 900
373 933
373 981
374 21
374 42
374 52
374 57
374 111
374 273
374 315
374 442
374 468
374 581
374 760
374 776
374 816
374 975
375 355
375 364
375 388
375 640
375 662
375 908
375 980
376 52
376 99
376 148
376 161
376 277
376 329
376 497
376 560
376 563
376 634
376 850
376 952
377 75
377 101
377 251
377 326
377 340
377 772
377 783
377 902
377 970
378 205
378 278
378 304
378 424
378 484
378 495
378 588
378 840
378 976
379 11
379 118
379 195
379 272
379 377
379 404
379 439
379 819
379 839
380 205
380 279
380 375
380 444
380 537
380 553
380 722
380 751
380 860
380 881
381 16
381 66
381 99
381 156
381 234
381 423
381 573
381 684
381 919
382 54
382 142
382 305
382 558
382 643
382 745
382 774
382 999
383 33
383 143
383 283
383 304
383 358
383 389
383 416
383 698
383 708
383 780
383 811
383 850
383 855
383 880
384 2
384 69
384 97
384 121
384 403
384 434
384 483
384 604
384 889
384 916
384 922
385 15
385 44
385 147
385 210
385 250
385 302
385 415
385 546
385 565
385 631
385 680
385 683
385 774
385 956
386 128
386 133
386 198
386 220
386 278
386 795
386 839
386 864
387 14
387 93
387 104
387 109
387 208
387 418
387 511
387 851
387 876
387 978
388 262
388 284
388 482
388 483
388 694
388 858
388 866
388 909
389 100
389 365
389 643
389 761
389 781
389 953
389 987
390 7
390 106
390 204
390 271
390 534
390 655
390 858
390 870
391 0
391 115
391 141
391 415
391 430
391 724
391 979
392 34
392 44
392 442
392 539
392 583
392 647
392 682
392 794
392 798
392 801
392 868
393 55
393 193
393 241
393 324
393 382
393 415
393 456
393 500
393 613
393 649
393 677
393 783
394 121
394 222
394 239
394 356
394 417
394 463
394 486
394 489
394 551
394 574
394 643
394 702
394 789
394 916
395 162
395 239
395 255
395 339
395 777
395 814
396 158
396 241
396 354
396 427
396 440
396 465
396 619
396 731
396 734
396 766
396 778
396 820
396 825
396 884
396 885
397 97
397 274
397 364
397 376
397 451
397 452
397 639
397 739
397 749
397 826
397 831
397 886
398 67
398 109
398 194
398 360
398 377
398 439
398 510
398 542
398 596
398 614
398 650
398 957
399 70
399 107
399 175
399 212
399 215
399 218
399 242
399 290
399 503
399 565
399 598
399 725
399 785
399 880
399 884
400 277
400 318
400 350
400 367
400 470
400 814
401 37
401 152
401 266
401 275
401 544
401 584
401 603
401 614
401 635
401 752
401 886
401 895
401 914
402 102
402 567
402 598
402 721
402 932
402 941
403 86
403 89
403 276
403 361
403 474
403 552
403 587
403 616
403 618
403 958
403 987
404 130
404 235
404 394
404 416
404 458
404 863
405 9
405 146
405 389
405 556
405 588
405 858
406 536
406 585
406 620
406 636
406 694
406 705
406 783
406 942
407 95
407 169
407 201
407 210
407 222
407 271
407 309
407 375
407 432
407 472
407 541
407 692
407 725
407 825
407 992
408 23
408 322
408 342
408 487
408 566
408 645
408 743
408 861
408 911
408 938
409 99
409 202
409 205
409 296
409 320
409 368
409 495
409 676
409 756
409 920
409 977
410 114
410 192
410 489
410 941
410 956
410 964
411 129
411 270
411 348
411 398
411 418
411 489
411 499
411 580
411 776
411 792
411 837
411 854
412 24
412 363
412 382
412 477
412 552
412 634
412 725
412 783
412 796
412 886
413 99
413 107
413 113
413 292
413 394
413 555
413 572
413 619
413 661
413 671
413 690
413 920
413 933
413 975
414 94
414 236
414 237
414 490
414 515
414 655
414 676
414 733
414 776
414 808
414 915
415 312
415 514
415 595
415 647
415 739
415 764
415 831
415 892
416 21
416 114
416 287
416 334
416 382
416 558
416 622
416 631
416 721
416 754
416 770
416 801
416 999
417 23
417 48
417 73
417 484
417 493
417 499
417 511
417 539
417 543
417 603
417 617
417 624
417 776
417 845
417 870
417 905
417 909
418 114
418 164
418 210
418 254
418 292
418 348
418 383
418 395
418 406
418 443
418 569
418 629
418 666
418 856
419 25
419 115
419 200
419 261
419 339
419 350
419 486
419 540
419 796
419 800
419 868
419 878
419 929
420 125
420 154
420 155
420 163
420 258
420 302
420 351
420 432
420 694
420 716
420 754
420 812
420 844
420 951
421 13
421 79
421 125
421 154
421 251
421 374
421 398
421 446
421 560
421 561
421 919
422 0
422 63
422 117
422 130
422 224
422 295
422 497
422 538
422 589
422 828
422 931
422 935
422 970
423 175
423 218
423 302
423 313
423 366
423 375
423 505
423 728
423 732
423 754
423 755
424 109
424 118
424 193
424 244
424 546
424 607
424 689
424 723
424 848
425 64
425 65
425 69
425 143
425 171
425 291
425 292
425 413
425 416
425 473
425 530
425 532
425 647
425 665
425 678
425 713
425 714
425 742
425 850
425 964
425 978
426 111
426 168
426 178
426 344
426 461
426 573
426 614
426 655
426 827
426 850
426 975
427 3
427 67
427 240
427 249
427 307
427 407
427 467
427 828
427 974
428 135
428 510
428 568
428 619
428 727
428 765
428 835
428 915
429 283
429 546
429 644
429 722
429 772
429 821
429 874
429 926
429 945
429 947
430 39
430 51
430 236
430 312
430 395
430 481
430 504
430 659
430 715
430 781
430 831
431 166
431 201
431 304
431 314
431 334
431 418
431 549
431 712
432 17
432 438
432 540
432 548
432 572
432 720
432 909
432 939
433 188
433 206
433 347
433 435
433 677
433 852
434 65
434 92
434 141
434 164
434 340
434 369
434 379
434 547
434 618
434 733
434 883
434 897
435 131
435 272
435 641
436 85
436 96
436 191
436 235
436 346
436 776
436 820
436 845
436 862
436 871
436 918
437 247
437 349
437 442
437 575
437 661
437 675
437 684
437 688
437 702
437 707
437 891
437 897
437 983
438 68
438 322
438 496
438 543
438 587
438 772
438 788
438 803
438 941
438 984
439 22
439 217
439 366
439 473
439 486
439 492
439 532
439 634
439 707
439 754
439 842
439 857
439 882
439 988
439 991
440 250
440 260
440 551
440 552
440 622
440 698
440 761
440 776
440 820
440 933
440 942
440 946
441 65
441 170
441 230
441 509
441 649
442 74
442 105
442 305
442 343
442 370
442 534
442 689
442 727
442 799
442 931
443 117
443 203
443 215
443 240
443 524
443 776
444 106
444 134
444 553
444 645
444 815
444 910
444 924
445 59
445 69
445 73
445 318
445 397
445 497
445 567
445 666
445 700
445 894
446 44
446 64
446 269
446 447
446 776
446 789
446 929
447 88
447 112
447 201
447 206
447 272
447 668
447 671
447 765
447 944
448 74
448 107
448 114
448 117
448 140
448 253
448 261
448 419
448 430
448 564
448 788
448 791
448 898
448 923
449 48
449 111
449 113
449 157
449 248
449 272
449 410
449 445
449 463
449 515
449 752
449 775
449 885
449 940
449 948
450 99
450 684
450 824
450 877
450 965
451 144
451 159
451 347
451 497
451 506
451 517
451 587
451 770
451 804
451 816
451 835
451 847
451 894
451 978
452 51
452 158
452 184
452 480
452 588
452 702
453 8
453 56
453 83
453 110
453 121
453 279
453 343
453 412
453 570
453 613
453 984
454 23
454 100
454 159
454 214
454 319
454 649
454 661
454 933
454 955
455 34
455 38
455 133
455 275
455 293
455 390
455 504
455 533
455 628
455 849
455 865
456 201
456 218
456 357
456 655
456 715
456 810
456 846
457 35
457 102
457 107
457 145
457 149
457 181
457 234
457 332
457 444
457 570
457 607
457 648
457 650
457 914
457 924
458 81
458 154
458 298
458 377
458 421
458 645
458 679
458 786
458 869
458 892
458 905
458 952
458 973
459 63
459 196
459 270
459 392
459 410
459 430
459 616
459 651
459 697
459 751
459 806
460 1
460 5
460 242
460 307
460 403
460 440
460 599
460 619
460 639
460 643
460 707
460 799
460 820
460 866
461 75
461 141
461 381
461 406
461 825
461 880
461 927
461 937
462 20
462 126
462 184
462 301
462 358
462 385
462 557
462 701
462 727
462 901
462 972
463 62
463 105
463 251
463 347
463 383
463 434
463 491
463 559
463 589
463 731
463 741
463 880
463 960
464 10
464 60
464 66
464 92
464 98
464 332
464 407
464 411
464 788
464 894
464 926
464 960
464 997
465 80
465 89
465 104
465 125
465 273
465 340
465 490
465 676
465 708
465 782
465 929
465 960
465 986
466 181
466 202
466 516
466 519
466 621
466 721
466 734
466 917
466 932
467 125
467 315
467 327
467 404
467 451
467 466
467 762
467 764
467 827
467 861
467 998
468 81
468 681
468 765
468 817
468 954
469 69
469 195
469 203
469 428
469 439
469 618
469 634
469 635
469 700
469 851
469 873
470 0
470 21
470 136
470 336
470 342
470 367
470 447
470 479
470 509
470 530
470 604
470 648
470 668
470 739
470 896
470 900
471 19
471 242
471 356
471 360
471 483
471 599
471 669
471 688
471 747
471 786
471 847
471 854
471 921
471 965
472 49
472 75
472 258
472 438
472 462
472 611
472 649
472 991
473 15
473 187
473 226
473 304
473 409
473 436
473 481
473 499
473 538
473 555
473 567
473 885
474 185
474 206
474 442
474 470
474 506
474 565
474 586
474 891
474 938
474 975
475 27
475 88
475 100
475 370
475 479
475 535
475 645
475 757
475 769
475 788
476 1
476 17
476 23
476 121
476 129
476 206
476 768
476 860
476 888
476 902
477 135
477 362
477 498
477 538
477 559
477 593
477 829
478 8
478 40
478 42
478 94
478 357
478 386
478 451
478 574
478 630
478 759
478 790
478 860
478 890
478 906
478 939
479 141
479 259
479 499
479 502
479 618
479 636
479 647
479 658
479 688
479 783
479 794
479 812
479 873
479 875
479 881
479 927
479 938
479 941
479 974
480 76
480 174
480 189
480 361
480 365
480 496
480 673
480 739
480 861
480 872
481 26
481 121
481 142
481 159
481 182
481 212
481 309
481 372
481 396
481 753
481 781
481 849
481 904
482 248
482 262
482 485
482 558
482 623
483 84
483 256
483 290
483 381
483 415
483 469
483 502
483 529
483 667
483 762
483 817
483 969
484 130
484 199
484 350
484 408
484 491
484 573
484 788
484 964
485 134
485 151
485 209
485 211
485 409
485 426
485 443
485 456
485 481
485 483
485 507
485 514
485 532
485 819
485 840
485 892
485 942
485 948
486 25
486 319
486 592
486 682
486 770
486 810
486 870
487 160
487 210
487 246
487 269
487 406
487 421
487 464
487 471
487 475
487 481
487 608
487 646
487 652
487 676
487 699
487 723
487 925
487 946
488 110
488 298
488 330
488 522
488 535
488 616
488 624
488 961
488 976
488 988
489 22
489 43
489 174
489 204
489 287
489 502
489 538
489 560
489 825
489 828
489 830
490 161
490 239
490 244
491 317
491 381
491 597
491 613
491 642
491 669
491 678
491 837
492 708
492 807
492 814
492 890
492 965
493 86
493 113
493 171
493 205
493 272
493 511
493 582
493 608
493 800
493 819
493 889
494 303
494 486
494 595
494 705
494 740
494 750
494 773
494 935
494 982
495 12
495 71
495 540
495 793
495 860
495 965
495 967
496 97
496 230
496 251
496 387
496 749
496 791
496 818
496 909
496 970
497 44
497 191
497 298
497 328
497 336
497 428
497 709
497 896
497 993
498 104
498 205
498 232
498 387
498 454
498 557
498 698
498 720
498 876
499 10
499 130
499 195
499 295
499 318
499 573
499 690
499 812
499 987
500 22
500 239
500 778
500 859
500 870
501 172
501 513
501 588
501 672
501 697
501 702
501 877
501 901
502 11
502 140
502 177
502 288
502 305
502 310
502 375
502 412
502 559
502 682
502 751
502 764
502 843
502 878
503 19
503 69
503 148
503 340
503 448
503 515
503 577
503 695
503 817
503 829
503 917
504 20
504 89
504 123
504 197
504 207
504 232
504 316
504 432
504 571
504 897
504 902
504 917
505 0
505 22
505 209
505 265
505 402
505 424
505 498
505 557
505 618
505 745
506 22
506 58
506 233
506 356
506 463
506 487
506 496
506 625
506 820
506 906
506 996
507 32
507 34
507 110
507 195
507 272
507 295
507 322
507 432
507 541
507 686
507 718
507 755
507 816
507 818
507 929
508 49
508 76
508 471
508 714
509 116
509 191
509 225
509 399
509 609
509 735
509 808
509 905
509 966
510 99
510 125
510 138
510 216
510 266
510 331
510 501
510 831
510 948
511 24
511 29
511 36
511 311
511 422
511 470
511 720
512 96
512 105
512 290
512 478
512 529
512 603
512 746
512 938
512 961
512 976
513 57
513 71
513 105
513 234
513 298
513 303
513 377
513 427
513 551
513 575
513 658
513 757
513 815
514 9
514 10
514 20
514 78
514 207
514 325
514 397
514 443
514 464
514 477
514 600
514 828
515 40
515 82
515 533
515 673
515 727
516 31
516 44
516 71
516 332
516 349
516 472
517 149
517 287
517 412
517 592
517 780
517 911
518 228
518 229
518 482
518 488
518 495
518 502
518 749
518 945
518 956
519 192
519 284
519 331
519 355
519 486
519 543
519 667
519 689
519 790
519 817
519 847
519 945
519 993
520 30
520 181
520 307
520 323
520 352
520 495
520 560
520 714
520 764
520 931
520 957
521 75
521 139
521 305
521 380
521 396
521 403
521 566
521 622
521 724
521 815
521 849
521 969
522 84
522 95
522 208
522 237
522 250
522 261
522 292
522 363
522 371
522 483
522 649
522 660
522 696
522 738
522 749
522 838
522 939
523 72
523 303
523 428
523 593
523 662
523 760
523 799
523 874
524 1
524 39
524 171
524 261
524 439
524 532
524 537
524 548
524 716
524 748
524 757
524 903
524 917
524 936
524 981
525 83
525 92
525 191
525 201
525 265
525 504
525 665
525 679
525 776
525 965
525 975
526 61
526 90
526 235
526 250
526 296
526 354
526 515
526 753
526 806
526 859
527 44
527 144
527 165
527 218
527 428
527 445
527 620
527 644
527 750
527 836
527 908
527 921
527 982
527 990
528 23
528 31
528 210
528 311
528 483
528 532
528 567
528 711
528 749
528 792
528 849
529 34
529 107
529 142
529 306
529 313
529 439
529 489
529 549
529 624
529 714
529 753
529 822
529 907
530 145
530 172
530 189
530 361
530 447
530 529
530 734
530 777
530 836
530 842
530 910
530 982
531 16
531 74
531 110
531 148
531 232
531 323
531 609
531 674
531 770
532 94
532 154
532 163
532 254
532 284
532 513
532 871
532 906
533 56
533 162
533 235
533 329
533 515
533 529
533 543
533 576
533 631
533 653
533 692
533 767
533 769
533 819
533 854
534 188
534 238
534 249
534 254
534 265
534 350
534 443
534 471
534 540
534 630
534 655
534 657
534 713
534 716
534 926
535 25
535 311
535 339
535 343
535 349
535 437
535 506
535 635
535 645
535 804
535 834
535 837
535 851
535 873
535 888
535 941
536 21
536 155
536 213
536 270
536 378
536 526
536 700
536 746
536 765
536 779
536 786
536 889
536 918
536 930
536 942
537 204
537 411
537 429
537 609
537 620
537 630
537 652
537 685
537 809
537 980
538 48
538 197
538 472
538 518
538 578
538 676
538 705
538 875
539 59
539 102
539 168
539 180
539 240
539 382
539 400
539 558
539 571
539 628
539 773
540 137
540 261
540 397
540 503
540 681
540 742
540 743
540 793
540 964
541 114
541 116
541 384
541 903
541 959
542 101
542 119
542 175
542 196
542 438
542 552
542 588
542 674
542 992
543 90
543 337
543 411
543 614
543 627
543 785
543 819
543 881
543 958
544 44
544 293
544 338
544 398
544 445
544 610
544 623
544 993
545 8
545 21
545 203
545 543
545 564
545 576
545 756
545 858
545 928
545 955
546 5
546 112
546 382
546 685
546 979
547 178
547 191
547 196
547 457
547 475
547 518
547 605
547 627
547 649
547 695
547 761
547 972
548 12
548 57
548 182
548 338
548 423
548 453
548 516
548 620
548 829
548 857
548 861
548 867
548 972
549 260
549 396
549 410
549 653
549 865
550 215
550 368
550 622
550 725
550 789
550 794
550 849
550 904
551 10
551 70
551 98
551 130
551 227
551 285
551 317
551 510
551 527
551 543
551 544
551 652
551 656
551 662
551 684
551 747
551 767
552 19
552 68
552 104
552 297
552 385
552 555
552 557
552 621
552 707
552 730
552 951
552 970
553 56
553 385
553 446
553 470
553 489
553 510
553 647
553 683
553 727
553 729
553 787
553 877
553 939
554 15
554 85
554 113
554 122
554 124
554 163
554 248
554 417
554 457
554 504
554 606
554 679
554 779
554 783
554 842
554 849
554 886
554 979
555 126
555 132
555 226
555 241
555 260
555 351
555 385
555 409
555 648
555 661
555 682
556 161
556 221
556 249
556 318
556 332
556 536
556 717
556 740
556 781
556 846
556 951
557 211
557 218
557 283
557 341
557 380
557 470
557 529
557 647
557 738
558 75
558 99
558 100
558 110
558 129
558 214
558 320
558 339
558 402
558 542
558 730
558 787
558 852
558 912
559 144
559 223
559 227
559 275
559 481
559 612
559 723
559 748
559 759
559 773
559 811
559 825
559 894
559 898
560 23
560 37
560 143
560 214
560 299
560 363
560 544
560 620
560 627
560 641
560 682
560 759
560 937
560 965
561 8
561 125
561 162
561 205
561 224
561 401
561 781
561 841
562 469
562 556
562 612
562 616
562 694
562 709
562 796
562 867
562 931
563 9
563 94
563 137
563 201
563 331
563 420
563 519
563 779
563 801
563 802
564 74
564 151
564 190
564 198
564 222
564 225
564 396
564 622
564 630
564 674
564 832
565 49
565 328
565 461
565 480
565 525
565 723
565 751
565 872
565 879
566 84
566 106
566 171
566 234
566 318
566 363
566 451
566 475
566 497
566 675
566 743
567 157
567 241
567 269
567 462
567 545
567 576
567 584
567 595
567 710
567 779
567 891
568 54
568 160
568 190
568 264
568 273
568 409
568 517
568 561
568 572
568 739
568 855
568 859
568 917
569 15
569 25
569 38
569 49
569 215
569 305
569 510
569 541
569 585
569 673
569 961
570 94
570 113
570 152
570 154
570 155
570 429
570 532
570 664
570 729
570 787
570 907
570 924
570 926
571 62
571 104
571 121
571 205
571 486
571 601
571 842
571 917
571 918
571 940
571 974
572 86
572 149
572 289
572 521
572 524
572 773
572 914
572 926
573 92
573 104
573 241
573 325
573 400
573 450
573 652
573 840
573 971
574 9
574 157
574 317
574 579
574 604
574 611
574 657
574 666
574 961
574 991
575 24
575 94
575 264
575 381
575 389
575 393
575 398
575 434
575 464
575 528
575 572
575 581
575 585
575 678
575 704
575 722
575 816
576 200
576 229
576 644
576 707
576 772
576 872
577 4
577 38
577 326
577 389
577 625
577 884
578 103
578 221
578 393
578 644
578 769
578 840
578 886
578 946
579 181
579 217
579 436
579 517
579 794
579 910
580 40
580 520
580 530
580 577
580 634
580 678
580 692
580 702
580 803
580 999
581 54
581 258
581 264
581 288
581 296
581 312
581 346
581 425
581 606
581 692
581 832
581 879
581 946
581 953
582 64
582 223
582 305
582 495
582 684
582 699
582 702
582 828
582 933
583 33
583 138
583 172
583 230
583 270
583 316
583 383
583 561
583 580
583 758
583 771
583 883
583 987
584 198
584 221
584 314
584 487
584 657
584 755
584 758
584 836
584 837
585 138
585 243
585 367
585 375
585 402
585 413
585 501
585 537
585 686
585 886
585 996
586 26
586 130
586 415
586 489
586 710
587 313
587 428
587 713
587 859
587 880
587 934
587 963
587 978
587 997
588 28
588 126
588 277
588 322
588 366
588 416
588 434
588 455
588 534
588 557
588 660
588 793
588 913
589 77
589 158
589 334
589 426
589 478
589 767
589 781
589 921
590 29
590 246
590 278
590 337
590 346
590 380
590 403
590 557
590 696
590 772
590 923
591 11
591 157
591 282
591 287
591 372
591 539
591 583
591 613
591 739
591 746
592 137
592 177
592 334
592 421
592 807
592 948
593 38
593 46
593 77
593 141
593 243
593 300
593 345
593 397
593 415
593 432
593 492
593 715
593 801
593 806
593 897
593 924
593 964
594 84
594 88
594 99
594 140
594 175
594 216
594 340
594 368
594 377
594 490
594 498
594 532
594 558
594 614
594 965
595 92
595 135
595 214
595 217
595 291
595 297
595 628
595 743
595 762
595 828
595 840
596 308
596 354
596 606
596 654
597 10
597 14
597 39
597 413
597 529
597 608
597 930
597 935
597 980
598 162
598 219
598 319
598 392
598 421
598 440
598 457
598 505
598 626
598 639
598 803
599 180
599 435
599 501
599 534
599 852
600 38
600 91
600 123
600 308
600 505
600 542
600 582
600 896
601 36
601 127
601 292
601 404
601 492
601 730
601 831
601 835
601 862
601 898
601 925
602 161
602 190
602 314
602 441
602 515
602 554
602 586
602 694
602 700
602 824
602 916
602 922
602 928
603 238
603 317
603 439
603 488
603 549
603 568
603 646
603 718
603 774
603 790
603 871
603 940
603 984
604 72
604 80
604 463
604 501
604 540
604 661
604 921
604 931
605 115
605 162
605 189
605 245
605 529
605 580
605 662
605 680
605 713
606 54
606 60
606 196
606 460
606 514
606 523
606 569
606 637
606 704
606 712
607 95
607 118
607 169
607 309
607 447
607 735
607 736
607 800
607 860
607 959
608 35
608 41
608 53
608 73
608 189
608 269
608 700
608 777
608 904
608 950
609 32
609 35
609 114
609 123
609 179
609 187
609 325
609 402
609 591
609 713
609 755
609 931
610 46
610 110
610 256
610 361
610 419
610 486
610 488
610 535
610 678
610 986
611 10
611 32
611 408
611 471
611 480
611 579
611 643
611 699
611 799
611 846
611 847
612 54
612 120
612 355
612 473
612 542
612 563
612 654
612 703
612 809
612 846
612 876
612 915
613 10
613 309
613 486
613 518
613 544
613 790
613 891
614 61
614 692
614 800
614 827
614 853
615 77
615 121
615 241
615 244
615 542
615 558
615 613
615 690
615 708
615 769
615 806
615 881
616 45
616 106
616 116
616 226
616 373
616 398
616 761
616 831
616 946
616 949
616 986
617 27
617 117
617 147
617 148
617 176
617 198
617 476
617 600
617 601
617 631
617 807
617 880
617 885
618 273
618 349
618 356
618 359
619 136
619 150
619 180
619 395
619 426
619 534
619 623
619 938
620 79
620 302
620 308
620 440
620 612
620 829
621 103
621 122
621 313
621 356
621 397
621 433
621 531
621 712
621 796
621 812
621 996
622 67
622 101
622 114
622 174
622 328
622 349
622 467
622 682
622 715
622 793
622 917
623 93
623 122
623 133
623 311
623 385
623 735
623 741
623 826
623 878
623 885
624 20
624 62
624 110
624 118
624 153
624 170
624 338
624 362
624 371
624 572
624 583
624 605
624 935
625 1
625 17
625 22
625 147
625 439
625 471
625 510
625 766
626 301
626 528
626 563
626 662
626 730
626 767
626 811
627 392
627 419
627 600
627 836
627 894
627 895
627 905
627 928
628 36
628 39
628 79
628 128
628 138
628 212
628 227
628 302
628 309
628 359
628 419
628 476
628 533
628 538
628 810
629 91
629 146
629 215
629 313
629 343
629 410
629 495
629 531
629 790
630 226
630 265
630 283
630 688
630 785
630 802
630 855
630 968
631 19
631 24
631 153
631 489
631 662
631 682
631 824
631 864
631 959
631 968
631 989
632 101
632 408
632 483
632 563
632 577
632 615
632 619
632 669
632 706
632 855
633 105
633 188
633 335
633 430
633 590
633 661
633 669
633 701
633 770
633 795
633 948
634 129
634 205
634 310
634 320
634 323
634 350
634 372
634 585
634 692
635 30
635 150
635 261
635 344
635 527
635 753
635 801
635 816
635 847
635 908
635 993
635 994
636 231
636 458
636 550
636 727
636 774
637 58
637 77
637 355
637 448
637 490
637 679
637 681
637 818
637 993
638 6
638 168
638 200
638 345
638 359
638 361
638 571
638 695
638 825
638 920
638 978
639 9
639 137
639 274
639 345
639 555
639 695
639 759
639 780
639 832
639 888
640 38
640 185
640 209
640 264
640 405
640 652
640 702
640 842
640 905
640 947
641 66
641 131
641 147
641 216
641 255
641 292
641 306
641 307
641 619
641 677
641 707
641 750
641 802
641 808
641 888
641 933
642 348
642 378
642 466
642 481
642 594
642 628
642 651
642 764
642 768
642 860
643 20
643 25
643 311
643 402
643 426
643 443
643 588
643 607
643 618
643 715
643 781
643 919
643 924
643 938
643 988
644 15
644 21
644 61
644 62
644 359
644 372
644 444
644 462
644 615
644 635
644 755
644 776
644 853
644 944
644 968
645 100
645 128
645 306
645 453
645 503
645 579
645 580
645 789
645 840
645 932
645 937
645 995
646 167
646 187
646 386
646 460
646 649
646 867
646 895
647 120
647 144
647 146
647 148
647 256
647 257
647 425
647 450
647 451
647 502
647 523
647 678
647 837
648 331
648 405
648 431
648 469
648 523
648 675
648 709
648 827
649 348
649 369
649 396
649 459
649 474
649 495
649 800
649 896
649 915
650 7
650 424
650 452
650 607
650 688
650 703
650 751
650 814
650 962
651 27
651 226
651 343
651 371
651 420
651 473
651 529
651 635
651 848
652 31
652 70
652 104
652 106
652 146
652 167
652 299
652 314
652 511
652 645
652 672
652 703
652 772
652 807
652 958
653 86
653 197
653 243
653 605
653 748
653 863
654 43
654 71
654 178
654 198
654 234
654 399
654 487
654 551
654 990
655 174
655 303
655 755
655 882
656 152
656 268
656 439
656 544
656 574
656 608
656 614
656 655
656 944
656 980
657 142
657 396
657 493
657 655
657 745
658 40
658 41
658 79
658 157
658 207
658 286
658 299
658 371
658 456
658 536
658 834
658 873
658 909
659 111
659 131
659 140
659 169
659 456
659 466
659 534
659 968
660 83
660 91
660 107
660 186
660 580
660 587
660 641
660 667
660 747
660 780
660 794
660 816
660 917
661 282
661 300
661 439
661 458
661 562
661 604
661 676
661 872
661 876
662 102
662 216
662 296
662 300
662 321
662 523
662 795
663 59
663 177
663 182
663 183
663 230
663 308
663 320
663 381
663 383
663 444
663 759
664 34
664 79
664 373
664 513
664 521
664 728
664 813
664 930
665 73
665 96
665 160
665 537
665 589
665 700
665 877
665 898
665 933
666 21
666 156
666 216
666 410
666 814
666 956
667 213
667 227
667 314
667 597
667 608
667 757
667 844
667 935
667 977
668 236
668 307
668 384
668 389
668 595
668 771
668 851
668 993
669 93
669 257
669 449
669 455
669 464
669 521
669 537
669 696
669 703
669 888
669 922
669 989
670 189
670 301
670 491
670 543
670 653
670 666
670 715
670 802
670 853
671 26
671 305
671 459
671 500
671 642
671 718
671 915
672 16
672 59
672 150
672 152
672 249
672 314
672 357
672 612
672 615
672 623
672 761
672 802
672 854
672 969
673 3
673 36
673 64
673 129
673 527
673 630
673 692
673 708
673 715
673 774
673 849
674 237
674 334
674 456
674 817
675 347
675 399
675 439
675 505
675 607
675 713
675 839
675 890
676 88
676 368
676 431
676 687
676 888
676 983
677 53
677 171
677 183
677 206
677 229
677 287
677 352
677 436
677 448
677 476
677 641
677 910
678 195
678 423
678 473
678 503
678 547
678 567
678 723
678 726
678 869
678 981
679 254
679 322
679 366
679 380
679 532
679 553
679 554
679 623
679 635
679 688
679 707
679 864
679 973
680 93
680 214
680 366
680 536
680 572
680 627
680 642
680 700
680 929
681 17
681 37
681 244
681 335
681 370
681 585
681 686
681 702
681 708
681 818
681 874
681 945
681 999
682 94
682 577
683 56
683 119
683 234
684 14
684 31
684 48
684 137
684 258
684 319
684 638
684 871
684 966
684 992
685 149
685 221
685 228
685 349
685 414
685 455
685 483
685 705
685 883
685 890
685 902
686 228
686 318
686 401
686 402
686 543
686 854
687 151
687 163
687 522
687 564
687 603
687 719
687 889
687 924
688 0
688 98
688 129
688 215
688 251
688 334
688 348
688 409
688 412
688 720
688 762
688 820
688 825
688 908
689 15
689 255
689 429
689 577
689 628
689 688
689 706
689 968
689 976
690 252
690 374
690 551
690 585
690 655
690 683
690 971
691 109
691 167
691 313
691 325
691 393
691 534
691 639
691 880
691 948
691 978
692 59
692 62
692 80
692 249
692 316
692 359
692 368
692 448
692 628
692 687
692 740
693 63
693 133
693 429
693 593
693 605
693 662
693 738
693 785
693 844
693 895
694 118
694 146
694 232
694 241
694 301
694 499
694 516
694 651
694 838
695 16
695 166
695 178
695 181
695 237
695 407
695 488
695 574
695 642
695 745
695 916
696 103
696 210
696 214
696 294
696 352
696 402
696 418
696 445
696 643
696 664
696 666
696 856
696 961
697 3
697 144
697 483
697 514
697 534
697 607
697 622
697 956
697 984
698 44
698 77
698 99
698 422
698 440
698 543
698 611
698 664
698 821
699 222
699 594
699 649
699 692
699 745
699 790
699 818
699 908
699 924
699 994
700 48
700 216
700 305
700 379
700 538
700 606
700 713
700 760
700 930
700 946
700 955
701 62
701 114
701 158
701 170
701 353
701 409
701 622
701 797
701 934
701 964
701 980
702 54
702 154
702 194
702 318
702 326
702 354
702 429
702 457
702 460
702 527
702 691
702 723
702 872
702 936
702 984
703 132
703 155
703 159
703 236
703 262
703 326
703 428
703 524
703 690
703 921
703 996
704 136
704 359
704 467
704 517
704 593
704 720
704 794
705 18
705 92
705 138
705 192
705 236
705 237
705 275
705 344
705 544
705 569
705 580
705 693
705 723
705 774
705 798
706 37
706 79
706 111
706 213
706 286
706 313
706 356
706 536
706 554
706 567
706 611
706 617
706 745
706 747
706 781
706 880
707 118
707 152
707 214
707 305
707 399
707 528
707 570
707 974
708 12
708 105
708 203
708 220
708 362
708 448
708 789
708 905
708 916
708 983
709 25
709 88
709 115
709 137
709 173
709 215
709 257
709 328
709 456
709 509
709 530
709 532
709 550
709 623
709 861
710 368
710 375
710 483
710 582
710 586
710 588
710 623
710 655
710 681
710 882
711 209
711 219
711 430
711 477
711 539
711 707
711 918
711 940
711 948
712 3
712 99
712 218
712 280
712 471
712 618
712 817
712 880
712 905
713 112
713 262
713 347
713 370
713 405
713 572
713 646
713 948
714 90
714 116
714 244
714 388
714 761
714 880
714 928
715 118
715 217
715 221
715 228
715 466
715 471
715 679
715 911
715 961
716 36
716 40
716 101
716 105
716 307
716 372
716 458
716 572
716 663
716 725
717 213
717 334
717 384
717 531
717 572
717 676
717 843
717 862
717 997
718 1
718 85
718 145
718 210
718 515
718 531
718 787
718 788
718 816
718 820
719 84
719 165
719 190
719 310
719 437
719 798
719 872
719 885
719 921
720 84
720 85
720 313
720 341
720 468
720 532
721 124
721 161
721 298
721 517
721 685
721 698
721 726
722 196
722 258
722 362
722 365
722 511
722 792
722 908
722 932
723 118
723 215
723 325
723 541
723 626
723 718
723 894
724 71
724 97
724 183
724 377
724 390
724 412
724 467
724 553
724 613
724 661
724 694
724 737
725 193
725 249
725 322
725 342
725 543
725 570
725 593
725 883
725 965
726 7
726 39
726 315
726 709
726 730
726 735
726 961
726 978
727 52
727 97
727 205
727 471
727 486
727 608
727 678
727 721
727 854
728 21
728 112
728 533
728 648
728 804
728 903
728 919
729 47
729 125
729 135
729 162
729 234
729 309
729 412
729 523
729 647
730 18
730 80
730 179
730 188
730 291
730 450
730 465
730 634
730 708
730 967
731 230
731 340
731 464
731 492
731 999
732 202
732 307
732 346
732 394
732 627
732 734
732 902
732 912
732 948
733 141
733 202
733 274
733 287
733 328
733 422
733 473
733 485
733 635
733 675
733 709
733 712
733 926
734 21
734 200
734 213
734 591
734 646
734 718
734 757
734 766
734 995
735 56
735 311
735 494
735 496
735 552
735 553
735 590
735 664
735 926
736 95
736 100
736 163
736 170
736 565
736 669
736 725
736 860
736 987
737 57
737 59
737 72
737 435
737 437
737 521
737 661
737 879
737 909
737 919
737 928
737 942
738 101
738 113
738 163
738 184
738 304
738 366
738 418
738 824
738 965
739 34
739 35
739 41
739 87
739 98
739 116
739 255
739 258
739 270
739 321
739 354
739 446
739 562
739 609
739 676
739 753
740 57
740 61
740 166
740 194
740 204
740 327
740 365
740 664
740 744
740 766
740 925
741 33
741 126
741 348
741 490
741 568
741 697
741 830
741 878
741 962
742 44
742 283
742 470
742 502
742 707
742 805
742 806
742 876
742 970
743 9
743 118
743 337
743 441
743 472
743 529
743 642
743 698
743 895
743 925
744 100
744 235
744 423
744 465
744 482
744 641
744 653
744 762
744 834
745 34
745 51
745 69
745 344
745 475
745 493
745 607
745 620
745 697
745 784
745 866
745 958
746 42
746 221
746 387
746 444
746 690
746 697
747 110
747 394
747 449
747 575
747 651
747 884
747 974
748 12
748 33
748 51
748 60
748 235
748 390
748 462
748 543
748 723
748 798
748 821
748 881
748 933
749 11
749 24
749 175
749 239
749 278
749 391
749 841
749 910
749 917
749 945
750 36
750 185
750 204
750 215
750 341
750 541
750 554
750 754
750 785
750 875
750 941
751 20
751 76
751 148
751 226
751 341
751 436
751 485
751 539
751 570
751 725
751 780
751 876
751 942
751 952
751 960
751 997
752 78
752 178
752 234
752 543
752 577
752 644
752 716
752 826
752 878
753 83
753 210
753 312
753 680
753 697
753 899
753 907
753 956
754 186
754 188
754 253
754 300
754 338
754 379
754 462
754 488
754 611
754 946
755 49
755 138
755 184
755 202
755 371
755 854
755 996
756 0
756 14
756 81
756 266
756 279
756 329
756 547
756 630
756 724
756 760
756 813
756 814
756 934
757 52
757 172
757 197
757 400
757 401
757 459
757 662
757 695
757 719
757 727
757 778
757 991
758 72
758 86
758 127
758 131
758 193
758 258
758 344
758 494
758 519
758 608
758 732
758 834
758 857
759 121
759 191
759 207
759 216
759 230
759 263
759 543
759 629
759 693
759 712
759 766
760 18
760 161
760 315
760 388
760 529
760 551
760 580
760 765
760 769
761 62
761 130
761 172
761 203
761 247
761 456
761 528
761 672
761 696
761 724
761 882
761 925
762 10
762 54
762 222
762 316
762 361
762 601
762 741
762 777
762 813
762 849
763 186
763 430
763 452
763 531
763 542
763 544
763 804
763 834
763 939
763 949
763 990
764 82
764 140
764 178
764 294
764 307
764 351
764 534
764 625
764 722
764 768
764 791
764 897
765 29
765 75
765 82
765 160
765 161
765 187
765 212
765 233
765 345
765 457
765 502
765 547
765 631
765 682
766 81
766 257
766 572
766 629
766 686
766 846
766 856
767 36
767 232
767 339
767 384
767 695
767 793
767 805
767 833
767 914
768 93
768 127
768 186
768 191
768 268
768 283
768 335
768 522
768 617
768 735
768 939
769 216
769 265
769 384
769 392
769 655
769 684
769 686
769 691
769 724
769 726
769 776
769 821
769 893
770 129
770 168
770 203
770 393
770 430
770 451
770 467
770 650
770 729
770 733
770 796
770 929
770 953
770 973
770 978
771 68
771 88
771 128
771 272
771 435
771 446
771 639
771 667
771 684
771 795
771 811
771 852
771 932
772 103
772 170
772 171
772 213
772 295
772 418
772 426
772 451
772 666
772 669
772 713
772 870
772 894
773 119
773 146
773 187
773 243
773 389
773 403
773 407
773 547
773 592
773 774
773 876
773 964
774 15
774 153
774 247
774 268
774 274
774 405
774 506
774 524
774 576
774 588
774 595
774 724
774 808
774 809
774 891
774 906
774 982
775 150
775 407
775 527
775 696
776 4
776 361
776 783
776 820
777 187
777 328
777 562
777 591
777 651
777 652
777 744
777 757
778 109
778 117
778 142
778 274
778 301
778 461
778 511
778 592
778 982
779 301
779 318
779 339
779 443
779 542
779 598
779 720
779 726
779 843
779 939
780 37
780 76
780 152
780 227
780 384
780 536
780 734
780 813
781 158
781 196
781 231
781 233
781 261
781 585
781 871
781 873
781 900
781 993
782 45
782 55
782 67
782 425
782 471
782 680
782 705
782 947
783 33
783 55
783 61
783 264
783 384
783 449
783 588
783 607
783 694
783 707
783 848
784 196
784 341
784 477
784 486
784 581
784 689
784 888
785 241
785 319
785 421
785 428
785 462
785 547
785 553
785 683
785 888
786 13
786 31
786 61
786 100
786 123
786 187
786 210
786 211
786 332
786 356
786 489
786 609
786 710
786 721
787 72
787 460
787 483
787 613
787 650
787 681
787 711
787 739
787 796
788 84
788 128
788 187
788 236
788 274
788 583
788 649
788 736
788 751
788 781
788 922
788 950
789 52
789 68
789 131
789 161
789 163
789 196
789 260
789 383
789 471
789 479
789 625
789 930
789 952
789 964
789 985
790 32
790 45
790 57
790 317
790 414
790 650
790 664
790 682
790 714
790 752
790 772
791 78
791 167
791 173
791 202
791 347
791 499
791 591
791 616
791 651
791 683
791 684
791 695
791 843
791 919
792 86
792 244
792 258
792 283
792 385
792 403
792 713
793 194
793 401
793 428
793 519
793 520
793 531
793 534
793 570
793 601
793 718
793 878
793 879
794 185
794 322
794 422
794 523
794 688
794 725
794 726
794 871
794 880
795 177
795 371
795 384
795 512
795 618
795 687
795 835
795 911
796 124
796 177
796 305
796 349
796 373
796 582
796 664
796 668
796 721
797 153
797 391
797 528
797 570
797 612
797 641
797 786
797 795
797 851
797 923
798 16
798 48
798 75
798 81
798 126
798 290
798 388
798 389
798 601
798 731
798 788
798 947
799 231
799 292
799 423
799 454
799 544
799 710
799 912
799 931
799 993
800 143
800 256
800 404
800 471
800 814
800 865
800 968
800 998
801 61
801 214
801 331
801 445
801 527
801 744
801 867
802 79
802 106
802 225
802 282
802 433
802 606
802 926
803 16
803 83
803 147
803 166
803 315
803 365
803 441
803 598
803 603
803 604
803 780
803 793
803 836
803 837
803 840
803 906
804 247
804 334
804 687
804 766
804 836
804 864
805 191
805 205
805 262
805 572
806 9
806 18
806 229
806 261
806 293
806 409
806 520
806 601
806 629
806 813
806 876
806 923
806 988
807 66
807 78
807 167
807 285
807 325
807 363
807 376
807 640
807 650
807 792
807 821
807 828
807 857
807 863
807 894
808 8
808 108
808 300
808 306
808 391
808 446
808 523
808 701
808 723
808 831
808 910
809 189
809 193
809 317
809 404
809 416
809 740
809 857
809 873
809 956
810 6
810 13
810 20
810 59
810 443
810 519
810 623
810 701
810 726
810 847
810 991
811 26
811 45
811 214
811 224
811 311
811 352
811 491
811 574
811 705
811 745
811 798
811 814
811 819
811 845
811 863
811 932
811 938
811 993
812 56
812 303
812 431
812 663
812 718
812 815
812 986
813 3
813 110
813 346
813 374
813 481
813 623
813 704
813 959
814 75
814 107
814 193
814 229
814 317
814 425
814 445
814 456
814 501
814 524
814 763
814 786
814 973
815 43
815 255
815 278
815 282
815 493
815 767
815 828
816 233
816 268
816 376
816 421
816 543
816 600
816 777
816 965
816 983
816 986
817 195
817 222
817 288
817 296
817 437
817 464
817 530
817 541
817 593
817 594
817 683
817 741
817 826
817 883
817 958
818 27
818 56
818 250
818 270
818 272
818 561
818 654
818 801
818 811
818 847
818 883
818 949
818 976
819 20
819 156
819 252
819 420
819 485
819 722
819 749
819 777
819 784
819 798
819 838
820 30
820 220
820 261
820 356
820 440
820 653
820 721
820 750
820 836
821 102
821 260
821 315
821 322
821 506
821 674
821 678
821 912
822 248
822 331
822 385
822 630
822 783
822 826
822 828
822 887
822 976
823 127
823 176
823 201
823 203
823 425
823 481
823 561
823 701
823 756
823 903
823 958
823 965
824 312
824 325
824 366
824 437
824 777
824 783
824 838
824 941
825 21
825 38
825 213
825 432
825 504
825 510
825 564
825 576
825 633
825 743
825 751
825 777
825 807
825 965
825 988
826 87
826 250
826 278
826 330
826 354
826 362
826 384
826 543
826 566
826 699
826 764
826 795
826 802
827 32
827 40
827 210
827 425
827 550
827 567
827 587
827 701
827 843
828 37
828 187
828 254
828 414
828 423
828 437
828 454
828 464
828 539
828 552
828 617
828 620
828 748
828 854
829 173
829 225
829 282
829 423
829 447
829 567
829 663
829 725
829 743
829 819
829 821
829 839
829 854
830 19
830 133
830 315
830 354
830 388
830 396
830 412
830 415
830 476
830 504
830 600
830 751
830 884
831 93
831 131
831 139
831 204
831 210
831 249
831 310
831 319
831 450
831 592
831 633
831 658
831 767
831 837
831 915
831 922
831 981
831 982
832 321
832 333
832 380
832 541
832 561
832 624
832 812
832 866
833 0
833 18
833 134
833 156
833 292
833 329
833 434
833 498
833 530
833 650
833 806
833 828
833 931
834 17
834 56
834 63
834 106
834 118
834 121
834 138
834 302
834 347
834 362
834 415
834 471
834 728
834 769
834 821
834 838
834 842
835 290
836 6
836 55
836 162
836 171
836 173
836 223
836 327
836 463
836 613
836 674
836 704
836 929
837 172
837 176
837 225
837 307
837 368
837 437
837 474
837 599
837 840
837 863
837 885
837 962
838 92
838 249
838 260
838 279
838 345
838 397
838 505
838 555
838 712
838 723
838 755
838 889
839 267
839 612
839 622
839 735
839 981
840 182
840 372
840 677
840 681
840 715
840 896
841 5
841 23
841 289
841 366
841 432
841 480
841 503
841 515
841 567
841 688
841 796
841 805
841 947
841 979
842 210
842 221
842 235
842 421
842 487
842 494
842 660
842 673
842 727
842 736
842 898
842 940
842 943
843 66
843 139
843 492
843 534
843 590
843 615
843 703
843 729
843 780
843 868
844 132
844 137
844 427
844 513
844 657
844 781
844 905
844 965
844 968
844 988
845 62
845 93
845 96
845 263
845 345
845 377
845 413
845 479
845 548
846 80
846 114
846 187
846 326
846 445
846 517
846 602
846 752
846 806
846 875
847 6
847 41
847 126
847 175
847 399
847 467
847 498
847 599
847 737
847 850
847 935
848 118
848 187
848 195
848 231
848 245
848 317
848 360
848 463
848 547
848 661
848 832
848 888
849 7
849 137
849 140
849 455
849 659
849 665
849 677
849 758
849 772
849 909
850 169
850 262
850 274
850 322
850 354
850 371
850 375
850 526
850 687
850 797
850 970
851 5
851 70
851 126
851 359
851 413
851 484
851 572
851 754
851 803
851 849
851 983
852 221
852 234
852 300
852 318
852 343
852 351
852 431
852 599
852 760
852 860
853 428
853 452
853 454
853 458
853 538
853 569
853 872
854 19
854 199
854 215
854 302
854 396
854 486
854 504
854 529
854 720
854 911
854 945
855 72
855 249
855 432
855 527
855 551
855 569
855 646
855 680
855 742
855 864
855 920
856 17
856 208
856 445
856 534
856 552
856 653
856 767
856 785
856 814
856 919
856 997
857 91
857 186
857 301
857 328
857 426
857 625
857 656
857 663
857 731
857 764
858 22
858 57
858 64
858 201
858 309
858 375
858 384
858 405
858 464
858 888
858 895
859 50
859 55
859 129
859 141
859 182
859 402
859 468
859 483
859 484
859 495
859 502
859 507
859 690
860 209
860 288
860 500
860 575
860 747
860 782
860 789
860 885
861 4
861 122
861 194
861 296
861 322
861 401
861 429
861 471
861 731
862 42
862 356
862 409
862 415
862 581
862 644
862 757
862 962
862 987
863 13
863 47
863 197
863 457
863 687
863 702
863 871
864 104
864 146
864 233
864 344
864 357
864 372
864 587
864 589
864 594
864 642
864 646
864 825
864 835
864 954
865 165
865 260
865 279
865 400
865 445
865 550
865 851
865 976
865 989
866 72
866 114
866 139
866 411
866 650
866 723
866 726
866 805
866 987
867 20
867 66
867 141
867 148
867 184
867 223
867 246
867 305
867 338
867 398
867 453
867 660
867 695
867 706
867 734
867 758
867 778
867 800
867 824
867 941
868 6
868 210
868 381
868 386
868 827
868 950
869 14
869 42
869 139
869 569
869 705
869 887
870 21
870 63
870 129
870 393
870 536
870 559
870 660
870 855
870 903
870 947
871 112
871 132
871 141
871 261
871 458
871 493
871 566
871 580
871 642
871 690
871 715
871 716
871 958
872 57
872 58
872 300
872 398
872 411
872 469
872 577
873 593
873 638
873 742
873 858
873 885
874 18
874 55
874 66
874 366
874 369
874 601
874 823
874 864
875 41
875 108
875 286
875 345
875 366
875 448
875 595
875 618
875 679
875 752
875 824
875 903
875 920
876 35
876 93
876 327
876 541
876 613
876 933
877 31
877 162
877 175
877 225
877 229
877 246
877 301
877 393
877 557
877 661
877 716
877 814
877 840
878 64
878 194
878 845
879 160
879 369
879 531
879 578
879 590
879 746
879 802
880 54
880 70
880 149
880 353
880 355
880 374
880 399
880 470
880 492
880 689
880 729
880 760
880 830
880 887
880 906
880 936
880 962
881 423
881 505
881 583
881 689
881 749
881 873
882 299
882 466
882 653
882 664
882 667
882 825
882 924
882 989
883 80
883 242
883 396
883 542
883 612
883 886
883 890
884 638
884 672
884 862
884 964
884 968
884 978
885 108
885 187
885 201
885 262
885 269
885 319
885 384
885 405
885 516
885 541
885 702
885 761
885 765
885 772
885 903
886 29
886 65
886 109
886 140
886 142
886 242
886 389
886 411
886 643
886 654
886 765
886 860
886 967
887 4
887 245
887 304
887 336
887 447
887 589
887 614
887 884
887 933
888 39
888 79
888 111
888 139
888 232
888 438
888 463
888 716
888 774
888 993
889 39
889 89
889 94
889 135
889 143
889 175
889 285
889 485
889 563
889 670
889 680
889 703
889 841
889 882
889 906
890 53
890 118
890 124
890 153
890 203
890 290
890 322
890 407
890 446
890 507
890 509
890 524
890 611
890 646
890 688
890 692
890 797
890 876
891 227
891 230
891 317
891 378
891 599
891 986
892 133
892 170
892 175
892 265
892 346
892 901
892 960
892 992
893 54
893 259
893 340
893 503
893 579
893 611
893 692
893 741
893 756
893 882
893 978
894 81
894 86
894 143
894 266
894 368
894 393
894 632
894 683
894 719
894 753
894 827
895 65
895 203
895 228
895 311
895 338
895 480
895 511
895 655
895 732
895 842
895 869
895 923
896 467
896 482
896 486
896 521
896 595
896 740
896 792
896 855
897 5
897 24
897 69
897 94
897 156
897 171
897 224
897 235
897 276
897 436
897 483
897 566
897 747
897 754
897 794
898 51
898 73
898 113
898 236
898 294
898 363
898 405
898 882
898 933
898 945
898 957
898 964
899 80
899 236
899 294
899 331
899 383
899 404
899 439
899 517
899 546
899 569
899 583
899 786
899 896
900 16
900 89
900 167
900 456
900 937
900 973
901 101
901 149
901 261
901 356
901 393
901 673
901 703
901 710
901 755
901 789
902 236
902 339
902 378
902 438
902 561
902 659
902 696
902 753
902 933
903 262
903 283
903 396
903 428
903 549
903 822
903 978
904 90
904 221
904 369
904 534
904 536
904 568
904 583
904 588
904 621
904 687
904 739
904 826
904 914
905 39
905 41
905 82
905 339
905 427
905 482
905 552
905 661
905 853
905 964
906 63
906 83
906 693
906 878
906 989
907 34
907 84
907 294
907 404
907 554
907 580
907 598
907 694
907 999
908 5
908 206
908 360
908 375
908 496
908 512
908 519
908 748
908 820
908 927
909 34
909 132
909 212
909 257
909 262
909 291
909 331
909 342
909 385
909 482
909 535
909 656
909 712
909 729
909 969
910 480
910 532
910 537
910 551
910 655
910 817
910 891
911 85
911 106
911 119
911 321
911 354
911 454
911 528
911 618
911 769
911 863
911 902
911 966
911 981
912 509
912 547
912 622
912 745
912 769
912 791
912 861
912 975
912 992
913 25
913 82
913 128
913 228
913 343
913 415
913 416
913 520
913 530
913 531
913 585
913 650
913 902
914 207
914 258
914 313
914 547
914 720
914 770
914 961
915 33
915 44
915 55
915 93
915 162
915 187
915 267
915 278
915 415
915 482
915 774
915 861
915 887
915 964
916 168
916 239
916 416
916 422
916 598
916 798
916 806
916 823
916 917
917 135
917 172
917 304
917 321
917 328
917 346
917 400
917 404
917 425
917 454
917 475
917 532
917 593
917 644
917 671
917 679
917 764
917 907
917 983
918 176
918 221
918 314
918 369
918 509
918 514
918 564
919 46
919 55
919 68
919 394
919 720
919 819
919 896
919 944
920 4
920 11
920 333
920 431
920 473
920 497
920 594
920 608
920 671
920 796
920 953
921 11
921 76
921 89
921 113
921 156
921 287
921 307
921 599
921 737
921 798
921 848
921 877
921 947
921 987
922 93
922 255
922 287
922 333
922 366
922 372
922 409
922 730
922 870
922 932
922 948
922 996
923 174
923 189
923 322
923 354
923 360
923 373
923 500
923 577
923 599
923 701
923 717
923 783
923 786
923 803
923 825
923 852
924 115
924 201
924 204
924 361
924 474
924 604
924 690
924 805
925 33
925 167
925 206
925 254
925 450
925 572
925 876
926 100
926 464
926 564
926 595
926 952
927 37
927 124
927 387
927 394
927 615
927 803
927 815
927 860
927 879
927 981
927 985
928 189
928 315
928 334
928 373
928 399
928 494
928 519
928 651
928 713
929 99
929 111
929 542
929 663
929 753
930 86
930 95
930 226
930 265
930 268
930 343
930 394
930 427
930 433
930 509
930 517
930 646
930 951
930 992
931 48
931 55
931 66
931 120
931 134
931 298
931 330
931 366
931 551
931 567
931 607
931 611
931 802
931 810
931 937
931 963
932 95
932 163
932 180
932 455
932 457
932 486
932 513
932 522
932 568
932 569
932 626
932 693
932 812
932 818
933 121
933 259
933 280
933 400
933 420
933 601
933 607
933 612
933 857
933 879
934 36
934 136
934 309
934 396
934 440
934 629
934 824
934 883
935 97
935 286
935 541
935 556
935 615
935 661
935 854
935 885
935 888
936 159
936 224
936 510
936 532
936 597
936 717
936 769
936 772
936 795
936 839
936 918
937 22
937 78
937 153
937 222
937 235
937 270
937 409
937 483
937 592
937 690
937 700
937 795
937 888
938 89
938 146
938 250
938 327
938 532
938 535
938 609
938 612
938 684
938 889
939 102
939 196
939 355
939 472
939 583
939 612
939 746
939 763
939 782
939 795
939 885
939 907
939 944
940 64
940 155
940 766
940 804
940 949
940 950
941 22
941 75
941 125
941 252
941 286
941 374
941 435
941 625
941 797
942 47
942 112
942 144
942 241
942 278
942 299
942 382
942 424
942 727
942 917
942 982
943 249
943 286
943 302
943 504
943 574
943 622
943 677
943 714
943 797
943 896
944 13
944 50
944 112
944 140
944 260
944 469
944 531
944 606
944 649
944 666
944 733
944 737
944 796
944 806
944 867
944 967
945 17
945 142
945 243
945 260
945 263
945 269
945 478
945 615
945 733
945 988
945 992
945 999
946 79
946 176
946 230
946 352
946 409
946 660
947 11
947 51
947 62
947 146
947 210
947 261
947 267
947 279
947 293
947 407
947 504
947 670
947 789
947 898
948 13
948 39
948 107
948 222
948 310
948 511
948 741
948 786
948 801
948 843
948 913
949 390
949 529
949 557
949 563
949 607
949 644
949 659
949 690
949 941
950 199
950 230
950 464
950 568
950 694
950 853
950 888
950 930
950 958
951 48
951 144
951 254
951 270
951 433
951 744
951 956
951 991
952 48
952 307
952 565
952 643
952 669
952 675
952 757
952 815
952 839
952 953
953 61
953 73
953 259
953 261
953 321
953 324
953 383
953 417
953 473
953 807
953 854
954 84
954 135
954 224
954 252
954 375
954 480
954 491
954 546
954 725
954 810
954 836
954 867
954 980
954 984
955 37
955 381
955 437
955 569
955 575
955 776
955 786
955 801
956 147
956 267
956 277
956 575
956 635
956 665
956 748
956 902
956 943
957 54
957 130
957 221
957 349
957 763
957 872
957 894
957 899
957 989
958 27
958 316
958 331
958 391
958 507
958 573
958 686
958 747
959 188
959 219
959 270
959 304
959 649
959 714
960 191
960 205
960 215
960 242
960 467
960 539
960 680
960 794
961 30
961 143
961 146
961 209
961 523
961 579
961 594
961 637
961 700
961 706
961 871
961 875
962 148
962 291
962 305
962 332
962 371
962 390
962 748
962 770
962 832
962 895
962 959
963 80
963 262
963 263
963 419
963 447
963 548
963 665
963 991
963 999
964 93
964 299
964 422
964 548
964 718
964 974
965 2
965 101
965 250
965 306
965 442
965 474
965 582
965 704
965 805
965 810
965 875
965 950
966 65
966 101
966 185
966 196
966 198
966 278
966 979
966 983
967 255
967 359
967 419
967 478
967 546
967 564
967 601
967 684
967 882
967 927
968 53
968 142
968 184
968 241
968 251
968 360
968 556
968 700
968 737
968 787
968 789
968 868
969 65
969 257
969 368
969 370
969 545
969 643
969 647
969 728
969 769
969 854
969 887
969 910
969 963
970 7
970 77
970 100
970 423
970 445
970 462
970 568
970 647
970 776
970 814
971 216
971 513
971 563
971 928
972 520
972 531
972 534
972 556
972 563
972 575
972 693
972 710
972 713
972 748
972 801
972 816
972 927
972 946
972 955
973 173
973 212
973 261
973 292
973 806
973 870
973 966
974 303
974 318
974 388
974 454
974 557
974 568
974 617
974 668
974 680
974 697
974 721
974 734
974 786
975 15
975 258
975 337
975 387
975 445
975 505
975 636
975 786
975 919
976 87
976 89
976 104
976 118
976 129
976 168
976 223
976 262
976 357
976 395
976 412
976 451
976 544
976 580
976 667
976 716
976 909
977 54
977 56
977 338
977 708
977 919
977 989
978 435
978 610
978 631
978 650
979 70
979 89
979 443
979 490
979 587
979 817
979 889
980 17
980 68
980 276
980 452
980 682
980 793
981 26
981 462
981 504
981 544
981 606
981 630
981 752
981 767
981 991
982 22
982 106
982 121
982 246
982 333
982 522
982 631
982 648
982 655
982 687
982 774
982 856
982 943
982 954
982 996
983 259
983 490
983 567
983 749
983 881
983 993
983 997
984 84
984 95
984 284
984 294
984 311
984 409
984 439
984 534
984 543
984 759
984 792
984 961
985 31
985 44
985 109
985 130
985 247
985 248
985 288
985 422
985 470
985 622
985 629
985 708
985 839
985 902
985 941
985 944
986 98
986 112
986 365
986 483
986 561
986 753
986 810
986 991
986 996
987 45
987 158
987 197
987 269
987 355
987 440
987 509
987 705
987 778
987 798
987 900
987 908
988 8
988 110
988 237
988 278
988 321
988 330
988 433
988 515
988 521
988 624
988 653
988 696
988 716
988 839
988 868
988 880
989 125
989 192
989 205
989 290
989 360
989 393
989 457
989 541
989 790
990 16
990 109
990 120
990 165
990 218
990 229
990 324
990 327
990 372
990 415
990 485
990 503
990 543
990 614
990 642
990 892
991 31
991 102
991 108
991 264
991 310
991 568
991 569
991 721
991 831
991 880
991 941
992 7
992 14
992 68
992 81
992 469
992 573
992 645
992 654
992 690
992 736
992 802
992 923
992 975
993 63
993 138
993 149
993 183
993 194
993 524
993 709
993 728
993 767
993 824
993 829
993 830
993 854
993 985
994 134
994 203
994 244
994 327
994 340
994 356
994 697
994 730
994 738
994 843
994 846
994 953
995 91
995 184
995 338
995 402
995 452
995 480
995 691
995 737
995 744
996 79
996 115
996 180
996 191
996 205
996 309
996 434
996 559
996 788
996 821
996 873
997 55
997 105
997 137
997 159
997 184
997 321
997 408
997 436
997 512
997 571
997 657
997 725
997 757
997 874
997 884
998 106
998 184
998 199
998 236
998 554
998 653
998 885
998 888
999 351
999 475
999 552
999 951
