0 104
0 112
0 268
0 274
0 308
0 322
0 524
0 950
1 179
1 207
1 265
1 294
1 367
1 395
1 432
1 472
1 609
1 653
1 666
1 750
1 979
2 112
2 192
2 240
2 391
2 488
2 516
2 539
3 110
3 159
3 275
3 346
3 429
3 482
3 543
3 756
3 775
3 804
3 858
3 862
4 152
4 195
4 216
4 319
4 386
4 468
4 488
4 507
4 598
4 746
4 763
4 835
5 362
5 418
5 564
5 681
5 784
5 860
5 861
5 947
5 951
6 40
6 208
6 256
6 344
6 517
6 549
6 910
7 23
7 80
7 190
7 192
7 268
7 431
7 452
7 549
7 654
7 874
7 931
8 23
8 393
8 605
8 936
8 938
8 945
8 979
9 170
9 218
9 273
9 561
9 589
9 627
9 702
9 883
9 964
9 997
10 202
10 241
10 441
10 582
10 619
10 774
10 882
10 888
10 909
10 921
11 259
11 340
11 392
11 398
11 447
11 480
11 550
11 574
11 626
11 860
11 942
12 44
12 143
12 285
12 429
12 478
12 480
12 482
12 493
12 613
12 700
12 784
12 787
13 83
13 300
13 324
13 327
13 421
13 534
13 797
13 968
14 30
14 60
14 85
14 255
14 308
14 363
14 373
14 438
14 595
14 641
14 710
14 819
14 869
14 966
14 976
15 188
15 200
15 218
15 298
15 316
15 859
15 872
15 933
16 111
16 496
16 533
16 535
16 550
16 710
16 959
16 966
17 44
17 54
17 165
17 356
17 384
17 396
17 402
17 421
17 502
17 520
17 525
17 579
17 619
17 738
17 839
18 126
18 152
18 212
18 243
18 306
18 460
18 738
18 838
18 900
19 8
19 106
19 144
19 222
19 267
19 273
19 406
19 459
19 460
19 674
19 685
19 833
19 854
19 908
20 399
20 454
20 466
20 560
20 641
20 762
20 790
20 801
20 883
21 8
21 344
21 573
21 997
22 16
22 132
22 266
22 334
22 402
22 405
22 432
22 459
22 484
22 506
22 720
22 884
22 915
23 103
23 174
23 195
23 233
23 273
23 298
23 563
23 820
23 873
23 998
24 45
24 286
24 358
24 389
24 602
24 641
24 692
24 779
24 962
25 177
25 313
25 384
25 572
25 577
25 651
25 907
25 945
25 955
25 974
26 44
26 101
26 294
26 377
26 402
26 417
26 466
26 537
26 561
26 574
26 836
26 893
27 36
27 54
27 197
27 242
27 255
27 444
27 647
27 739
27 783
27 900
27 944
27 945
28 11
28 118
28 245
28 389
28 485
28 555
28 613
28 663
28 710
29 80
29 564
29 697
29 762
29 787
29 882
29 898
29 901
29 927
29 931
30 119
30 147
30 172
30 402
30 556
30 593
30 709
30 731
30 755
30 884
30 986
31 117
31 333
31 412
31 479
31 483
31 513
31 582
31 605
31 641
31 682
31 727
31 769
31 836
31 846
31 997
32 100
32 105
32 155
32 163
32 176
32 223
32 263
32 526
32 533
32 730
32 817
32 953
32 969
32 994
33 173
33 312
33 390
33 611
33 755
33 803
33 902
33 996
34 55
34 65
34 234
34 326
34 376
34 416
34 560
34 567
34 594
34 596
34 599
34 824
34 832
35 188
35 292
35 338
35 378
35 422
35 470
35 502
35 555
35 633
35 713
35 733
35 823
35 871
35 925
36 5
36 356
36 528
36 616
36 632
36 665
36 785
36 959
36 977
37 5
37 56
37 444
37 461
37 705
37 773
37 778
37 930
38 30
38 165
38 259
38 684
38 706
38 772
38 790
38 876
38 920
38 938
38 951
38 971
39 13
39 55
39 229
39 362
39 374
39 395
39 517
39 541
39 558
39 563
39 584
39 630
39 641
39 737
39 793
39 832
39 854
39 912
40 268
40 284
40 288
40 650
41 128
41 253
41 336
41 344
41 489
41 588
41 756
41 817
41 921
41 953
42 99
42 173
42 200
42 226
42 241
42 384
42 559
42 654
42 680
42 850
42 940
43 33
43 55
43 298
43 384
43 518
43 554
43 691
43 905
44 61
44 176
44 299
44 363
44 380
44 409
44 757
44 793
45 24
45 121
45 241
45 344
45 380
45 882
45 886
45 934
45 997
46 150
46 339
46 616
46 625
46 645
46 646
46 713
46 818
46 841
46 898
47 60
47 653
48 103
48 175
48 192
48 263
48 427
48 430
48 524
48 575
48 581
48 641
48 723
48 724
48 783
48 848
48 933
49 117
49 480
49 490
49 497
49 506
49 530
49 813
49 815
49 855
49 983
49 995
50 286
50 332
50 352
50 502
50 517
50 639
50 996
51 57
51 230
51 234
51 281
51 303
51 346
51 386
51 435
51 467
51 692
51 745
51 788
51 791
51 873
51 965
52 157
52 179
52 181
52 253
52 372
52 380
52 566
52 682
52 810
52 830
52 863
53 4
53 25
53 209
53 267
53 321
53 357
53 379
53 551
53 603
53 614
53 646
53 661
53 697
53 723
53 727
53 736
53 869
53 896
53 970
54 92
54 154
54 187
54 427
54 468
54 766
54 768
54 818
55 74
55 80
55 125
55 130
55 305
55 307
55 362
55 364
55 402
55 455
55 495
55 626
55 700
55 963
55 964
55 992
56 51
56 178
56 229
56 443
56 556
56 565
56 690
56 709
56 734
56 780
56 918
57 142
57 294
57 397
57 403
57 649
58 4
58 9
58 387
58 511
58 712
58 905
59 6
59 76
59 321
59 900
60 57
60 66
60 87
60 118
60 322
60 488
60 542
60 550
60 823
60 931
60 942
60 993
61 127
61 186
61 275
61 340
61 445
61 531
61 608
61 673
61 742
61 805
61 813
61 819
61 880
62 63
62 81
62 97
62 396
62 417
62 575
62 635
62 679
62 704
62 749
62 852
62 865
62 906
63 9
63 116
63 204
63 245
63 317
63 360
63 535
63 566
63 860
63 973
64 134
64 237
64 304
64 310
64 426
64 446
64 562
64 566
64 717
64 858
64 859
64 869
65 189
65 320
65 470
65 589
65 639
65 716
65 852
66 114
66 155
66 225
66 259
66 272
66 411
66 555
66 834
67 108
67 146
67 201
67 305
67 618
67 844
67 944
68 11
68 198
68 251
68 266
68 373
68 400
68 484
68 578
68 611
68 615
68 628
69 22
69 85
69 309
69 346
69 350
69 581
69 656
69 719
69 723
69 833
70 118
70 286
70 440
70 548
70 583
70 699
70 957
71 146
71 198
71 356
71 373
71 376
71 407
71 537
71 546
71 664
71 736
71 771
72 11
72 59
72 101
72 182
72 217
72 308
72 324
72 484
72 489
72 602
72 650
72 668
72 790
72 888
73 82
73 117
73 134
73 152
73 244
73 328
73 417
73 473
73 549
73 608
73 625
73 661
73 855
73 910
73 939
74 19
74 479
74 516
74 731
74 795
74 844
74 895
74 907
75 143
75 374
75 376
75 599
75 618
75 812
75 822
76 85
76 117
76 154
76 304
76 323
76 580
76 788
77 91
77 99
77 478
77 495
77 936
78 21
78 35
78 81
78 219
78 287
78 411
78 460
78 553
78 624
78 688
78 757
78 785
78 944
79 37
79 42
79 124
79 154
79 410
79 692
79 870
79 907
79 932
80 51
80 71
80 107
80 279
80 303
80 359
80 412
80 490
80 496
80 858
81 86
81 159
81 244
81 446
81 458
81 476
81 544
81 591
81 636
81 751
81 808
81 987
82 145
82 186
82 228
82 235
82 271
82 458
82 642
83 56
83 162
83 184
83 259
83 339
83 384
83 454
83 558
83 644
83 669
83 730
83 824
83 921
84 64
84 181
84 223
84 231
84 559
84 565
84 614
84 796
84 872
84 949
84 972
85 9
85 134
85 337
85 394
85 399
85 489
85 490
85 496
85 540
85 551
85 561
85 664
85 733
85 810
85 812
85 839
85 869
85 935
86 180
86 296
86 302
86 348
86 363
86 465
86 624
86 669
86 719
86 817
86 831
86 905
87 42
87 152
87 352
87 446
87 523
87 670
87 725
87 919
87 953
88 101
88 288
88 601
88 633
88 812
88 820
88 961
89 323
89 336
89 440
89 673
89 718
89 761
89 860
90 33
90 96
90 247
90 379
90 510
90 647
90 716
90 767
90 771
90 793
90 835
90 978
91 95
91 157
91 172
91 199
91 214
91 233
91 359
91 361
91 434
91 447
91 919
92 36
92 83
92 117
92 134
92 314
92 333
92 678
92 704
92 813
92 885
93 105
93 259
93 425
93 458
93 508
93 695
93 739
93 821
93 901
94 166
94 176
94 251
94 379
94 594
94 737
94 751
94 774
94 811
95 6
95 46
95 65
95 145
95 314
95 343
95 458
95 468
95 495
95 595
95 667
95 805
95 963
96 235
96 347
96 888
96 902
96 934
97 445
97 492
97 655
97 764
97 774
98 11
98 101
98 157
98 354
98 496
98 588
98 596
98 687
98 821
98 883
98 903
98 949
99 46
99 52
99 55
99 127
99 192
99 229
99 303
99 357
99 547
99 556
99 721
100 207
100 234
100 290
100 298
100 335
100 350
100 381
100 391
100 572
100 679
100 723
100 765
100 992
101 151
101 288
101 299
101 420
101 612
101 630
101 813
102 220
102 243
102 471
102 579
102 618
102 655
102 688
102 693
102 788
102 856
102 865
102 887
103 75
103 169
103 247
103 297
103 478
103 489
103 711
103 812
104 182
104 203
104 436
104 473
104 638
104 648
104 657
104 686
104 760
104 789
104 814
104 838
104 857
104 924
105 5
105 34
105 54
105 140
105 150
105 258
105 260
105 282
105 283
105 303
105 306
105 354
105 436
105 493
105 508
105 575
105 632
105 729
105 916
105 985
106 157
106 360
106 616
106 706
106 716
106 924
106 971
107 13
107 29
107 187
107 394
107 620
107 854
107 910
108 191
108 433
108 442
108 569
108 580
108 614
108 656
108 690
108 703
108 923
109 58
109 79
109 288
109 305
109 329
109 873
110 136
110 137
110 177
110 316
110 354
110 421
110 474
110 524
110 633
110 646
110 671
110 704
110 731
110 788
110 986
111 0
111 16
111 105
111 264
111 349
111 536
111 723
111 794
111 918
111 976
112 15
112 181
112 249
112 280
112 511
112 542
113 14
113 118
113 289
113 438
114 20
114 33
114 74
114 456
114 515
114 887
114 898
114 905
115 275
115 333
115 789
115 822
115 900
115 932
116 25
116 458
116 631
116 692
116 852
116 935
117 18
117 171
117 203
117 293
117 369
117 456
117 602
117 617
117 623
117 643
117 690
117 708
117 781
117 810
117 886
117 979
117 994
118 201
118 263
118 588
118 623
118 626
118 629
118 726
118 802
119 46
119 71
119 254
119 443
119 471
119 496
119 614
119 662
119 804
119 831
119 873
119 900
119 964
119 967
120 238
120 327
120 481
120 900
121 50
121 354
121 379
121 452
121 475
121 788
121 845
121 877
121 887
122 170
122 309
122 405
122 488
122 595
122 630
122 642
123 3
123 202
123 268
123 337
123 341
123 451
123 521
123 751
123 754
123 846
124 21
124 29
124 275
124 300
124 341
124 602
124 643
124 720
124 780
124 785
124 921
124 992
125 188
125 494
125 563
125 936
125 978
126 19
126 284
126 594
126 622
126 766
126 795
126 890
127 33
127 233
127 367
127 401
127 421
127 605
127 625
127 662
127 694
127 713
127 819
127 832
127 875
128 51
128 243
128 260
128 289
128 452
128 647
128 732
128 781
129 141
129 454
129 620
129 626
129 649
129 747
129 777
129 883
129 888
129 913
130 57
130 82
130 155
130 259
130 414
130 629
130 752
130 761
131 62
131 385
131 441
131 553
131 694
131 713
131 847
131 875
132 265
132 450
132 854
132 863
132 909
132 911
132 960
133 48
133 71
133 331
133 365
133 551
133 763
133 917
134 83
134 106
134 154
134 263
134 326
134 422
134 437
134 575
134 739
134 774
134 776
134 797
134 857
134 922
135 178
135 255
135 461
135 555
135 666
135 695
135 876
136 40
136 43
136 95
136 134
136 217
136 520
136 601
136 619
136 765
136 891
136 914
137 201
137 280
137 385
137 497
137 566
137 704
137 728
137 985
138 223
138 443
138 604
138 847
138 866
139 50
139 163
139 275
139 601
139 663
139 700
139 701
139 713
139 851
139 935
140 45
140 208
140 282
140 390
140 415
140 449
140 829
140 904
141 61
141 410
141 448
141 579
141 605
141 906
141 939
142 91
142 134
142 253
142 328
142 416
142 458
142 474
142 534
142 578
142 817
142 968
142 999
143 128
143 194
143 195
143 316
143 317
143 775
143 797
143 920
144 51
144 464
144 471
144 574
144 807
144 949
145 211
145 219
145 287
145 553
145 652
145 718
145 796
146 65
146 156
146 168
146 233
146 262
146 411
146 424
146 679
146 803
146 847
146 870
147 0
147 94
147 236
147 265
147 653
147 778
147 803
147 827
147 854
147 902
148 115
148 211
148 226
148 355
148 374
148 379
148 382
148 566
148 671
148 673
148 711
148 875
148 895
149 14
149 38
149 142
149 157
149 223
149 307
149 336
149 341
149 588
149 619
149 669
149 726
149 785
150 18
150 105
150 199
150 212
150 321
150 394
150 403
150 444
150 592
150 888
150 959
151 19
151 57
151 244
151 267
151 296
151 369
151 505
151 614
151 649
151 738
151 851
151 865
152 37
152 48
152 58
152 117
152 246
152 299
152 589
152 650
152 710
152 912
152 916
152 935
153 10
153 70
153 157
153 237
153 623
153 658
153 866
153 897
154 57
154 321
154 528
154 604
154 670
154 753
154 783
154 840
154 946
155 113
155 146
155 282
155 306
155 370
155 379
155 397
155 510
155 614
155 842
156 80
156 347
156 434
156 500
156 588
156 649
156 801
156 895
156 904
157 92
157 270
157 525
157 627
157 698
157 959
158 592
158 881
158 901
158 951
159 44
159 445
159 609
159 622
159 712
160 236
160 290
160 325
160 428
160 433
160 493
160 715
160 757
160 955
161 4
161 53
161 122
161 200
161 499
161 645
161 679
162 37
162 47
162 248
162 451
162 486
162 569
162 587
163 13
163 42
163 161
163 180
163 186
163 224
163 312
163 607
163 700
163 797
163 807
163 876
164 107
164 132
164 335
164 484
164 540
164 615
165 152
165 199
165 220
165 268
165 285
165 403
165 425
165 462
165 490
165 550
165 757
165 816
165 882
165 917
166 22
166 67
166 109
166 131
166 344
166 352
166 520
166 521
166 580
166 619
166 635
166 772
166 876
166 900
166 917
166 945
166 987
167 74
167 123
167 168
167 169
167 183
167 202
167 495
167 539
167 550
167 760
167 928
167 968
168 160
168 167
168 267
168 308
168 412
168 466
168 771
168 775
168 886
168 998
169 33
169 59
169 72
169 150
169 389
169 403
169 464
169 605
169 656
169 701
169 759
170 164
170 354
170 436
170 449
170 697
170 758
170 768
170 889
171 80
171 104
171 177
171 246
171 276
171 433
171 463
171 621
171 629
171 700
171 742
171 769
171 776
171 777
171 828
172 27
172 49
172 214
172 376
172 397
172 559
172 734
172 810
172 848
172 861
173 346
173 365
173 567
173 744
173 849
173 919
174 312
174 341
174 356
174 399
174 441
174 644
174 650
174 705
175 106
175 183
175 288
175 314
175 371
175 432
175 445
175 536
175 601
175 620
175 656
175 772
175 820
175 903
175 960
175 987
176 231
176 631
176 897
176 900
176 952
176 973
177 28
177 45
177 212
177 218
177 444
177 486
177 522
177 617
177 645
177 673
177 718
177 771
177 803
177 901
178 3
178 46
178 75
178 289
178 767
178 803
178 819
178 877
179 27
179 96
179 109
179 161
179 171
179 287
179 507
179 509
179 532
179 715
179 813
179 825
179 840
179 958
180 126
180 246
180 325
180 496
180 545
180 660
180 772
180 798
180 801
180 820
180 879
180 928
181 26
181 126
181 221
181 459
181 533
181 539
181 780
181 782
181 913
182 373
182 669
182 690
182 822
182 855
182 944
183 8
183 34
183 46
183 290
183 295
183 420
183 467
183 566
183 601
183 652
183 734
183 766
183 787
183 812
183 842
183 936
184 32
184 263
184 406
184 455
184 654
184 902
184 950
185 75
185 108
185 299
185 363
185 547
185 611
185 669
185 681
185 885
186 78
186 106
186 113
186 169
186 174
186 209
186 226
186 310
186 682
186 759
186 803
186 852
186 922
186 925
186 998
187 149
187 156
187 281
187 363
187 376
187 473
187 479
187 523
187 629
187 680
187 731
187 736
187 786
187 952
188 101
188 260
188 517
188 670
188 703
188 784
189 3
189 25
189 70
189 167
189 229
189 278
189 531
189 596
189 598
189 760
189 997
190 181
190 358
190 422
190 495
190 520
190 575
190 629
190 674
190 733
190 825
190 920
190 983
191 177
191 459
191 464
191 486
191 493
191 530
191 784
192 86
192 219
192 239
192 351
192 565
192 730
192 853
192 855
192 935
193 166
193 270
193 294
193 402
193 422
193 448
193 705
193 752
193 805
193 830
193 844
193 852
194 43
194 133
194 163
194 352
194 568
194 837
195 8
195 143
195 258
195 340
195 356
195 370
195 406
195 484
195 661
195 867
195 888
195 966
195 967
196 206
196 285
196 404
196 416
196 539
196 584
196 589
196 697
196 838
196 855
197 223
197 344
197 658
197 661
197 716
197 746
197 783
197 804
197 866
197 906
197 940
198 60
198 403
198 452
198 496
198 524
198 646
198 702
198 724
198 732
198 739
198 748
199 16
199 157
199 183
199 245
199 306
199 497
199 547
199 585
199 674
199 787
199 843
199 856
199 920
200 355
200 372
200 466
200 477
200 566
200 568
200 741
200 773
200 806
200 810
200 920
200 981
201 56
201 79
201 93
201 128
201 169
201 513
201 516
201 596
201 644
201 683
201 775
201 782
201 794
201 914
201 934
201 960
202 356
202 391
202 410
202 458
202 693
202 734
202 758
203 8
203 10
203 105
203 153
203 241
203 700
203 718
203 781
203 860
203 933
203 947
204 96
204 178
204 252
204 441
204 453
204 454
204 650
204 678
204 686
204 858
204 878
204 892
204 899
205 67
205 97
205 233
205 247
205 501
205 840
205 863
205 938
206 56
206 116
206 144
206 196
206 197
206 460
206 775
206 822
206 836
206 911
207 65
207 467
207 517
207 576
207 648
207 785
207 925
208 196
208 319
208 469
208 576
208 638
208 700
208 815
208 906
208 947
209 50
209 55
209 95
209 283
209 425
209 518
209 706
209 780
209 860
209 888
209 891
209 980
210 103
210 180
210 219
210 356
210 535
210 567
210 682
211 106
211 178
211 180
211 233
211 306
211 329
211 372
211 488
211 628
211 843
212 4
212 304
212 390
212 526
212 582
213 9
213 77
213 253
213 486
213 565
213 690
213 713
213 741
213 757
213 852
213 870
213 911
213 942
214 227
214 316
214 419
214 511
214 617
214 809
214 833
215 52
215 108
215 121
215 153
215 167
215 338
215 417
215 429
215 450
215 475
215 524
215 629
215 754
215 915
216 27
216 86
216 233
216 242
216 404
216 438
216 478
216 548
216 615
216 680
216 754
216 831
216 883
216 972
217 151
217 173
217 289
217 482
217 483
217 515
217 674
217 701
217 718
217 721
217 795
217 802
217 979
217 990
218 29
218 35
218 187
218 416
218 424
218 492
218 569
218 645
218 793
218 890
219 8
219 69
219 80
219 276
219 289
219 311
220 106
220 383
220 451
220 500
220 583
220 584
220 702
220 742
220 767
220 849
220 998
221 45
221 223
221 295
221 363
222 17
222 51
222 83
222 187
222 496
222 583
222 702
222 774
222 987
223 71
223 262
223 388
223 767
223 791
223 842
223 876
223 935
224 280
224 367
224 555
224 584
224 639
224 683
224 700
224 810
224 922
224 945
224 961
225 254
225 328
225 494
225 578
225 610
225 843
225 882
225 892
226 58
226 121
226 304
226 382
226 403
226 474
226 488
227 105
227 382
227 496
227 586
227 616
227 625
227 674
227 823
227 919
227 971
228 128
228 129
228 365
228 370
228 388
228 453
228 581
228 605
228 758
228 779
228 840
228 845
228 928
228 973
228 993
229 7
229 425
229 442
229 453
229 482
229 544
229 558
229 604
229 615
229 659
229 708
229 734
229 772
229 789
229 803
229 811
229 848
229 858
229 934
230 43
230 91
230 94
230 155
230 234
230 363
230 421
230 477
230 593
230 596
230 635
230 669
230 727
230 950
230 979
231 33
231 435
231 437
231 468
231 587
231 651
231 944
231 974
231 980
232 150
232 324
232 327
232 415
232 495
232 783
233 71
233 163
233 242
233 276
233 299
233 526
233 582
233 589
233 760
233 761
233 907
234 28
234 253
234 440
234 711
234 726
234 765
234 908
235 36
235 121
235 142
235 160
235 167
235 242
235 247
235 270
235 458
235 562
235 601
235 706
235 713
235 738
235 746
235 815
235 958
235 974
236 103
236 189
236 264
236 301
236 325
236 641
236 765
236 821
236 824
236 833
236 935
237 6
237 161
237 317
237 346
237 544
237 606
237 662
237 785
237 882
237 987
238 9
238 300
238 325
238 340
238 495
238 560
238 722
238 726
238 832
238 874
238 909
239 106
239 307
239 411
239 459
239 538
239 680
239 703
239 929
239 962
239 964
240 125
240 157
240 526
240 661
240 761
240 928
241 24
241 69
241 100
241 213
241 558
241 708
241 851
241 952
242 141
242 299
242 476
242 504
242 615
242 806
242 954
243 45
243 193
243 286
243 312
243 457
243 748
243 759
243 773
244 110
244 290
244 391
244 394
244 506
244 738
244 817
245 77
245 139
245 206
245 213
245 279
245 303
245 482
245 594
245 615
245 694
245 822
245 988
246 59
246 139
246 239
246 387
246 518
246 554
246 640
246 661
246 685
246 882
246 919
247 24
247 85
247 384
247 543
247 754
247 963
248 462
248 794
248 880
248 914
248 918
248 979
249 1
249 83
249 130
249 170
249 574
249 617
249 639
249 815
249 856
250 54
250 86
250 284
250 312
250 421
250 631
250 647
250 709
251 21
251 56
251 82
251 108
251 130
251 284
251 303
251 329
251 402
251 414
251 597
251 784
251 800
252 8
252 13
252 332
252 343
252 401
252 444
252 449
252 486
252 510
252 536
252 653
253 67
253 88
253 137
253 357
253 534
253 588
253 696
253 738
253 787
253 844
254 41
254 191
254 224
254 245
254 382
254 491
254 558
254 596
254 610
254 771
254 780
254 942
254 970
255 183
255 278
255 296
255 345
255 443
255 675
255 742
255 769
255 837
255 879
255 941
255 962
256 64
256 313
256 511
256 525
256 643
256 707
256 712
256 716
256 742
256 932
256 995
257 28
257 47
257 92
257 97
257 178
257 318
257 393
257 530
257 630
257 723
257 734
257 937
258 169
258 176
258 205
258 409
258 543
258 887
258 939
258 947
258 973
259 6
259 185
259 296
259 354
259 522
259 596
259 604
259 622
259 642
259 670
259 690
259 754
259 755
259 835
260 16
260 18
260 71
260 91
260 317
260 433
260 459
260 523
260 550
260 558
260 663
260 851
261 39
261 257
261 382
261 444
261 605
261 623
261 700
261 900
262 57
262 68
262 252
262 292
262 539
262 563
262 627
262 714
262 746
262 797
262 853
263 25
263 31
263 310
263 365
263 377
263 399
263 411
263 477
263 780
264 49
264 103
264 161
264 218
264 246
264 673
264 741
264 742
264 991
265 40
265 92
265 142
265 186
265 305
265 418
265 465
265 467
265 588
265 665
265 757
265 809
265 813
265 853
265 916
266 39
266 62
266 184
266 454
266 547
266 619
266 646
266 663
266 785
266 883
267 6
267 304
267 436
267 521
267 574
267 600
267 675
267 705
268 122
268 243
268 260
268 296
268 394
268 655
268 672
268 709
268 955
268 956
268 972
268 990
269 49
269 214
269 309
269 449
269 499
269 575
269 577
269 719
270 20
270 163
270 193
270 248
270 286
270 387
270 539
270 803
270 832
270 939
270 973
271 169
271 259
271 273
271 318
271 359
271 386
271 388
271 477
271 596
271 884
271 891
271 935
272 29
272 85
272 229
272 256
272 571
272 606
272 678
272 701
272 713
272 721
272 727
272 864
273 3
273 230
273 515
273 661
273 749
273 920
274 16
274 114
274 404
274 446
274 481
274 640
274 732
274 872
274 887
274 923
274 960
274 984
275 195
275 240
275 356
275 448
275 739
275 800
275 891
275 945
275 949
276 135
276 201
276 223
276 305
276 311
276 316
276 337
276 368
276 515
276 706
276 731
276 833
277 172
277 240
277 394
277 430
277 467
277 471
277 510
277 670
277 699
277 702
277 712
277 737
277 748
277 899
277 930
278 58
278 63
278 135
278 344
278 375
278 402
278 472
278 570
278 761
278 801
279 10
279 78
279 224
279 294
279 449
279 469
279 490
279 660
279 666
279 728
279 737
279 915
279 934
280 31
280 149
280 212
280 547
281 169
281 266
281 317
281 394
281 401
281 418
281 476
281 531
281 566
281 567
281 578
281 617
281 738
281 767
281 768
281 782
282 96
282 230
282 280
282 330
282 443
282 454
283 57
283 58
283 86
283 140
283 251
283 266
283 340
283 510
283 625
283 732
283 774
283 803
283 904
283 942
284 34
284 209
284 497
284 547
284 571
284 663
284 720
284 812
284 972
285 83
285 142
285 234
285 436
285 608
285 716
285 851
286 98
286 352
286 369
286 413
286 464
286 590
286 620
287 7
287 132
287 347
287 439
287 838
287 889
288 86
288 501
288 528
288 591
288 614
288 701
288 705
288 755
288 774
288 793
288 844
288 888
288 946
288 967
289 82
289 287
289 360
289 740
290 2
290 186
290 193
290 233
290 474
290 616
290 909
290 935
290 981
291 43
291 195
291 213
291 233
291 299
291 409
291 633
291 662
291 689
291 799
291 948
291 991
292 3
292 36
292 38
292 57
292 162
292 221
292 227
292 228
292 244
292 269
292 316
292 341
292 610
292 706
292 821
292 864
292 866
292 893
293 14
293 377
293 853
293 881
293 906
294 89
294 177
294 227
294 422
294 487
294 647
294 649
294 666
294 692
294 736
294 801
294 968
295 29
295 123
295 173
295 174
295 192
295 244
295 289
295 445
295 451
295 548
295 779
295 821
295 870
295 969
295 979
295 998
296 14
296 70
296 194
296 332
296 478
296 631
296 986
297 11
297 58
297 84
297 99
297 499
297 566
297 626
297 642
297 799
297 801
297 840
297 949
298 5
298 857
298 918
298 990
299 1
299 20
299 235
299 264
299 315
299 370
299 399
299 560
299 687
299 999
300 135
300 285
300 387
300 402
300 453
300 558
300 580
300 603
300 646
300 666
300 908
301 64
301 112
301 142
301 349
301 382
301 420
301 459
301 560
301 747
302 15
302 31
302 212
302 275
302 280
302 340
302 371
302 411
302 584
302 677
302 705
302 739
302 953
302 979
303 31
303 63
303 177
303 345
303 537
303 562
303 570
303 778
303 783
304 61
304 78
304 258
304 266
304 296
304 459
304 490
304 701
304 757
304 781
304 793
304 797
304 996
305 139
305 164
305 220
305 352
305 384
305 470
305 504
305 673
305 811
305 830
305 881
305 911
305 993
306 245
306 312
306 397
306 474
306 647
306 747
306 857
306 997
307 132
307 275
307 314
307 670
307 679
307 863
307 869
307 901
307 906
308 264
308 403
308 405
308 450
308 500
308 765
308 771
308 815
308 817
308 894
308 901
309 93
309 215
309 260
309 294
309 324
309 363
309 499
309 672
309 719
309 735
309 765
309 839
309 875
309 909
309 997
310 44
310 133
310 210
310 319
310 332
310 355
310 678
310 693
310 773
310 952
310 956
311 28
311 244
311 348
311 363
311 475
311 565
311 576
311 585
311 618
311 784
311 980
312 346
312 369
312 455
312 462
312 467
312 822
313 65
313 75
313 168
313 260
313 462
313 494
313 560
313 610
313 653
313 662
313 707
313 792
314 177
314 280
314 589
314 596
314 683
314 714
314 987
314 995
315 15
315 139
315 635
315 885
316 32
316 65
316 141
316 239
316 259
316 296
316 387
316 391
316 432
316 536
316 538
316 539
316 833
316 975
317 7
317 11
317 252
317 303
317 563
317 782
317 811
317 962
318 151
318 181
318 229
318 293
318 418
318 595
318 745
318 847
318 881
318 939
319 1
319 119
319 296
319 387
319 432
319 480
319 552
319 582
319 595
319 629
319 703
319 860
319 961
320 21
320 186
320 337
320 415
320 469
320 494
320 505
320 528
320 537
320 768
320 915
320 958
321 250
321 271
321 326
321 383
321 414
321 492
321 820
321 847
322 39
322 283
322 327
322 619
322 689
322 807
323 17
323 271
323 423
323 436
323 551
323 673
323 813
323 818
323 895
323 976
323 981
324 91
324 151
324 157
324 204
324 210
324 294
324 437
324 444
324 552
324 682
324 834
324 883
324 941
324 989
325 224
325 267
325 714
325 719
325 823
325 851
325 976
326 14
326 58
326 155
326 156
326 346
326 359
326 435
326 492
326 501
326 553
326 757
326 921
326 931
326 967
327 98
327 131
327 268
327 270
327 583
327 833
327 966
328 89
328 352
328 357
328 427
328 533
328 566
328 654
328 822
328 828
329 17
329 58
329 136
329 198
329 282
329 302
329 308
329 311
329 352
329 663
329 920
329 987
330 7
330 143
330 591
330 686
330 720
330 807
330 855
330 983
330 994
331 10
331 12
331 165
331 169
331 186
331 191
331 325
331 356
331 559
331 765
331 791
331 810
331 927
332 488
332 594
332 840
332 857
333 104
333 225
333 323
333 427
333 637
333 642
333 767
333 787
333 819
333 975
334 22
334 89
334 208
334 323
334 407
334 465
334 536
334 670
334 816
334 965
334 967
335 126
335 442
335 520
335 533
335 549
335 825
335 903
335 938
335 942
335 958
336 117
336 193
336 281
336 340
336 775
336 780
336 794
336 812
336 927
337 252
337 299
337 467
337 518
337 613
337 664
337 696
337 733
337 852
337 941
338 37
338 187
338 234
338 896
338 943
339 218
339 411
339 433
339 507
339 549
339 568
339 598
339 625
339 752
339 777
339 944
339 988
339 997
340 33
340 133
340 180
340 266
340 532
340 731
340 753
340 941
340 952
341 61
341 96
341 99
341 124
341 158
341 164
341 241
341 347
341 497
341 536
341 617
341 622
341 665
341 892
341 972
342 43
342 103
342 330
342 388
342 501
342 537
342 596
342 608
342 765
342 858
342 944
342 996
343 5
343 99
343 463
343 477
343 566
343 595
343 599
343 914
344 6
344 128
344 145
344 190
344 191
344 200
344 222
344 264
344 614
344 642
344 691
345 46
345 125
345 211
345 293
345 409
345 427
345 429
345 464
345 504
345 539
345 575
345 892
345 917
346 230
346 246
346 315
346 394
346 490
346 537
346 583
346 656
346 697
346 723
346 733
346 815
346 873
346 959
347 38
347 69
347 75
347 301
347 780
347 784
347 964
348 45
348 199
348 200
348 247
348 322
348 351
348 376
348 415
348 563
348 600
348 834
349 29
349 124
349 238
349 354
349 371
349 409
349 568
349 727
349 944
350 5
350 391
350 397
350 446
350 563
350 593
350 604
350 670
350 811
350 961
350 969
351 82
351 166
351 255
351 298
351 340
351 374
351 489
351 519
351 544
351 837
351 859
351 931
352 139
352 376
352 535
352 593
352 723
352 989
353 85
353 106
353 107
353 159
353 229
353 360
353 512
353 775
353 805
353 815
353 983
354 111
354 221
354 309
354 390
354 415
354 491
354 524
354 602
354 606
354 717
354 991
355 3
355 115
355 168
355 337
355 370
355 460
355 548
355 655
355 699
355 710
355 950
356 151
356 209
356 525
356 531
356 622
356 642
356 718
356 820
357 36
357 74
357 309
357 318
357 431
357 524
357 552
357 567
357 848
357 927
358 223
358 239
358 240
358 294
358 362
358 425
358 592
358 685
358 759
358 805
358 858
358 870
358 979
359 97
359 390
359 566
359 634
359 818
359 995
360 40
360 88
360 137
360 164
360 214
360 292
360 386
360 493
360 523
360 662
360 668
360 839
360 913
360 986
361 33
361 260
361 281
361 666
361 802
361 909
361 929
361 966
361 988
362 3
362 106
362 260
362 334
362 416
362 523
362 703
362 729
362 763
362 794
362 842
362 932
363 187
363 210
363 243
363 321
363 455
363 467
363 468
363 824
363 894
363 917
363 932
364 108
364 186
364 223
364 362
364 392
364 453
364 463
364 557
364 578
364 607
364 746
364 831
365 9
365 24
365 412
365 461
365 567
365 699
365 767
365 817
365 832
365 848
365 935
365 944
366 69
366 75
366 259
366 430
366 510
366 727
366 734
366 846
367 63
367 66
367 358
367 482
367 491
367 527
367 564
367 762
367 854
367 969
368 156
368 244
368 289
368 438
368 468
368 546
368 690
368 990
369 35
369 54
369 129
369 259
369 418
369 560
369 724
369 734
369 895
369 958
370 95
370 180
370 581
370 613
370 615
370 673
370 722
370 821
371 28
371 31
371 77
371 78
371 216
371 343
371 450
371 542
371 652
371 804
372 7
372 35
372 150
372 359
372 383
372 390
372 665
372 685
372 705
372 812
372 884
372 896
372 930
372 937
372 961
373 85
373 106
373 201
373 224
373 246
373 264
373 296
373 348
373 431
373 570
373 726
373 932
373 937
374 146
374 148
374 210
374 304
374 582
374 640
374 661
374 737
374 774
375 42
375 161
375 359
375 435
375 515
375 594
375 625
375 674
375 686
375 879
376 137
376 387
376 619
376 709
376 754
376 914
376 936
376 943
377 48
377 71
377 155
377 194
377 287
377 399
377 563
377 626
377 671
377 675
377 850
378 74
378 284
378 435
378 479
378 513
378 559
378 619
378 681
378 699
378 873
378 982
379 239
379 411
379 642
379 690
380 25
380 127
380 145
380 382
380 410
380 465
380 478
380 710
380 823
380 871
381 23
381 24
381 35
381 275
381 405
381 502
381 520
381 835
381 920
381 974
382 83
382 149
382 263
382 372
382 563
382 698
382 870
382 895
382 978
383 52
383 593
383 662
383 689
383 696
383 711
383 743
384 97
384 332
384 334
384 378
384 382
384 446
384 828
384 856
384 971
385 48
385 69
385 139
385 210
385 211
385 481
385 508
385 682
385 839
385 847
386 154
386 251
386 412
386 415
386 525
386 566
386 744
386 774
386 881
386 973
387 0
387 84
387 133
387 267
387 522
387 633
387 691
387 773
387 989
388 187
388 502
388 510
388 530
388 545
388 573
388 577
388 675
388 696
388 731
388 784
388 818
389 118
389 298
389 335
389 575
389 608
389 697
390 156
390 290
390 469
390 538
390 549
390 621
390 832
390 848
390 901
391 215
391 472
391 514
391 531
391 646
391 743
391 787
391 790
391 806
391 978
391 983
391 997
392 94
392 138
392 317
392 323
392 520
392 941
393 64
393 311
393 352
393 666
393 759
393 832
393 845
393 923
394 177
394 229
394 274
394 346
394 607
394 608
394 610
394 662
394 733
394 805
394 855
394 917
394 921
395 238
395 288
395 475
395 643
395 706
395 730
395 913
395 952
395 958
395 977
396 112
396 257
396 431
396 475
396 485
396 537
396 610
396 667
397 448
397 559
397 576
397 610
397 652
397 678
397 775
397 827
398 62
398 167
398 222
398 264
398 373
398 469
398 509
398 862
398 876
398 982
399 252
399 423
399 483
399 608
399 609
399 942
399 994
400 20
400 85
400 207
400 232
400 331
400 475
400 479
400 660
400 694
400 760
400 796
400 864
400 878
400 880
401 67
401 75
401 156
401 482
401 812
401 917
401 950
402 174
402 206
402 337
402 363
402 375
402 380
402 521
402 690
402 770
402 892
402 909
402 969
403 35
403 68
403 164
403 490
403 558
403 693
404 78
404 157
404 168
404 555
404 572
404 583
404 678
405 115
405 564
405 573
405 594
405 640
405 783
406 49
406 98
406 133
406 500
406 575
406 822
406 839
407 26
407 96
407 223
407 274
407 319
407 401
407 454
407 632
407 635
407 643
407 815
407 908
407 916
407 980
408 101
408 192
408 218
408 250
408 468
408 541
408 550
408 586
408 682
408 773
408 971
409 196
409 420
409 648
409 668
409 710
409 837
409 875
410 25
410 551
410 641
410 665
410 744
410 807
410 839
410 870
410 911
410 995
411 169
411 273
411 330
411 541
411 546
411 586
411 625
411 899
412 17
412 30
412 78
412 82
412 253
412 294
412 403
412 440
412 478
412 482
412 541
412 581
412 719
412 743
412 754
412 876
412 903
413 10
413 439
413 603
413 784
413 845
413 948
414 10
414 30
414 83
414 164
414 507
414 530
414 573
414 641
414 651
414 813
414 819
414 881
414 997
415 83
415 150
415 338
415 503
415 623
415 873
415 976
416 102
416 171
416 250
416 271
416 297
416 328
416 532
416 775
416 803
416 851
416 882
416 904
417 94
417 123
417 129
417 166
417 461
417 525
417 535
417 624
417 784
417 849
417 854
417 988
417 998
418 216
418 788
418 818
418 822
419 282
419 370
419 414
419 614
419 643
419 657
419 680
419 738
419 795
419 848
419 859
419 882
419 906
420 57
420 106
420 136
420 548
420 704
420 741
421 56
421 98
421 177
421 407
421 496
421 712
421 756
421 906
422 108
422 165
422 190
422 526
422 561
422 623
422 632
422 679
422 900
423 52
423 78
423 118
423 196
423 318
423 507
423 632
423 638
423 714
423 720
423 970
424 32
424 354
424 403
424 417
424 492
424 497
424 504
424 628
425 12
425 21
425 26
425 28
425 39
425 52
425 123
425 187
425 197
425 215
425 315
425 410
425 432
425 512
425 735
425 746
426 254
426 334
426 383
426 485
426 591
426 849
426 983
427 288
427 439
427 722
427 729
427 806
427 815
427 840
427 858
427 984
428 205
428 253
428 256
428 372
428 386
428 398
428 459
428 562
428 719
428 840
429 48
429 94
429 116
429 208
429 262
429 389
429 414
429 448
429 573
429 719
429 745
429 847
429 866
429 980
430 9
430 215
430 335
430 439
430 533
430 660
430 736
430 760
430 778
430 932
430 935
430 962
431 22
431 117
431 127
431 129
431 346
431 394
431 595
431 606
431 839
431 950
432 34
432 117
432 195
432 314
432 416
432 736
432 776
432 847
432 861
433 243
433 318
433 425
433 448
433 479
433 586
433 610
433 898
433 931
434 3
434 18
434 21
434 320
434 350
434 364
434 405
434 451
434 568
434 679
434 729
434 816
434 836
434 969
435 120
435 150
435 241
435 384
435 524
435 670
435 688
435 764
435 778
435 798
435 988
436 39
436 182
436 222
436 275
436 325
436 331
436 518
436 542
436 598
437 158
437 259
437 529
437 731
437 921
438 148
438 204
438 220
438 321
438 787
439 221
439 305
439 357
439 358
439 424
439 708
439 712
439 864
440 39
440 112
440 174
440 215
440 252
440 446
440 567
440 587
440 659
440 677
440 701
440 874
440 920
440 998
441 97
441 132
441 187
441 488
441 497
441 646
441 846
441 870
441 874
441 963
442 36
442 65
442 143
442 156
442 163
442 201
442 298
442 325
442 388
442 448
442 626
442 648
442 736
442 821
442 880
443 156
443 178
443 185
443 312
443 316
443 437
443 442
443 607
443 617
443 778
443 896
443 916
444 60
444 86
444 120
444 135
444 164
444 261
444 307
444 377
444 380
444 628
444 664
444 884
445 29
445 225
445 345
445 361
445 463
445 514
445 857
445 933
445 960
446 70
446 127
446 300
446 380
446 409
446 417
446 672
446 732
446 892
446 912
446 993
447 26
447 103
447 259
447 285
447 361
447 609
447 636
447 723
448 27
448 50
448 94
448 156
448 184
448 502
448 634
448 790
448 817
449 147
449 225
449 457
449 523
449 531
449 707
449 719
449 787
449 794
449 944
449 979
450 227
450 313
450 441
450 508
450 597
451 57
451 404
451 461
451 507
451 526
451 635
451 767
451 924
451 945
451 979
452 3
452 21
452 25
452 60
452 178
452 382
452 442
452 540
452 556
452 596
452 662
452 720
452 757
452 763
452 851
452 917
452 964
453 100
453 173
453 176
453 198
453 266
453 401
453 474
453 799
453 850
453 852
454 114
454 164
454 249
454 253
454 528
454 546
454 602
454 745
454 778
454 783
454 848
454 967
455 10
455 201
455 230
455 390
455 491
455 775
455 837
455 890
455 954
455 962
455 989
455 990
456 157
456 188
456 358
456 382
456 386
456 602
456 621
456 776
456 898
456 992
457 43
457 176
457 230
457 546
457 691
458 514
458 563
458 583
458 744
458 803
458 885
458 902
458 936
458 939
459 22
459 55
459 425
459 704
459 723
459 865
460 1
460 304
460 517
460 562
460 611
460 703
460 897
461 55
461 260
461 326
461 330
461 379
461 416
461 626
461 811
461 831
461 921
461 940
462 60
462 91
462 109
462 220
462 289
462 316
462 324
462 500
462 568
462 702
462 765
462 775
462 809
462 897
463 3
463 42
463 51
463 82
463 341
463 346
463 373
463 503
463 642
463 760
463 763
463 904
463 908
464 13
464 265
464 387
464 619
464 734
464 833
464 853
465 3
465 75
465 87
465 105
465 164
465 192
465 215
465 365
465 429
465 570
465 863
465 951
466 5
466 44
466 95
466 190
466 536
466 547
466 569
466 656
466 660
466 881
466 954
466 975
467 8
467 42
467 82
467 527
467 529
467 750
467 906
467 928
467 939
468 215
468 575
468 736
468 847
468 854
469 148
469 273
469 302
469 342
469 393
469 534
469 702
469 768
469 928
469 957
470 211
470 330
470 467
470 518
470 696
470 758
470 784
470 888
470 894
470 912
471 65
471 82
471 194
471 273
471 393
471 547
471 601
471 674
471 818
471 826
471 836
471 893
472 31
472 76
472 229
472 412
472 462
472 613
472 991
473 452
473 497
473 722
473 748
473 810
473 993
474 69
474 384
474 420
474 421
474 564
474 614
474 863
474 874
474 994
475 60
475 93
475 187
475 224
475 230
475 295
475 330
475 375
475 420
475 423
475 469
475 481
475 510
475 609
475 715
475 843
475 890
476 59
476 164
476 171
476 320
476 505
476 627
476 774
476 863
476 912
476 970
476 990
477 20
477 57
477 130
477 173
477 283
477 530
477 827
477 846
478 62
478 79
478 204
478 349
478 467
478 524
478 609
478 613
478 735
478 874
478 920
478 956
479 37
479 383
479 392
479 474
479 554
479 630
479 867
479 883
479 906
479 928
480 280
480 351
480 467
480 533
480 715
480 742
480 788
480 797
480 803
480 884
480 891
481 19
481 143
481 455
481 548
481 626
481 657
481 926
481 972
482 25
482 126
482 127
482 192
482 288
482 396
482 401
482 413
482 528
482 553
482 610
482 714
482 728
482 795
483 234
483 408
483 560
483 664
483 738
483 793
483 946
484 138
484 141
484 240
484 382
484 440
484 549
484 627
484 839
485 20
485 33
485 147
485 250
485 459
485 482
485 665
485 820
485 922
485 958
486 25
486 72
486 290
486 300
486 320
486 380
486 659
486 687
486 757
486 799
486 836
486 877
486 883
486 909
486 991
487 66
487 201
487 373
487 404
487 420
487 457
487 470
487 650
487 786
487 886
488 2
488 119
488 348
488 402
488 736
488 767
488 826
488 827
489 0
489 65
489 184
489 202
489 317
489 386
489 456
489 474
489 519
489 672
489 864
489 881
490 277
490 446
490 525
490 832
490 903
491 119
491 679
491 860
491 972
492 31
492 209
492 289
492 342
492 371
492 384
492 594
492 654
492 723
492 806
492 915
492 985
493 93
493 158
493 259
493 413
493 449
493 452
493 577
493 686
494 183
494 191
494 260
494 263
494 268
494 288
494 324
494 431
494 461
494 548
494 637
494 693
494 736
495 50
495 121
495 162
495 215
495 229
495 359
495 528
495 568
495 599
495 650
495 735
496 188
496 541
496 554
496 583
496 607
496 625
496 633
496 653
496 683
496 688
496 937
497 19
497 63
497 158
497 232
497 276
497 770
497 807
497 824
498 12
498 36
498 85
498 89
498 110
498 130
498 223
498 398
498 675
498 795
498 832
498 904
499 277
499 331
499 501
499 701
499 729
499 766
499 774
499 925
499 981
500 10
500 49
500 200
500 452
500 544
500 713
500 912
501 5
501 84
501 151
501 474
501 476
501 578
501 689
501 712
501 764
501 767
501 782
501 807
501 885
501 890
501 896
502 11
502 107
502 308
502 357
502 358
502 392
502 442
502 443
502 476
502 510
502 531
502 546
502 747
502 806
502 915
502 952
502 992
503 147
503 225
503 384
503 516
503 534
503 559
503 781
503 790
504 72
504 138
504 217
504 279
504 422
504 488
504 591
504 672
504 694
504 696
504 809
504 859
504 880
505 140
505 320
505 422
505 671
505 721
505 836
505 876
506 91
506 486
506 632
506 657
506 660
506 731
506 733
506 746
506 764
507 80
507 178
507 325
507 332
507 367
507 398
507 477
507 588
507 944
508 21
508 205
508 214
508 275
508 550
508 699
508 859
508 915
508 979
509 70
509 141
509 439
509 497
509 638
509 833
509 860
510 36
510 607
510 677
510 786
511 14
511 150
511 211
511 255
511 324
511 377
511 495
511 543
511 629
511 641
511 713
511 906
511 918
512 75
512 767
512 823
512 969
512 982
513 64
513 86
513 178
513 230
513 263
513 510
513 701
513 871
513 921
514 1
514 54
514 176
514 216
514 276
514 350
514 404
514 405
514 417
514 459
514 474
514 924
514 954
515 44
515 52
515 204
515 235
515 316
515 512
515 587
515 623
515 732
515 771
515 831
515 833
515 869
515 915
516 231
516 545
516 658
516 676
516 849
516 901
516 925
517 166
517 304
517 306
517 487
517 614
517 701
517 764
517 892
517 961
517 983
518 54
518 628
518 657
518 678
518 711
518 720
518 790
518 859
518 872
518 954
518 963
518 967
518 978
518 984
519 72
519 122
519 126
519 140
519 170
519 204
519 225
519 335
519 469
519 692
519 805
519 854
519 871
519 930
519 962
520 349
520 592
520 850
520 906
521 17
521 134
521 156
521 364
521 402
521 506
521 661
521 671
521 759
521 789
521 812
521 950
521 952
521 972
522 197
522 235
522 430
522 440
522 525
522 556
522 637
522 656
522 745
522 856
522 902
522 941
523 238
523 387
523 555
523 820
523 958
523 974
523 995
524 12
524 128
524 142
524 277
524 584
524 825
524 834
524 862
524 868
524 884
524 892
525 49
525 240
525 443
525 586
525 628
525 703
525 715
525 727
525 744
525 890
526 314
526 338
526 346
526 422
526 445
526 564
526 771
526 797
526 893
526 976
527 3
527 6
527 173
527 340
527 383
527 426
527 518
527 719
527 988
528 367
528 392
528 544
528 705
528 752
528 820
528 871
529 10
529 75
529 175
529 184
529 260
529 484
529 519
529 603
529 618
529 732
529 799
529 867
530 19
530 31
530 39
530 64
530 152
530 440
530 563
530 635
530 695
530 820
530 876
530 877
531 82
531 203
531 252
531 333
531 737
531 812
531 829
532 43
532 87
532 119
532 300
532 356
532 385
532 477
532 503
532 560
532 683
532 943
532 998
533 29
533 45
533 338
533 500
533 613
533 930
534 50
534 55
534 301
534 525
534 550
534 697
534 788
535 52
535 104
535 135
535 298
535 329
535 334
535 341
535 485
535 508
535 531
535 673
535 993
536 11
536 182
536 227
536 310
536 363
536 431
536 478
536 497
536 531
536 577
536 717
536 750
536 829
536 833
536 835
536 875
537 105
537 167
537 504
537 750
537 763
538 10
538 48
538 162
538 595
538 639
538 669
538 711
538 801
538 828
538 951
539 128
539 172
539 240
539 280
539 288
539 328
539 465
539 936
539 993
540 270
540 271
540 289
540 377
540 451
540 520
540 708
540 724
540 870
540 962
540 991
541 59
541 217
541 237
541 347
541 483
541 526
541 623
541 658
541 827
541 878
541 929
542 70
542 127
542 160
542 205
542 208
542 265
542 305
542 359
542 414
542 507
542 531
542 554
542 710
542 781
542 782
542 808
542 853
543 77
543 201
543 288
543 426
543 503
543 555
543 570
543 647
543 877
543 936
543 989
544 42
544 232
544 239
544 319
544 351
544 499
544 552
544 556
544 572
544 614
544 622
544 692
544 770
544 861
544 944
545 19
545 30
545 106
545 172
545 180
545 330
545 407
545 559
545 968
546 239
546 458
546 490
546 511
546 540
546 817
546 819
546 924
547 162
547 226
547 379
547 885
547 971
548 17
548 160
548 449
548 506
548 580
548 616
549 115
549 132
549 150
549 225
549 434
549 450
549 454
549 485
549 624
549 638
550 253
550 265
550 546
550 578
550 608
550 702
550 729
550 752
550 776
550 794
550 891
551 19
551 471
551 475
551 573
551 597
551 629
551 637
551 788
551 849
552 112
552 257
552 392
552 427
552 602
552 617
552 634
552 749
552 797
552 931
552 958
553 246
553 379
553 410
553 497
553 504
553 590
553 794
553 880
553 939
553 978
553 988
554 174
554 271
554 318
554 679
554 782
554 888
555 40
555 232
555 273
555 376
555 385
555 424
555 439
555 587
555 625
555 702
555 814
555 839
556 51
556 207
556 224
556 252
556 253
556 259
556 316
556 450
556 487
556 553
556 600
556 724
556 739
556 868
556 879
556 924
557 165
557 572
557 655
557 680
557 803
557 842
557 850
557 957
558 0
558 28
558 88
558 326
558 356
558 405
558 426
558 519
558 560
558 667
558 731
558 780
558 790
559 71
559 290
559 331
559 387
559 497
559 884
560 58
560 266
560 367
560 413
560 604
560 623
560 732
560 771
560 934
560 949
561 164
561 203
561 214
561 217
561 287
561 307
561 438
561 596
561 942
561 977
562 55
562 269
562 313
562 342
562 421
562 559
562 574
562 749
562 856
562 979
563 688
563 965
564 121
564 377
564 413
564 481
564 660
564 693
564 802
564 822
564 920
564 960
565 493
565 495
565 513
565 526
565 654
565 766
565 911
565 920
565 977
566 10
566 18
566 137
566 145
566 346
566 486
566 500
566 512
566 593
566 646
566 649
566 815
566 995
567 50
567 257
567 318
567 327
567 569
567 656
567 783
567 960
568 77
568 120
568 165
568 198
568 631
568 706
569 18
569 364
569 420
569 444
569 473
569 494
569 498
569 666
570 54
570 146
570 192
570 218
570 302
570 352
570 381
570 382
570 417
570 459
570 472
570 529
570 696
570 844
570 857
570 930
570 940
571 92
571 205
571 261
571 425
571 433
571 445
571 458
571 527
571 649
571 701
571 873
571 878
571 891
571 970
571 986
571 996
572 84
572 124
572 149
572 252
572 484
572 646
572 705
572 733
572 847
572 884
573 67
573 101
573 123
573 209
573 357
573 686
573 837
573 889
573 919
573 964
573 968
573 972
574 42
574 154
574 199
574 324
574 362
574 463
574 532
574 600
574 930
574 943
575 39
575 464
575 501
575 546
575 590
575 632
575 789
575 790
575 822
575 905
576 48
576 86
576 87
576 136
576 156
576 161
576 231
576 455
576 481
576 723
576 765
576 814
577 34
577 44
577 68
577 185
577 234
577 321
577 337
577 572
577 759
578 37
578 85
578 121
578 213
578 351
578 530
578 704
578 895
578 918
578 923
578 933
579 0
579 363
579 475
579 494
579 515
579 658
579 669
579 703
579 739
579 776
579 778
579 808
579 995
580 141
580 273
580 314
580 350
580 369
580 499
580 503
580 558
580 579
580 627
580 640
580 648
580 706
580 740
580 807
581 96
581 264
581 331
581 334
581 376
581 405
581 434
581 493
581 573
581 870
582 3
582 212
582 226
582 424
582 454
582 724
582 730
583 149
583 191
583 300
583 429
583 441
583 636
583 920
583 996
584 45
584 138
584 246
584 283
584 340
584 497
584 543
584 582
584 628
584 660
584 663
584 780
585 21
585 159
585 300
585 318
585 405
585 508
585 710
585 979
585 987
586 157
586 289
586 391
586 408
586 434
586 485
586 512
586 602
586 622
586 774
586 806
586 889
587 57
587 210
587 234
587 293
587 454
588 21
588 101
588 200
588 303
588 336
588 340
588 407
588 530
588 593
588 721
588 724
589 83
589 197
589 335
589 428
589 481
589 660
589 671
589 824
589 979
590 51
590 184
590 262
590 286
590 327
590 363
590 538
590 544
590 553
590 660
591 28
591 50
591 116
591 123
591 604
591 729
591 759
591 799
591 808
591 851
591 856
592 147
592 414
592 525
592 542
592 678
592 682
592 715
592 784
592 867
592 870
593 119
593 146
593 221
593 288
593 612
594 109
594 282
594 372
594 636
594 796
594 865
595 163
595 178
595 241
595 656
595 802
595 820
595 871
595 915
595 920
596 79
596 83
596 222
596 227
596 245
596 288
596 438
596 658
596 693
596 739
596 909
596 972
597 4
597 68
597 70
597 246
597 273
597 433
597 440
597 596
597 907
598 512
598 713
598 978
599 126
599 212
599 276
599 294
599 304
599 435
599 608
599 703
599 736
599 901
599 938
600 53
600 67
600 135
600 312
600 340
600 429
600 472
600 482
600 574
600 661
600 662
600 706
600 874
601 77
601 477
601 483
601 574
601 627
601 664
601 680
601 734
602 41
602 84
602 108
602 136
602 438
602 545
602 654
602 663
602 675
602 682
602 734
602 848
603 36
603 79
603 99
603 146
603 217
603 278
603 508
603 543
603 632
603 643
603 663
603 771
603 808
603 833
604 145
604 252
604 367
604 416
604 455
604 511
604 608
604 653
604 704
604 710
604 724
604 808
604 828
604 876
604 903
605 150
605 253
605 293
605 413
605 468
605 582
605 841
605 972
606 109
606 260
606 261
606 391
606 428
606 506
606 570
606 631
606 801
606 901
606 959
607 63
607 153
607 176
607 205
607 281
607 432
607 515
607 534
607 543
607 592
607 788
607 825
607 925
607 965
607 990
607 992
608 8
608 69
608 259
608 383
608 609
608 652
608 711
608 794
608 808
608 837
608 862
608 870
608 998
609 54
609 66
609 88
609 99
609 112
609 124
609 221
609 352
609 382
609 472
609 487
609 542
609 712
609 855
610 218
610 457
610 791
610 797
610 906
610 949
611 213
611 226
611 579
611 604
611 863
611 903
611 908
611 962
611 974
612 17
612 354
612 365
612 432
612 465
612 641
612 668
613 47
613 265
613 327
613 338
613 372
613 375
613 412
613 488
613 510
613 526
613 552
613 562
613 568
613 708
613 807
613 854
613 922
614 128
614 185
614 208
614 217
614 220
614 240
614 286
614 370
614 448
614 489
614 578
614 681
614 714
614 776
614 787
614 884
614 965
615 9
615 12
615 35
615 64
615 133
615 268
615 387
615 452
615 589
615 862
615 878
615 991
616 57
616 219
616 353
616 441
616 778
616 793
616 795
616 916
616 991
617 93
617 107
617 315
617 427
617 515
617 632
617 720
617 721
617 781
617 790
617 798
617 897
617 913
617 965
618 179
618 248
618 283
618 312
618 361
618 664
618 811
618 881
618 999
619 125
619 146
619 170
619 213
619 245
619 316
619 339
619 379
619 451
619 496
619 526
619 623
619 685
619 719
619 748
619 778
620 82
620 95
620 174
620 229
620 297
620 437
620 520
620 621
620 679
620 853
620 860
620 868
620 955
621 47
621 184
621 187
621 244
621 392
621 558
621 571
621 748
621 804
621 880
622 41
622 149
622 204
622 313
622 390
622 420
622 648
622 652
622 967
622 976
623 44
623 48
623 87
623 264
623 294
623 549
623 591
623 634
623 741
623 752
623 761
624 39
624 49
624 152
624 229
624 301
624 309
624 349
624 475
624 619
624 667
624 779
624 792
625 98
625 160
625 206
625 211
625 304
625 319
625 464
625 469
625 545
625 621
625 699
625 762
625 849
625 942
625 991
626 52
626 99
626 162
626 201
626 262
626 380
626 468
626 552
626 615
626 729
626 738
626 853
626 937
626 951
626 969
627 41
627 179
627 200
627 204
627 205
627 222
627 223
627 254
627 320
627 333
627 394
627 524
627 697
627 725
627 801
627 991
628 280
628 321
628 436
628 548
628 756
628 837
629 97
629 131
629 247
629 268
629 347
629 548
629 563
629 659
629 743
629 746
629 962
630 22
630 232
630 321
630 558
630 611
630 796
631 35
631 132
631 219
631 322
631 370
631 394
631 474
631 557
631 595
631 615
631 681
631 691
631 720
631 936
632 24
632 45
632 51
632 149
632 155
632 223
632 232
632 234
632 329
632 496
632 584
632 627
632 878
632 972
633 233
633 309
633 399
633 420
633 628
633 638
633 689
633 707
633 757
633 828
634 27
634 119
634 169
634 212
634 235
634 375
634 543
634 690
634 706
634 747
634 822
634 923
634 939
635 281
635 402
635 688
635 890
636 322
636 325
636 371
636 610
636 845
636 933
637 1
637 30
637 48
637 93
637 255
637 366
637 477
637 622
637 690
637 874
637 886
638 16
638 83
638 394
638 463
638 594
638 596
638 642
638 648
638 678
638 799
638 874
638 882
638 968
639 118
639 178
639 204
639 272
639 292
639 358
639 415
639 599
639 662
639 666
639 852
639 879
639 925
639 946
640 55
640 101
640 149
640 166
640 325
640 361
640 461
640 505
640 533
640 792
640 903
641 34
641 150
641 161
641 191
641 251
641 300
641 341
641 577
641 737
641 830
641 866
642 37
642 66
642 121
642 138
642 288
642 342
642 584
642 694
642 769
642 806
642 816
643 176
643 193
643 246
643 263
643 364
643 532
643 623
643 677
643 828
643 885
643 948
643 956
644 437
644 594
644 669
644 724
644 898
644 909
644 962
644 984
645 81
645 177
645 289
645 324
645 375
645 443
645 579
645 807
645 847
645 892
645 973
645 983
646 54
646 67
646 353
646 590
646 679
646 820
647 162
647 181
647 449
647 532
647 806
647 811
647 836
647 953
648 136
648 552
648 655
648 664
649 116
649 198
649 227
649 353
649 416
649 521
649 566
649 674
649 703
649 797
649 826
649 838
649 931
649 940
650 8
650 137
650 179
650 378
650 394
650 603
650 626
650 700
650 824
650 846
650 971
651 29
651 51
651 219
651 226
651 299
651 378
651 408
651 695
651 815
651 848
652 41
652 111
652 202
652 267
652 430
652 515
652 621
652 781
652 783
652 862
652 887
652 900
652 904
653 54
653 91
653 143
653 294
653 422
653 611
653 642
653 681
653 887
653 914
654 120
654 166
654 353
654 518
654 571
654 602
654 622
654 806
654 825
654 906
654 945
654 976
655 47
655 58
655 226
655 262
655 264
655 272
655 571
655 782
655 833
656 54
656 158
656 550
656 613
656 790
656 913
657 47
657 179
657 264
657 347
657 419
657 500
657 524
657 525
657 597
657 857
657 867
657 937
657 972
657 988
658 24
658 105
658 441
658 693
658 712
658 946
659 14
659 123
659 298
659 700
659 701
659 739
659 823
659 947
660 195
660 200
660 308
660 384
660 407
660 455
660 549
660 703
660 778
660 851
660 868
661 36
661 121
661 172
661 349
661 393
661 463
661 528
661 703
662 9
662 28
662 109
662 233
662 312
662 378
662 541
662 544
662 755
662 815
662 980
663 107
663 350
663 401
663 756
663 986
664 162
664 224
664 536
664 622
664 652
664 864
665 201
665 354
665 498
665 526
665 531
665 548
665 692
665 697
665 910
666 23
666 48
666 93
666 110
666 197
666 522
666 708
666 837
667 90
667 165
667 184
667 216
667 282
667 527
667 816
667 836
667 993
668 285
668 416
668 556
668 612
668 696
668 939
668 956
668 983
669 0
669 166
669 311
669 376
669 427
669 663
669 670
669 682
669 729
669 763
669 879
670 10
670 210
670 389
670 600
670 606
670 840
670 880
671 71
671 91
671 107
671 237
671 390
671 469
671 508
671 518
671 564
671 601
671 703
671 814
671 866
671 903
671 984
671 988
672 91
672 154
672 271
672 309
672 447
672 551
672 718
672 894
672 958
673 19
673 29
673 131
673 371
673 383
673 644
673 746
673 777
673 778
673 818
673 943
674 68
674 97
674 117
674 394
674 739
675 88
675 92
675 248
675 588
675 645
675 725
675 800
676 130
676 269
676 313
676 319
676 438
676 515
676 674
676 923
676 934
676 944
677 27
677 96
677 406
677 415
677 436
677 453
677 490
677 508
677 685
677 841
677 855
678 114
678 294
678 425
678 493
678 720
678 959
679 222
679 417
679 536
679 556
679 663
679 689
679 764
679 897
679 978
680 77
680 152
680 155
680 224
680 288
680 338
680 498
680 695
680 736
680 957
680 985
681 188
681 724
682 63
682 157
682 241
682 285
682 289
682 308
682 524
682 598
682 650
682 691
682 782
682 883
682 929
683 13
683 119
683 177
683 407
683 439
683 593
683 624
683 692
683 705
683 847
683 863
684 16
684 103
684 153
684 213
684 249
684 314
684 551
684 585
684 691
684 777
684 852
685 30
685 61
685 94
685 146
685 290
685 404
685 480
685 612
685 618
685 690
685 771
685 934
686 18
686 72
686 174
686 484
686 535
686 638
686 881
686 953
687 64
687 65
687 252
687 356
687 806
687 892
687 897
687 906
687 989
688 122
688 247
688 286
688 408
688 524
688 567
688 668
688 715
688 803
688 929
688 982
689 52
689 87
689 122
689 186
689 209
689 360
689 385
689 591
689 655
689 658
690 9
690 72
690 181
690 343
690 403
690 423
690 660
690 679
690 774
690 839
691 1
691 11
691 45
691 80
691 223
691 227
691 455
691 555
691 560
691 679
691 718
692 22
692 186
692 265
692 275
692 291
692 437
692 560
692 625
692 633
692 663
692 675
692 757
692 853
693 14
693 63
693 65
693 274
693 304
693 338
693 359
693 510
693 576
693 722
693 918
694 51
694 113
694 233
694 235
694 244
694 321
694 328
694 329
694 338
694 347
694 369
694 428
694 430
694 454
694 571
694 715
694 859
695 40
695 130
695 131
695 245
695 512
695 587
695 654
695 692
695 712
695 822
696 57
696 81
696 112
696 171
696 328
696 533
696 591
696 767
696 812
696 944
697 103
697 744
697 764
697 855
698 92
698 108
698 382
698 401
698 622
698 858
698 860
698 933
698 993
699 163
699 182
699 358
699 396
699 442
699 488
699 574
699 735
699 781
699 997
700 144
700 176
700 209
700 304
700 428
700 472
700 639
700 834
700 868
701 36
701 191
701 344
701 554
701 670
701 758
701 774
701 798
701 899
701 902
701 932
702 27
702 83
702 185
702 206
702 304
702 362
702 442
702 519
702 571
702 582
702 884
702 925
703 109
703 261
703 679
703 721
703 796
703 980
704 64
704 246
704 348
704 424
704 510
704 571
704 594
704 626
704 932
705 130
705 132
705 140
705 153
705 160
705 187
705 244
705 321
705 492
705 688
705 871
705 918
705 934
705 979
705 989
706 38
706 42
706 73
706 107
706 178
706 398
706 692
706 817
706 828
706 925
707 10
707 32
707 85
707 88
707 101
707 165
707 188
707 502
707 533
707 631
707 632
707 679
707 692
707 883
708 105
708 205
708 354
708 631
708 692
708 749
708 794
708 960
709 27
709 93
709 109
709 145
709 177
709 398
709 535
709 747
709 794
710 30
710 220
710 275
710 287
710 302
710 307
710 329
710 799
710 809
710 833
710 900
711 63
711 77
711 202
711 275
711 283
711 306
711 343
712 87
712 262
712 502
712 710
712 755
712 767
712 822
712 853
712 871
712 918
712 947
712 958
712 983
713 37
713 65
713 69
713 199
713 221
713 446
713 529
713 579
713 592
713 626
713 827
713 838
713 929
714 9
714 170
714 261
714 289
714 349
714 354
714 524
714 618
714 750
714 807
714 880
715 10
715 141
715 200
715 668
715 670
715 833
716 21
716 127
716 160
716 184
716 288
716 499
716 574
716 632
716 848
716 883
717 137
717 388
717 475
717 850
717 918
718 64
718 266
718 302
718 308
718 423
718 505
718 520
718 581
718 592
718 680
718 805
718 875
718 907
718 965
719 10
719 58
719 95
719 181
719 237
719 441
719 456
719 587
719 692
719 750
719 833
719 876
719 911
720 104
720 286
720 617
720 749
720 805
720 832
720 952
721 69
721 165
721 221
721 230
721 277
721 299
721 352
721 535
721 551
721 663
721 791
721 835
721 836
721 948
722 37
722 278
722 554
722 893
722 905
722 913
723 35
723 128
723 182
723 335
723 378
723 429
723 631
723 647
723 751
723 785
724 227
724 254
724 274
724 333
724 342
724 457
724 478
724 738
725 95
725 98
725 108
725 113
725 126
725 174
725 305
725 313
725 461
725 799
726 35
726 314
726 385
726 455
726 481
726 572
726 599
726 698
726 719
726 738
726 855
726 956
726 962
727 299
727 455
727 605
727 857
727 899
727 917
727 920
728 143
728 181
728 229
728 357
728 439
728 511
728 748
728 915
728 974
728 981
729 59
729 90
729 370
729 534
729 639
729 721
729 751
729 754
729 767
729 845
729 908
729 926
729 989
730 176
730 742
730 818
730 910
730 913
730 923
730 942
731 201
731 239
731 420
731 425
731 707
731 737
731 739
731 764
732 45
732 162
732 290
732 348
732 449
732 471
732 547
732 554
732 677
732 794
732 890
733 466
733 531
733 620
733 640
734 8
734 111
734 200
734 201
734 234
734 982
735 21
735 131
735 407
735 436
735 819
736 183
736 234
736 238
736 439
736 465
737 376
737 502
737 514
737 831
737 869
738 671
738 716
738 895
738 920
738 927
739 17
739 21
739 54
739 220
739 267
739 337
739 388
739 578
739 582
739 596
739 802
739 898
739 910
739 911
739 968
740 200
740 550
740 596
740 655
740 971
741 24
741 115
741 316
741 352
741 377
741 393
741 443
741 606
741 720
741 805
741 826
742 51
742 206
742 447
742 662
742 772
743 74
743 178
743 383
743 497
743 559
743 736
743 792
743 819
743 959
743 994
744 212
744 232
744 262
744 268
744 314
744 348
744 379
744 447
744 459
744 468
744 609
745 78
745 94
745 163
745 175
745 418
745 432
745 509
745 601
745 698
745 834
745 894
745 964
746 80
746 370
746 381
746 563
746 586
746 613
746 772
746 796
746 809
747 38
747 239
747 278
747 355
747 372
747 502
747 866
748 14
748 464
748 729
748 766
748 790
748 828
748 963
749 8
749 130
749 616
749 756
749 836
750 200
750 278
750 367
750 407
750 464
750 475
750 485
750 516
750 538
750 590
750 703
750 801
750 831
750 900
750 976
751 79
751 131
751 358
751 400
751 500
751 512
751 534
751 658
751 696
751 931
752 20
752 42
752 49
752 149
752 150
752 199
752 239
752 843
752 942
753 0
753 218
753 443
753 490
753 657
753 726
753 728
753 916
754 135
754 522
754 535
754 543
754 804
754 949
754 974
755 152
755 270
755 618
755 724
755 894
755 963
756 128
756 181
756 259
756 322
756 732
756 955
757 48
757 114
757 260
757 366
757 390
757 400
757 412
757 429
757 476
757 491
757 522
757 654
757 772
757 774
757 808
757 842
757 868
758 57
758 121
758 274
758 464
758 757
758 982
758 983
759 13
759 24
759 49
759 145
759 170
759 180
759 238
759 376
759 526
759 532
759 724
759 736
759 755
759 863
759 868
760 72
760 187
760 228
760 384
760 608
760 687
760 894
760 981
760 992
761 139
761 218
761 288
761 309
761 368
761 450
761 536
761 567
761 598
761 659
761 664
762 74
762 123
762 401
762 535
762 635
762 671
762 720
762 772
762 825
762 907
763 40
763 159
763 449
763 461
763 465
763 466
763 551
763 737
764 56
764 95
764 129
764 158
764 205
764 381
764 483
764 579
764 642
764 771
764 809
764 855
764 886
764 939
764 951
764 964
765 34
765 104
765 361
765 407
765 443
765 515
765 629
765 752
765 783
766 94
766 163
766 273
766 426
766 584
766 621
766 929
767 13
767 78
767 109
767 138
767 203
767 248
767 326
767 357
767 524
767 601
767 807
767 855
767 970
768 211
768 608
768 687
768 742
768 770
768 827
768 906
768 909
769 23
769 56
769 207
769 428
769 754
769 778
770 38
770 64
770 415
770 519
770 548
770 765
770 942
770 945
771 129
771 198
771 269
771 295
771 378
771 381
771 527
771 548
771 712
771 750
772 212
772 250
772 269
772 364
772 403
772 464
772 574
772 713
772 726
772 872
772 898
773 116
773 126
773 351
773 358
773 839
773 863
773 900
773 930
774 205
774 272
774 360
774 429
774 650
774 655
774 974
775 78
775 135
775 287
775 315
775 426
775 546
775 809
775 820
775 857
776 2
776 15
776 156
776 412
776 432
776 509
776 576
776 644
776 706
776 771
776 803
776 974
776 981
777 30
777 48
777 82
777 109
777 222
777 260
777 274
777 322
777 330
777 423
777 525
777 528
777 789
777 879
777 880
777 994
778 46
778 81
778 132
778 294
778 400
778 612
778 632
778 640
778 750
778 804
778 821
778 991
779 312
779 317
779 366
779 393
779 444
779 588
779 740
779 961
779 974
780 108
780 132
780 154
780 172
780 360
780 437
780 502
780 699
780 730
780 769
780 771
780 792
780 862
780 973
780 980
780 992
781 33
781 74
781 313
781 722
781 766
781 789
781 898
781 900
782 15
782 21
782 124
782 139
782 261
782 282
782 317
782 365
782 479
782 833
782 836
782 942
783 216
783 351
783 440
783 441
783 477
783 514
783 598
783 604
783 626
783 647
783 649
783 743
783 781
783 787
783 796
783 901
783 924
784 119
784 264
784 571
784 667
784 850
784 962
785 5
785 139
785 350
785 380
785 705
785 863
786 0
786 51
786 139
786 169
786 231
786 261
786 319
786 545
786 713
786 950
787 107
787 132
787 141
787 190
787 285
787 564
787 622
787 780
787 848
787 892
788 170
788 338
788 490
788 579
788 623
788 658
788 790
788 845
788 938
788 989
789 76
789 113
789 223
789 273
789 391
789 416
789 597
789 720
789 772
789 913
790 6
790 33
790 65
790 153
790 293
790 688
790 737
790 762
791 18
791 26
791 49
791 175
791 208
791 237
791 492
791 502
791 677
792 105
792 131
792 165
792 299
792 626
792 662
792 750
792 839
792 936
792 954
792 990
793 92
793 169
793 291
793 306
793 512
794 1
794 36
794 62
794 97
794 208
794 392
794 539
794 543
794 699
794 709
794 720
794 816
794 873
794 893
795 255
795 338
795 358
795 477
795 670
795 841
796 15
796 174
796 209
796 497
796 678
796 898
797 181
797 201
797 413
797 505
797 722
797 765
797 767
798 89
798 249
798 371
798 506
798 531
798 539
798 648
798 653
798 714
798 877
798 952
799 12
799 187
799 250
799 251
799 288
799 365
799 420
799 557
799 601
799 941
799 943
799 957
799 966
799 988
800 50
800 79
800 130
800 267
800 556
800 728
800 736
800 743
800 929
800 942
800 974
800 989
801 35
801 37
801 216
801 407
801 474
801 494
801 643
801 722
801 873
801 880
801 942
801 993
802 160
802 502
802 648
802 668
802 679
802 761
802 944
803 165
803 247
803 304
803 307
803 342
803 391
803 481
803 565
803 574
804 56
804 88
804 111
804 121
804 307
804 345
804 385
804 687
804 824
805 44
805 233
805 252
805 389
805 449
805 491
805 642
805 698
805 776
805 993
806 2
806 67
806 515
806 536
806 558
806 628
806 748
806 767
806 885
807 50
807 101
807 211
807 216
807 317
807 381
807 431
807 502
807 557
807 568
807 588
807 616
807 748
807 849
808 38
808 42
808 217
808 292
808 312
808 465
808 535
808 848
809 72
809 85
809 173
809 185
809 408
809 475
809 512
809 516
809 522
809 632
809 689
809 786
810 63
810 272
810 347
810 507
810 767
810 859
810 869
810 993
811 6
811 165
811 235
811 248
811 345
811 405
811 413
811 434
811 482
811 646
811 733
811 759
811 833
811 914
812 155
812 262
812 344
812 464
812 475
812 498
812 588
812 635
812 741
812 748
812 875
812 973
812 995
813 247
813 305
813 415
813 420
813 489
813 507
813 600
813 757
813 893
814 134
814 137
814 213
814 234
814 259
814 378
814 748
814 775
815 64
815 81
815 123
815 497
815 546
815 744
815 939
816 19
816 145
816 177
816 459
816 586
816 647
816 752
816 900
817 20
817 226
817 301
817 330
817 354
817 457
817 460
817 586
817 627
817 631
817 642
817 680
817 788
817 856
817 874
818 248
818 279
818 528
818 611
818 617
818 618
818 663
818 872
818 980
819 124
819 323
819 963
820 89
820 175
820 226
820 378
820 415
820 419
820 488
820 494
820 506
820 570
820 618
820 657
820 691
820 711
820 757
820 935
820 979
821 30
821 105
821 226
821 322
821 342
821 571
821 590
821 691
821 798
822 113
822 147
822 406
822 435
822 449
822 617
822 655
822 699
822 790
822 890
823 199
823 238
823 382
823 538
823 605
823 644
823 689
823 725
823 732
823 976
824 88
824 260
824 395
824 403
824 556
824 654
824 914
824 957
825 25
825 70
825 73
825 113
825 300
825 439
825 528
825 533
825 705
825 730
825 871
825 900
826 8
826 51
826 61
826 114
826 230
826 295
826 405
826 411
826 443
826 609
826 610
826 778
826 900
826 911
826 917
827 39
827 135
827 191
827 208
827 242
827 305
827 626
827 781
827 878
827 889
828 275
828 362
828 403
828 434
828 482
828 572
828 780
828 980
828 997
829 43
829 264
829 283
829 483
829 548
829 565
829 747
829 770
829 859
829 873
829 926
830 44
830 144
830 292
830 560
830 596
830 628
830 653
830 727
830 812
830 924
830 962
830 975
831 56
831 227
831 590
831 732
831 864
832 70
832 82
832 101
832 174
832 233
832 300
832 378
832 401
832 711
832 729
832 730
832 850
833 115
833 139
833 205
833 391
833 864
834 25
834 439
834 703
834 710
834 714
834 721
834 967
835 82
835 222
835 234
835 273
835 340
835 373
835 543
835 595
835 614
835 696
835 755
835 886
836 9
836 228
836 300
836 434
836 633
836 774
836 874
837 43
837 83
837 197
837 437
837 453
837 629
837 644
837 857
838 218
838 289
838 389
838 396
838 408
838 475
838 579
838 629
838 864
839 180
839 284
839 360
839 453
839 618
839 893
840 179
840 181
840 438
840 505
840 942
841 162
841 194
841 253
841 568
841 734
841 746
841 754
841 792
841 925
842 22
842 94
842 270
842 356
842 377
842 466
842 688
842 724
842 823
842 827
842 975
843 99
843 148
843 315
843 402
843 419
843 478
843 530
843 905
843 906
843 980
844 123
844 308
844 383
844 390
844 443
844 548
844 634
844 743
844 888
844 954
844 958
845 182
845 207
845 359
845 536
845 598
845 826
845 884
846 10
846 34
846 35
846 66
846 367
846 382
846 471
846 681
846 709
846 736
846 902
846 951
847 79
847 190
847 204
847 297
847 321
847 548
847 621
847 647
847 693
847 749
847 863
847 929
847 945
847 994
848 89
848 137
848 144
848 267
848 406
848 549
848 657
848 666
848 724
848 741
848 785
848 922
848 974
849 54
849 259
849 265
849 560
849 590
849 625
849 716
849 815
849 920
849 987
850 20
850 114
850 391
850 461
850 556
850 570
850 760
850 793
850 826
851 1
851 80
851 254
851 328
851 396
851 732
851 868
851 884
852 148
852 183
852 222
852 321
852 420
852 451
852 517
852 562
852 627
852 635
852 742
852 784
852 860
852 978
853 23
853 45
853 97
853 210
853 243
853 315
853 350
853 399
853 624
853 635
853 753
853 881
854 0
854 37
854 114
854 183
854 210
854 320
854 433
854 635
854 789
854 850
855 136
855 202
855 227
855 228
855 411
855 741
855 995
856 90
856 294
856 338
856 428
856 447
856 458
856 556
856 593
856 601
856 649
856 803
856 805
856 892
856 911
856 944
856 975
857 31
857 66
857 91
857 308
857 482
857 504
857 700
857 862
858 43
858 46
858 242
858 373
858 387
858 404
858 546
858 818
858 836
858 838
859 92
859 310
859 429
859 594
859 756
859 895
860 36
860 84
860 143
860 157
860 192
860 246
860 273
860 706
860 819
860 820
861 19
861 114
861 160
861 312
861 348
861 486
861 530
861 645
861 692
861 832
861 903
861 924
862 35
862 203
862 212
862 234
862 365
862 497
862 537
862 594
862 771
862 830
862 874
863 92
863 122
863 191
863 278
863 381
863 447
863 701
863 773
863 956
864 45
864 80
864 149
864 344
864 462
864 513
864 526
864 658
864 717
864 728
864 823
864 866
864 891
864 906
864 964
865 100
865 104
865 318
865 327
865 750
865 766
865 772
865 919
865 947
866 146
866 157
866 162
866 230
866 278
866 406
866 510
866 566
866 655
866 826
866 898
866 965
867 86
867 245
867 284
867 479
867 803
867 818
867 847
867 886
868 0
868 19
868 143
868 184
868 189
868 252
868 254
868 328
868 338
868 355
868 513
868 594
868 606
868 735
868 764
868 845
868 911
868 943
868 945
869 61
869 64
869 81
869 84
869 139
869 297
869 625
869 669
869 724
869 960
870 14
870 42
870 163
870 272
870 350
870 399
870 434
870 497
870 503
870 506
870 601
870 711
870 716
870 731
870 991
871 20
871 81
871 162
871 366
871 430
871 591
871 692
871 723
871 779
871 875
871 913
871 956
872 57
872 75
872 325
872 386
872 560
872 565
872 671
873 2
873 135
873 168
873 494
873 560
873 570
873 663
873 679
873 795
873 812
873 951
873 984
874 176
874 211
874 310
874 697
874 799
874 821
874 838
874 924
874 983
875 50
875 275
875 420
875 603
875 750
876 62
876 186
876 210
876 348
876 419
876 445
876 528
876 571
876 611
876 775
876 779
876 787
876 883
876 903
876 906
877 32
877 61
877 198
877 413
877 723
877 956
877 977
878 133
878 241
878 487
878 661
878 678
878 882
878 933
878 983
879 122
879 153
879 235
879 304
879 366
879 483
879 486
879 738
879 937
880 86
880 306
880 310
880 317
880 480
880 581
880 619
880 708
880 731
880 822
880 937
880 938
881 1
881 37
881 106
881 110
881 182
881 209
881 382
881 892
881 912
882 49
882 217
882 289
882 520
882 746
882 885
883 56
883 122
883 189
883 322
883 386
883 424
883 555
883 639
883 646
883 901
884 78
884 170
884 196
884 327
884 346
884 430
884 522
884 535
884 708
884 763
885 58
885 77
885 101
885 248
885 320
885 484
885 489
885 517
885 523
885 618
885 705
885 785
885 799
886 113
886 158
886 399
886 434
886 544
886 677
886 823
886 827
886 961
887 19
887 69
887 369
887 629
887 851
887 880
887 899
887 911
887 985
888 140
888 191
888 335
888 392
888 459
888 497
888 529
888 556
888 660
888 988
889 189
889 334
889 502
889 595
889 597
889 674
889 795
889 900
889 925
890 53
890 165
890 403
891 17
891 212
891 239
891 268
891 319
891 347
891 543
891 544
891 662
891 732
891 765
891 781
891 794
892 79
892 154
892 159
892 300
892 390
892 526
892 710
892 814
892 862
893 50
893 130
893 131
893 243
893 359
893 465
893 629
893 650
893 722
893 757
894 4
894 25
894 96
894 260
894 408
894 473
894 599
894 622
894 807
894 832
894 970
895 79
895 160
895 254
895 447
895 575
895 681
895 761
896 168
896 246
896 393
896 703
896 861
896 933
897 35
897 195
897 227
897 322
897 465
897 544
897 550
897 718
897 757
897 895
897 905
898 127
898 143
898 253
898 520
898 522
898 577
898 665
898 895
898 930
898 941
899 15
899 18
899 22
899 44
899 79
899 186
899 229
899 398
899 440
899 455
899 464
899 626
899 636
899 672
899 839
899 881
899 906
900 50
900 128
900 130
900 151
900 278
900 300
900 352
900 366
900 500
900 565
900 674
900 719
900 874
900 925
901 106
901 127
901 286
901 363
901 876
901 879
901 944
902 35
902 46
902 105
902 204
902 281
902 285
902 310
902 497
902 696
902 744
902 750
903 158
903 409
903 466
903 842
903 933
904 129
904 182
904 210
904 221
904 229
904 286
904 367
904 382
904 478
904 731
904 783
904 839
904 941
905 52
905 99
905 186
905 194
905 246
905 265
905 356
905 380
905 396
905 598
905 623
906 267
906 323
906 331
906 505
906 738
906 828
906 969
906 972
907 179
907 327
907 354
907 425
907 605
907 640
907 663
907 692
907 753
907 822
907 827
907 835
908 63
908 74
908 151
908 267
908 378
908 535
908 610
908 671
908 715
908 987
909 3
909 14
909 53
909 86
909 146
909 383
909 513
909 560
909 716
910 93
910 109
910 169
910 183
910 291
910 678
910 867
910 929
911 33
911 58
911 83
911 133
911 219
911 227
911 240
911 245
911 318
911 330
911 393
911 464
911 524
911 609
911 677
911 703
911 745
911 857
911 930
911 998
912 136
912 198
912 217
912 245
912 266
912 530
912 822
912 933
912 970
913 161
913 277
913 294
913 563
913 635
913 736
913 876
913 881
913 995
914 15
914 49
914 120
914 193
914 213
914 251
914 322
914 367
914 481
914 555
914 593
914 759
915 19
915 34
915 127
915 323
915 367
915 375
915 411
915 436
915 441
915 460
915 662
915 833
916 178
916 218
916 337
916 367
916 627
916 654
916 721
916 799
916 842
916 877
917 114
917 286
917 314
917 472
917 558
917 631
917 682
917 790
917 984
917 989
918 5
918 86
918 117
918 216
918 244
918 261
918 279
918 609
918 813
918 822
918 849
919 47
919 282
919 302
919 316
919 439
919 702
919 703
919 888
919 940
919 987
920 0
920 153
920 288
920 480
920 481
920 594
920 643
920 922
920 972
921 180
921 210
921 405
921 426
921 696
921 744
922 70
922 104
922 227
922 356
922 478
922 527
922 724
922 826
922 948
923 204
923 326
923 431
923 438
923 487
923 563
923 789
923 986
924 106
924 124
924 182
924 330
924 401
924 493
924 593
924 634
924 695
924 723
924 842
925 66
925 301
925 380
925 433
925 434
925 530
925 635
925 798
925 962
925 968
926 28
926 78
926 158
926 210
926 433
926 488
926 574
926 757
926 824
926 951
926 979
927 240
927 252
927 303
927 338
927 394
927 478
927 516
927 687
927 692
927 833
927 890
928 27
928 41
928 159
928 267
928 297
928 361
928 366
928 723
928 757
928 796
928 851
929 45
929 129
929 329
929 392
929 798
929 998
930 147
930 235
930 386
930 489
930 534
930 721
930 733
930 755
930 890
930 910
930 947
930 997
931 4
931 54
931 57
931 120
931 126
931 169
931 206
931 282
931 488
931 497
931 579
931 659
931 682
931 754
932 93
932 246
932 873
932 918
933 32
933 229
933 253
933 396
933 553
933 630
933 801
934 242
934 476
934 768
934 795
934 817
935 113
935 188
935 221
935 333
935 475
935 573
935 664
935 689
935 783
936 178
936 257
936 482
936 614
936 627
936 755
936 794
936 813
936 814
936 853
936 895
936 924
937 7
937 74
937 148
937 224
937 378
937 403
937 442
937 456
937 497
937 755
937 902
937 950
937 999
938 23
938 87
938 135
938 168
938 193
938 266
938 296
938 504
938 574
938 798
938 911
938 979
939 156
939 175
939 236
939 345
939 391
939 541
939 612
939 718
940 80
940 97
940 137
940 203
940 377
940 389
940 416
940 449
940 469
940 481
940 487
940 495
940 506
940 618
940 630
940 725
940 729
940 780
940 834
940 968
941 187
941 208
941 395
941 450
941 610
941 624
941 684
941 746
941 888
941 976
942 76
942 164
942 229
942 298
942 303
942 340
942 674
942 727
942 765
942 786
942 913
942 936
942 989
943 124
943 125
943 304
943 464
943 613
943 755
943 788
943 895
944 77
944 101
944 129
944 169
944 201
944 290
944 311
944 380
944 451
944 648
944 656
944 729
944 844
944 890
945 3
945 94
945 476
945 524
945 572
945 705
945 987
946 29
946 133
946 455
946 539
946 580
946 696
946 749
946 908
946 948
947 17
947 19
947 214
947 283
947 341
947 351
947 440
947 582
948 99
948 106
948 272
948 324
948 365
948 381
948 717
948 784
948 952
949 57
949 129
949 281
949 361
949 458
949 606
949 609
949 850
949 962
949 963
950 36
950 79
950 225
950 465
950 499
950 592
950 606
951 54
951 174
951 294
951 413
951 504
951 585
951 702
951 747
951 884
952 4
952 323
952 336
952 342
952 657
952 723
952 738
952 910
953 21
953 157
953 158
953 204
953 298
953 318
953 384
953 422
953 515
953 642
953 722
953 734
953 827
953 906
954 82
954 89
954 109
954 146
954 155
954 166
954 380
954 504
954 554
954 572
954 673
954 823
954 934
954 980
955 11
955 64
955 301
955 469
955 472
955 475
955 488
955 503
955 526
955 562
955 731
955 916
955 965
956 0
956 48
956 182
956 365
956 396
956 436
956 439
956 514
956 751
956 767
956 779
956 838
956 909
956 913
956 958
957 37
957 144
957 224
957 228
957 433
957 463
957 469
957 490
957 510
957 522
957 591
957 820
957 905
958 67
958 103
958 147
958 199
958 257
958 258
958 311
958 320
958 526
958 841
959 0
959 26
959 298
959 418
959 579
959 693
959 773
959 789
959 981
960 54
960 123
960 145
960 351
960 804
961 72
961 403
961 406
961 432
961 741
961 768
961 851
961 895
962 8
962 154
962 313
962 320
962 481
962 491
962 499
962 600
962 812
962 824
962 827
962 904
963 5
963 199
963 220
963 439
963 443
963 514
963 845
964 92
964 263
964 427
964 464
964 961
965 19
965 222
965 432
965 455
965 568
965 607
966 25
966 64
966 144
966 175
966 191
966 231
966 604
966 785
966 818
966 884
967 21
967 96
967 110
967 253
967 307
967 327
967 469
967 644
967 707
967 855
968 308
968 554
968 725
968 736
968 767
968 831
968 861
968 961
969 138
969 172
969 183
969 436
969 445
969 466
969 471
969 474
969 477
969 538
969 576
969 587
969 649
970 96
970 104
970 122
970 217
970 315
970 445
970 455
970 604
970 606
970 662
970 736
970 806
970 870
970 915
970 966
971 41
971 230
971 331
971 429
971 472
971 482
971 648
971 651
971 694
971 711
971 870
971 877
971 881
971 960
971 976
971 993
972 14
972 39
972 80
972 100
972 206
972 370
972 529
972 549
972 587
972 839
973 37
973 259
973 622
973 869
974 580
974 707
974 714
974 824
974 881
974 920
975 234
975 245
975 299
975 315
975 351
975 608
975 655
975 716
975 760
976 0
976 139
976 194
976 260
976 340
976 396
976 500
976 590
976 603
976 649
976 776
976 929
976 962
977 27
977 109
977 232
977 260
977 301
977 318
977 462
977 524
977 873
977 993
978 32
978 79
978 140
978 201
978 232
978 244
978 373
978 385
978 527
978 636
978 718
978 757
978 764
978 767
978 820
978 834
978 917
979 89
979 146
979 292
979 298
979 336
979 390
979 521
979 574
979 812
980 2
980 230
980 271
980 364
980 506
980 544
980 720
980 751
981 87
981 93
981 189
981 268
981 410
981 594
981 602
981 675
982 15
982 137
982 183
982 357
982 427
982 448
982 700
982 779
982 891
983 38
983 73
983 105
983 295
983 320
983 418
983 609
983 669
983 733
983 747
983 992
984 61
984 286
984 290
984 453
984 686
984 818
984 886
985 23
985 140
985 277
985 360
985 497
985 514
985 679
986 99
986 142
986 253
986 346
986 370
986 750
986 857
987 29
987 178
987 299
987 379
987 494
987 574
987 577
987 636
987 710
987 837
987 866
987 932
987 958
988 94
988 249
988 419
988 466
988 740
988 758
988 763
989 529
989 618
989 619
989 679
989 988
990 66
990 145
990 151
990 152
990 190
990 646
990 678
990 716
990 729
991 27
991 395
991 692
991 790
991 872
991 912
992 32
992 154
992 264
992 288
992 794
993 46
993 81
993 131
993 154
993 172
993 380
993 529
993 566
993 618
993 628
993 822
993 832
993 916
993 921
993 973
994 25
994 48
994 83
994 152
994 272
994 415
994 476
994 518
994 739
994 901
995 88
995 152
995 256
995 264
995 351
995 368
995 440
995 458
995 619
995 626
995 657
995 711
995 856
995 875
995 979
996 22
996 50
996 404
996 481
996 543
996 558
996 562
996 563
996 651
996 712
996 851
996 982
997 116
997 166
997 227
997 704
997 748
997 795
997 814
997 856
997 869
997 950
998 31
998 60
998 178
998 248
998 285
998 760
998 873
998 906
998 919
998 935
999 52
999 185
999 599
999 680
999 806
999 867
999 974
