0 84
0 202
0 243
0 257
0 362
0 372
0 423
0 473
0 533
0 681
0 704
0 730
0 967
1 9
1 144
1 158
1 225
1 562
1 589
1 787
1 882
1 977
2 213
2 333
2 353
2 404
2 447
2 458
2 470
2 678
2 753
2 767
2 832
2 952
3 40
3 112
3 263
3 306
3 430
3 512
3 726
3 745
3 932
3 967
3 972
4 249
4 551
4 560
4 598
4 674
5 56
5 62
5 134
5 254
5 266
5 410
5 474
5 512
5 611
5 750
5 909
6 5
6 170
6 283
6 489
6 535
6 781
7 31
7 266
7 358
7 401
7 479
7 693
7 697
7 764
7 970
8 60
8 62
8 68
8 293
8 363
8 409
8 436
8 468
8 580
8 719
8 760
8 790
9 3
9 25
9 532
9 539
9 569
9 590
9 611
9 729
9 733
9 870
9 905
9 979
10 1
10 103
10 178
10 223
10 334
10 374
10 384
10 440
10 505
10 534
10 588
10 672
10 769
10 805
10 808
10 890
10 895
10 898
10 988
11 23
11 366
11 435
11 502
11 538
11 599
11 941
12 20
12 85
12 441
12 450
13 186
13 192
13 584
13 652
13 795
13 864
13 872
13 941
14 77
14 255
14 408
14 503
14 583
14 599
14 626
14 715
14 735
14 771
14 792
14 906
14 959
15 50
15 92
15 232
15 243
15 495
15 514
15 576
15 797
15 813
15 915
15 974
16 153
16 175
16 228
16 305
16 339
16 372
16 616
16 710
16 776
16 962
16 991
17 182
17 312
17 369
17 378
17 427
17 452
17 475
17 526
17 528
17 710
17 711
17 816
17 819
17 863
18 77
18 99
18 148
18 246
18 259
18 274
18 512
18 559
18 587
18 601
18 742
18 750
18 868
18 991
19 460
19 503
19 508
19 604
19 848
19 862
19 871
19 906
19 980
20 396
20 563
20 574
20 598
20 611
20 639
20 647
20 696
20 767
20 821
20 861
20 977
21 27
21 66
21 96
21 133
21 288
21 715
21 740
21 843
21 937
21 974
22 26
22 34
22 48
22 92
22 116
22 165
22 248
22 323
22 333
22 388
22 447
22 545
22 594
22 719
22 750
22 975
23 9
23 60
23 202
23 203
23 389
23 769
23 777
23 832
23 859
23 966
24 60
24 158
24 176
24 280
24 475
24 577
24 579
24 583
24 654
24 774
24 797
24 835
24 858
24 863
24 967
24 989
25 41
25 270
25 284
25 824
25 931
26 28
26 114
26 135
26 145
26 161
26 252
26 253
26 301
26 500
26 530
26 586
26 601
26 642
26 654
26 716
26 752
26 866
26 869
26 981
27 29
27 80
27 350
27 465
27 937
28 52
28 106
28 157
28 358
28 361
28 374
28 459
28 666
28 825
28 850
29 134
29 229
29 282
29 305
29 333
29 389
29 553
29 601
29 775
29 882
29 920
30 50
30 150
30 151
30 201
30 215
30 591
30 658
30 847
30 866
30 947
30 949
30 969
31 197
31 348
31 505
31 548
31 567
31 905
32 141
32 204
32 272
32 401
32 702
32 755
32 858
32 893
33 26
33 59
33 306
33 359
33 372
33 631
33 755
33 822
33 901
33 903
33 965
34 40
34 136
34 459
34 460
34 539
34 661
34 846
34 854
34 915
35 43
35 77
35 205
35 280
35 286
35 352
35 373
35 589
35 717
35 823
36 208
36 246
36 267
36 336
36 388
36 411
36 445
36 809
36 821
36 894
36 936
36 977
37 214
37 512
37 689
37 714
37 809
37 991
38 1
38 104
38 148
38 244
38 322
38 390
38 407
38 420
38 463
38 507
38 927
38 929
38 967
39 57
39 176
39 376
39 379
39 626
39 655
39 663
39 774
39 837
40 328
40 569
40 816
40 881
41 102
41 197
41 333
41 389
41 407
41 462
42 15
42 133
42 184
42 374
42 457
42 506
42 558
42 612
42 627
42 770
42 880
43 22
43 232
43 355
43 492
43 545
43 575
43 614
44 64
44 242
44 367
44 516
44 675
44 759
44 761
44 896
44 924
44 966
45 217
45 264
45 789
45 885
45 970
46 125
46 127
46 231
46 253
46 270
46 326
46 476
46 489
46 575
46 604
46 751
46 817
46 841
47 21
47 84
47 263
47 281
47 404
47 455
47 460
47 666
47 683
47 818
48 14
48 56
48 150
48 167
48 176
48 183
48 185
48 208
48 688
48 945
48 987
49 87
49 106
49 131
49 197
49 221
49 615
49 900
49 937
49 980
50 76
50 512
50 770
50 779
50 947
51 197
51 322
51 385
51 389
51 505
51 514
51 554
51 754
51 775
51 885
52 76
52 91
52 125
52 283
52 359
52 378
52 551
52 606
52 649
52 675
52 823
52 883
53 68
53 119
53 264
53 437
53 541
53 683
53 690
53 692
53 863
54 92
54 143
54 211
54 481
54 791
54 942
55 280
55 338
55 341
55 343
55 493
55 496
55 503
55 508
55 529
55 660
55 865
55 951
55 978
56 67
56 80
56 123
56 405
56 430
56 491
56 496
56 672
56 860
56 875
57 115
57 306
57 399
57 451
57 483
57 816
58 80
58 100
58 145
58 167
58 228
58 256
58 301
58 675
58 821
58 969
58 989
59 110
59 197
59 227
59 264
59 775
59 778
59 805
59 808
59 856
59 928
60 29
60 233
60 273
60 374
60 495
60 519
60 534
60 798
60 987
61 66
61 106
61 117
61 279
61 537
61 550
61 818
61 820
61 950
62 114
62 175
62 193
62 243
62 282
62 356
62 544
62 563
62 707
62 881
63 100
63 145
63 328
63 540
63 588
63 601
63 726
63 780
63 855
64 52
64 280
64 365
64 458
64 528
64 568
64 629
64 725
64 874
64 908
64 923
65 50
65 197
65 382
65 395
65 417
65 457
65 482
65 608
65 834
66 60
66 106
66 119
66 142
66 222
66 240
66 258
66 377
66 449
66 484
66 505
66 541
66 548
66 602
66 680
66 861
66 870
67 128
67 158
67 218
67 229
67 254
67 280
67 490
67 530
67 559
67 699
67 741
67 785
68 36
68 186
68 243
68 515
68 634
68 954
69 2
69 4
69 97
69 128
69 148
69 161
69 289
69 435
69 560
69 575
69 613
69 623
69 825
69 859
69 958
70 172
70 185
70 188
70 310
70 328
70 390
70 396
70 434
70 491
70 561
70 591
70 845
71 253
71 513
71 610
71 648
71 658
71 764
71 803
72 27
72 39
72 44
72 120
72 399
72 491
72 497
72 520
72 618
72 626
72 693
73 131
73 206
73 224
73 445
73 452
73 633
73 877
73 906
73 947
74 85
74 113
74 255
74 332
74 397
74 549
74 851
74 911
74 963
74 995
75 7
75 143
75 197
75 436
75 534
75 759
76 158
76 181
76 508
76 652
76 769
76 853
77 92
77 163
77 169
77 170
77 225
77 330
77 570
77 585
77 743
77 758
77 830
77 888
78 10
78 28
78 54
78 57
78 87
78 407
78 643
78 711
78 763
78 814
78 900
78 951
78 974
79 10
79 59
79 138
79 155
79 185
79 192
79 222
79 372
79 420
79 447
79 520
79 591
79 817
79 909
79 935
80 119
80 138
80 152
80 180
80 184
80 195
80 213
80 260
80 305
80 627
80 711
80 827
81 33
81 173
81 248
81 314
81 346
81 370
81 477
81 679
81 754
81 879
82 22
82 84
82 420
82 499
82 536
82 921
82 929
82 951
82 978
83 6
83 23
83 92
83 206
83 358
83 416
83 623
83 650
83 766
83 770
83 788
83 828
83 950
84 202
84 230
84 365
84 367
84 428
84 492
84 607
84 658
84 798
84 836
85 131
85 334
85 382
85 702
85 720
86 45
86 117
86 275
86 306
86 320
86 560
86 587
86 646
86 754
86 874
87 60
87 226
87 281
87 404
87 763
87 827
87 922
87 966
88 125
88 189
88 289
88 453
88 672
88 688
88 697
88 815
88 978
89 126
89 293
89 309
89 323
89 479
89 628
89 721
89 927
89 943
90 0
90 69
90 130
90 263
90 404
90 545
90 563
90 706
90 716
90 735
90 744
90 966
91 14
91 188
91 360
91 438
91 470
91 473
91 475
91 884
91 914
92 46
92 98
92 123
92 389
92 464
92 484
92 498
92 556
92 566
92 570
92 727
92 913
92 970
93 36
93 37
93 176
93 181
93 224
93 264
93 268
93 326
93 387
93 438
93 485
93 564
93 623
93 692
93 798
93 870
94 98
94 194
94 196
94 217
94 289
94 300
94 415
94 444
94 470
94 535
94 575
94 642
94 782
94 865
95 48
95 426
95 464
95 485
95 500
95 517
95 524
95 575
95 861
96 102
96 235
96 340
96 373
96 481
96 573
96 587
96 711
96 716
96 788
96 809
96 852
96 939
97 70
97 129
97 165
97 245
97 310
97 432
97 486
97 666
97 683
97 730
97 925
98 2
98 112
98 154
98 226
98 289
98 572
98 716
98 740
98 743
99 17
99 236
99 521
99 535
99 656
99 913
100 41
100 147
100 170
100 394
100 434
100 485
100 584
100 672
100 907
101 56
101 141
101 243
101 244
101 547
101 562
101 588
101 888
102 41
102 73
102 211
102 653
102 672
102 676
102 925
102 995
103 265
103 428
103 592
103 607
103 819
103 931
103 976
103 988
104 65
104 80
104 384
104 469
104 572
104 578
104 607
104 668
104 729
105 47
105 199
105 311
105 329
105 342
105 411
105 597
105 605
105 616
105 684
105 763
105 803
105 816
105 877
105 931
106 239
106 255
106 439
106 479
106 579
106 704
106 733
106 734
106 888
106 991
107 30
107 51
107 115
107 236
107 543
107 737
108 1
108 5
108 130
108 399
108 433
108 442
108 505
108 704
108 818
109 411
109 439
109 631
109 702
109 874
110 108
110 112
110 141
110 166
110 255
110 373
110 398
110 518
110 630
110 658
110 683
110 732
110 913
111 54
111 120
111 191
111 396
111 416
111 438
111 730
111 762
111 780
111 792
111 812
111 824
112 10
112 71
112 85
112 275
112 312
112 525
112 569
112 959
113 36
113 320
113 337
113 367
113 584
113 600
113 687
113 784
113 831
113 871
113 940
113 992
114 517
114 607
114 645
114 763
114 858
114 897
114 997
115 157
115 175
115 179
115 217
115 318
115 439
115 552
115 557
115 585
115 638
115 664
115 713
116 158
116 174
116 312
116 650
116 706
116 855
116 899
117 144
117 148
117 177
117 223
117 259
117 305
117 385
117 486
117 512
117 632
117 691
117 747
117 778
117 812
118 142
118 146
118 223
118 634
118 684
119 71
119 423
119 618
119 777
119 820
119 939
119 991
120 48
120 138
120 346
120 493
120 586
120 739
120 757
120 777
120 920
120 988
121 237
121 250
121 302
121 425
121 430
121 532
121 536
121 849
122 3
122 12
122 37
122 66
122 68
122 159
122 576
122 727
122 760
122 795
122 840
122 958
122 985
122 999
123 75
123 211
123 375
123 424
123 462
123 509
123 757
123 760
123 795
123 936
123 944
124 56
124 105
124 408
124 447
124 786
124 791
124 876
124 878
124 959
124 993
125 42
125 109
125 401
125 450
125 573
125 623
125 656
125 707
126 4
126 92
126 231
126 452
126 470
126 479
126 502
126 542
126 729
126 924
127 54
127 250
127 267
127 304
127 326
127 352
127 422
127 440
127 514
127 519
127 523
127 536
127 538
127 555
127 582
127 668
127 828
127 848
127 898
127 984
128 93
128 222
128 244
128 506
128 590
128 746
128 757
129 71
129 83
129 134
129 343
129 396
129 487
129 624
129 644
129 824
129 833
129 901
130 15
130 283
130 299
130 352
130 603
130 632
130 633
130 647
130 649
130 650
130 709
130 768
130 832
131 589
131 645
131 672
131 749
131 785
131 956
131 985
132 298
132 406
132 416
132 425
132 526
132 635
132 692
132 963
133 131
133 169
133 256
133 343
133 451
133 457
133 582
133 693
133 753
133 851
134 131
134 201
134 222
134 264
134 456
134 580
134 648
134 696
134 707
134 813
135 27
135 228
135 269
135 455
135 656
135 744
135 773
135 788
135 821
136 253
136 343
136 429
136 650
136 776
136 875
136 878
136 936
137 52
137 141
137 291
137 319
137 337
137 629
137 883
137 965
138 211
138 223
138 433
138 631
138 753
138 989
139 8
139 66
139 357
139 375
139 392
139 442
139 837
139 995
140 155
140 293
140 498
140 701
140 737
140 840
140 900
140 971
141 16
141 225
141 276
141 586
141 833
141 897
142 157
142 191
142 230
142 311
142 555
142 567
142 915
142 994
143 174
143 294
143 350
143 566
143 841
143 942
143 972
144 34
144 129
144 198
144 231
144 263
144 345
144 376
144 383
144 384
144 505
144 525
144 533
144 555
144 665
144 688
144 771
144 874
144 884
144 915
144 968
145 29
145 138
145 181
145 492
145 570
145 612
145 672
145 832
145 890
145 959
146 6
146 126
146 515
146 537
146 581
146 620
146 632
146 756
146 766
146 811
146 894
146 916
147 211
147 271
147 289
147 312
147 415
147 462
147 948
147 950
147 961
148 160
148 176
148 241
148 307
148 334
148 363
148 424
148 503
148 695
148 822
148 846
148 869
148 961
148 972
149 77
149 232
149 352
149 413
149 449
149 514
149 518
149 543
149 564
149 601
149 781
149 862
150 60
150 82
150 299
150 536
150 644
150 677
150 684
150 788
150 928
150 949
151 17
151 53
151 105
151 116
151 177
151 256
151 497
151 666
151 680
151 901
151 916
151 981
152 181
152 219
152 267
152 299
152 390
152 550
152 557
152 637
152 731
152 733
152 737
152 774
152 876
152 880
152 914
152 982
153 7
153 199
153 406
153 434
153 600
154 299
154 308
154 347
154 466
154 527
154 563
154 631
154 677
154 753
154 757
154 827
155 110
155 285
155 579
155 662
155 686
155 743
155 763
155 770
155 835
155 923
155 959
155 961
155 996
156 86
156 118
156 195
156 263
156 339
156 370
156 395
156 486
156 842
156 871
157 1
157 11
157 215
157 235
157 276
157 308
157 503
157 528
157 602
157 744
158 26
158 66
158 341
158 371
158 466
158 549
158 616
158 788
158 810
158 823
158 955
158 956
159 253
159 629
159 696
159 782
159 869
160 61
160 206
160 602
160 661
160 741
160 830
160 874
160 936
160 946
160 953
161 208
161 247
161 291
161 292
161 441
161 475
161 481
161 511
161 801
161 979
162 47
162 86
162 146
162 196
162 266
162 294
162 329
162 415
162 505
162 855
162 940
162 943
163 89
163 119
163 187
163 189
163 364
163 517
163 557
163 578
163 842
164 2
164 46
164 285
164 528
164 617
164 649
164 753
164 773
164 794
165 10
165 73
165 74
165 135
165 159
165 232
165 483
165 677
165 679
165 702
166 10
166 12
166 127
166 173
166 355
166 372
166 406
166 562
166 789
166 871
166 956
166 972
167 89
167 203
167 249
167 383
167 414
167 419
167 492
167 511
167 514
167 556
167 751
167 820
167 882
167 957
167 959
167 991
168 12
168 13
168 119
168 172
168 284
168 765
168 774
168 960
169 157
169 205
169 208
169 274
169 373
169 405
169 485
169 550
169 980
170 7
170 122
170 290
170 316
170 385
170 699
170 717
170 730
170 738
170 767
170 771
170 805
171 98
171 154
171 158
171 248
171 304
171 335
171 342
171 375
171 466
171 514
171 714
171 745
171 833
171 934
171 938
172 37
172 300
172 337
172 354
172 504
172 575
172 623
172 680
173 16
173 58
173 103
173 130
173 235
173 298
173 338
173 417
173 424
173 438
173 510
173 543
173 706
173 784
173 787
173 915
173 929
174 237
174 856
174 868
174 913
174 995
175 22
175 24
175 123
175 279
175 281
175 288
175 419
175 562
175 625
175 793
175 798
175 933
176 83
176 144
176 214
176 309
176 451
176 480
176 504
176 964
177 80
177 209
177 489
177 548
177 591
177 611
177 613
177 766
177 773
177 780
177 874
178 10
178 26
178 50
178 154
178 194
178 220
178 226
178 319
178 352
178 408
178 503
178 615
178 637
178 699
178 874
178 905
178 975
179 33
179 323
179 512
179 567
179 755
179 897
179 902
180 132
180 321
180 323
180 538
180 666
180 718
180 736
180 737
180 780
180 802
181 5
181 86
181 117
181 183
181 291
181 302
181 335
181 346
181 512
181 546
181 653
181 687
181 731
181 742
181 855
181 883
181 972
182 126
182 300
182 408
182 621
182 801
182 965
182 975
183 3
183 88
183 193
183 198
183 211
183 300
183 606
183 697
183 719
183 826
183 859
183 944
183 973
184 174
184 219
184 237
184 360
184 444
184 464
184 633
184 773
184 800
184 953
185 64
185 188
185 348
185 624
185 628
185 732
185 815
185 907
186 2
186 25
186 116
186 142
186 246
186 422
186 466
186 632
186 723
186 899
187 450
187 531
187 627
187 788
187 885
187 942
188 67
188 125
188 137
188 212
188 344
188 656
188 733
188 900
188 922
189 142
189 201
189 301
189 456
189 463
189 606
189 648
189 769
189 808
189 841
189 972
190 67
190 132
190 280
190 294
190 519
190 730
190 945
191 56
191 115
191 127
191 142
191 229
191 239
191 325
191 391
191 590
191 646
191 673
191 692
191 711
191 825
191 867
191 937
192 266
192 606
192 670
192 715
192 797
192 964
193 45
193 112
193 204
193 257
193 269
193 275
193 332
193 568
193 616
193 777
193 827
194 1
194 17
194 53
194 114
194 417
194 436
194 560
194 647
194 651
194 948
195 63
195 106
195 129
195 148
195 226
195 384
195 395
195 423
195 473
195 676
195 775
195 784
195 914
196 57
196 70
196 72
196 73
196 158
196 251
196 347
196 603
196 758
197 28
197 161
197 235
197 300
197 368
197 487
197 495
197 686
197 738
197 824
197 881
197 939
198 100
198 176
198 201
198 213
198 537
198 574
198 862
198 899
199 174
199 232
199 478
199 618
199 670
199 910
199 982
200 63
200 156
200 318
200 503
200 771
200 797
201 13
201 63
201 141
201 164
201 182
201 205
201 227
201 332
201 437
201 441
201 460
201 601
201 603
201 722
201 795
202 51
202 208
202 258
202 425
202 548
202 792
202 972
203 52
203 508
203 516
203 572
203 689
203 691
203 754
203 793
203 941
204 119
204 135
204 372
204 499
204 661
204 713
204 792
204 816
204 851
204 999
205 21
205 59
205 60
205 62
205 208
205 217
205 316
205 325
205 346
205 647
205 795
205 869
205 872
205 954
206 252
206 511
206 709
206 719
206 784
206 787
206 876
207 76
207 142
207 204
207 245
207 277
207 303
207 586
207 608
207 618
207 638
207 856
207 921
208 80
208 97
208 110
208 273
208 481
208 677
208 795
208 932
209 153
209 193
209 276
209 445
209 454
209 583
209 825
209 907
210 112
210 392
210 536
210 696
210 805
210 823
210 975
210 991
210 993
211 56
211 185
211 203
211 334
211 347
211 596
211 772
211 852
211 933
211 962
212 60
212 233
212 265
212 300
212 325
212 553
212 557
212 619
212 698
212 897
213 62
213 220
213 317
213 359
213 453
213 622
213 708
213 734
213 795
213 979
214 12
214 30
214 33
214 237
214 257
214 369
214 574
214 593
214 602
214 729
214 771
214 919
214 975
215 82
215 275
215 521
215 570
215 572
215 733
216 270
216 276
216 322
216 400
216 449
216 469
216 473
216 512
216 764
216 904
216 950
216 957
217 147
217 192
217 241
217 242
217 429
217 445
217 529
217 574
217 636
217 854
218 31
218 161
218 177
218 457
218 458
218 611
218 987
219 116
219 216
219 338
219 383
219 404
219 456
219 500
219 522
219 542
219 549
219 652
219 718
219 725
219 738
219 837
219 869
219 904
219 915
219 979
219 990
220 120
220 160
220 190
220 227
220 287
220 290
220 653
220 718
220 795
220 834
221 277
221 357
221 364
221 418
221 432
221 509
221 551
221 673
221 807
221 835
221 854
222 227
222 247
222 287
222 304
222 581
222 591
222 670
222 749
222 777
222 863
223 149
223 274
223 305
223 487
223 502
223 503
223 588
223 700
223 736
223 862
223 931
224 230
224 301
224 425
224 532
224 793
224 848
224 864
224 873
224 981
225 211
225 260
225 355
225 358
225 453
225 532
225 565
225 657
225 670
225 713
225 747
225 962
226 276
226 404
226 522
226 530
226 601
226 755
226 792
226 994
227 354
227 402
227 506
227 539
227 643
227 651
227 803
227 899
227 978
228 101
228 105
228 398
228 499
228 658
228 921
229 9
229 84
229 102
229 302
229 363
229 404
229 421
229 571
229 623
229 791
229 898
229 908
230 8
230 14
230 35
230 161
230 306
230 322
230 368
230 469
230 578
230 659
230 860
231 1
231 33
231 85
231 191
231 216
231 255
231 292
231 634
231 667
231 970
232 67
232 95
232 210
232 219
232 255
232 373
232 442
232 545
232 560
232 598
232 690
232 842
232 848
232 911
233 11
233 95
233 110
233 192
233 262
233 296
233 458
233 461
233 503
233 562
233 859
234 39
234 42
234 108
234 149
234 675
234 739
234 850
234 948
235 23
235 103
235 118
235 214
235 413
235 592
235 627
235 687
235 826
235 913
235 939
236 72
236 419
236 430
236 517
236 625
236 639
236 765
236 931
236 956
236 972
236 978
237 185
237 196
237 224
237 242
237 302
237 544
237 601
237 630
237 724
237 901
238 4
238 137
238 510
238 559
238 594
238 613
238 719
238 754
238 786
238 796
238 817
239 21
239 115
239 158
239 356
239 496
239 574
239 643
239 691
239 965
240 215
240 304
240 425
240 467
240 492
240 538
240 561
240 624
240 680
240 821
240 892
241 136
241 147
241 200
241 202
241 211
241 504
241 892
242 32
242 75
242 126
242 158
242 203
242 330
242 371
242 386
242 389
242 419
242 450
242 547
242 551
242 565
242 626
242 740
242 757
242 836
243 2
243 11
243 331
243 342
243 355
243 582
243 772
243 891
243 993
244 39
244 126
244 227
244 362
244 521
244 587
244 677
244 699
244 810
244 814
245 35
245 105
245 294
245 348
245 415
245 577
245 677
245 811
246 126
246 317
246 666
246 844
247 172
247 308
247 311
247 385
247 783
248 1
248 74
248 127
248 152
248 625
248 796
248 896
249 83
249 265
249 276
249 328
249 527
249 780
250 92
250 249
250 267
250 301
250 311
250 497
250 565
250 579
250 607
250 911
250 960
251 36
251 168
251 173
251 284
251 508
251 543
251 572
251 679
251 896
252 1
252 180
252 188
252 286
252 369
252 453
252 469
252 555
252 657
252 684
252 718
252 801
252 913
253 15
253 23
253 92
253 203
253 391
253 395
253 525
253 569
253 745
253 762
253 916
253 956
254 64
254 109
254 172
254 235
254 256
254 266
254 310
254 315
254 424
254 477
254 485
254 842
254 890
254 901
254 954
255 109
255 144
255 168
255 205
255 391
255 395
255 685
255 691
255 785
255 840
255 850
256 26
256 64
256 139
256 174
256 185
256 253
256 462
256 570
256 856
256 920
256 957
256 984
257 53
257 307
257 456
257 539
257 594
257 621
257 705
257 889
257 898
257 939
258 25
258 64
258 155
258 240
258 285
258 416
258 461
258 502
258 670
258 679
258 743
258 791
258 801
258 883
259 19
259 87
259 192
259 210
259 552
259 563
259 752
259 778
259 785
259 898
259 950
259 980
260 243
260 410
260 479
260 641
260 646
260 737
260 838
261 33
261 434
261 528
261 656
261 684
261 765
261 859
261 895
262 63
262 115
262 133
262 215
262 248
262 280
262 324
262 339
262 449
262 457
262 595
262 597
262 700
262 702
262 729
262 740
263 173
263 195
263 379
263 421
263 493
263 674
263 675
263 772
263 894
263 926
264 11
264 255
264 296
264 344
264 440
264 761
264 943
264 955
264 974
265 49
265 97
265 141
265 164
265 289
265 580
265 821
266 38
266 61
266 232
266 299
266 334
266 540
266 945
267 46
267 123
267 169
267 287
267 324
267 641
267 731
267 771
267 968
268 47
268 90
268 307
268 365
268 371
268 478
268 480
268 669
268 729
269 16
269 29
269 94
269 119
269 192
269 284
269 333
269 341
269 356
269 465
269 769
269 870
269 885
270 238
270 369
270 408
270 420
270 550
270 574
270 725
270 771
270 859
270 994
271 119
271 168
271 308
271 320
271 344
271 502
271 507
271 521
271 664
271 678
271 726
271 830
271 978
272 133
272 231
272 433
272 553
272 630
272 644
272 650
272 755
272 837
272 920
273 1
273 71
273 124
273 162
273 248
273 295
273 328
273 474
273 841
273 909
274 17
274 55
274 109
274 153
274 336
274 362
274 537
274 611
274 702
275 589
275 637
275 856
275 870
275 887
276 96
276 118
276 227
276 314
276 350
276 359
276 370
276 375
276 869
276 925
276 937
277 3
277 159
277 183
277 193
277 238
277 547
277 675
277 782
277 835
277 837
277 872
277 888
278 26
278 201
278 262
278 272
278 536
278 591
278 674
278 729
279 94
279 366
279 495
279 582
279 830
279 850
279 890
280 286
280 437
280 515
280 533
280 543
280 593
280 785
281 21
281 112
281 134
281 229
281 251
281 284
281 401
281 657
281 658
281 735
281 753
281 777
281 852
282 300
282 311
282 394
282 612
282 898
283 149
283 314
283 348
283 398
283 399
283 483
283 512
283 652
283 714
283 782
284 34
284 159
284 248
284 263
284 419
284 485
284 570
284 777
284 838
284 848
285 16
285 152
285 438
285 460
285 643
285 770
285 825
285 834
285 844
285 894
285 919
286 324
286 487
286 617
286 640
286 921
286 965
286 984
287 178
287 210
287 265
287 612
287 698
287 751
287 777
287 898
287 915
287 939
288 46
288 52
288 208
288 538
288 867
288 940
289 91
289 160
289 171
289 212
289 230
289 298
289 324
289 482
289 599
289 672
289 702
289 967
290 406
290 646
290 844
290 923
291 160
291 184
291 243
291 597
291 870
291 995
292 183
292 206
292 248
292 316
292 333
292 374
292 417
292 420
292 449
292 572
293 22
293 56
293 268
293 307
293 358
293 494
293 562
293 609
293 619
293 639
293 708
293 750
293 892
293 959
293 963
294 223
294 240
294 342
294 366
294 429
294 462
294 645
294 750
294 891
294 926
295 104
295 390
295 432
295 456
295 560
295 753
295 823
295 856
295 946
296 54
296 106
296 153
296 328
296 573
296 716
297 95
297 198
297 341
297 349
297 564
297 616
297 951
298 57
298 122
298 438
298 460
298 503
298 852
298 995
298 996
299 270
299 346
299 461
299 540
299 609
299 774
299 784
299 803
299 810
299 861
299 936
300 103
300 194
300 207
300 362
300 373
300 388
300 454
300 578
300 653
300 675
300 709
300 828
301 8
301 89
301 264
301 271
301 286
301 352
301 511
301 528
301 552
301 689
301 708
301 709
301 736
301 818
301 888
301 892
302 95
302 103
302 177
302 185
302 558
302 569
302 597
302 635
302 777
302 811
303 27
303 194
303 290
303 530
303 535
303 545
303 614
303 637
303 806
303 870
303 976
304 112
304 114
304 369
304 380
304 388
304 440
304 502
304 518
304 626
304 686
304 759
304 875
304 979
305 53
305 116
305 134
305 170
305 178
305 405
305 636
305 647
305 649
305 715
305 777
306 83
306 201
306 231
306 241
306 383
306 472
306 476
306 629
306 635
306 745
306 790
306 804
306 857
306 889
306 894
306 983
307 24
307 136
307 296
307 709
307 734
307 861
308 209
308 221
308 234
308 339
308 358
308 362
308 614
308 722
308 758
308 786
308 828
308 961
308 965
309 148
309 198
309 210
309 246
309 270
309 431
309 445
309 511
309 558
309 807
309 980
310 245
310 300
310 364
310 552
310 604
310 738
311 113
311 358
311 572
311 638
311 748
311 769
311 778
311 932
312 62
312 266
312 319
312 476
312 775
313 141
313 162
313 213
313 240
313 246
313 298
313 510
313 671
313 703
313 852
314 340
314 545
314 610
314 725
314 823
315 79
315 112
315 145
315 173
315 277
315 380
315 435
315 491
315 855
315 860
316 58
316 73
316 136
316 222
316 295
316 393
316 448
316 494
316 562
316 649
316 696
316 818
317 100
317 140
317 322
317 468
317 478
317 746
318 74
318 90
318 121
318 164
318 414
318 509
318 576
318 628
318 631
318 757
318 785
318 830
318 907
318 914
318 950
319 65
319 113
319 146
319 283
319 290
319 340
319 483
319 765
319 796
320 119
320 212
320 246
320 265
320 357
320 416
320 557
320 583
320 881
321 26
321 46
321 165
321 166
321 645
321 682
321 727
321 897
322 316
322 321
322 348
322 362
322 387
322 568
322 654
322 749
322 809
323 113
323 153
323 181
323 334
323 366
323 449
323 532
323 615
323 963
323 980
324 28
324 99
324 116
324 143
324 177
324 179
324 259
324 530
324 655
324 670
324 743
324 911
325 75
325 171
325 179
325 211
325 586
325 608
325 616
325 691
325 754
326 101
326 208
326 342
326 370
326 410
326 437
326 666
326 857
326 865
326 974
326 984
327 57
327 177
327 278
327 333
327 501
327 532
327 609
327 613
327 714
327 803
327 951
328 39
328 306
328 356
328 500
328 690
328 748
328 754
328 953
328 968
329 0
329 1
329 27
329 60
329 64
329 325
329 416
329 461
329 521
329 728
329 769
329 823
330 152
330 423
330 486
330 628
330 754
330 860
330 982
331 107
331 237
331 257
331 264
331 303
331 412
331 462
331 633
331 899
331 922
331 994
332 31
332 162
332 172
332 237
332 386
332 499
332 511
332 718
332 730
332 838
332 908
333 225
333 409
333 508
333 622
333 751
333 765
333 802
334 88
334 93
334 339
334 445
334 680
334 721
334 747
334 814
335 67
335 92
335 106
335 139
335 188
335 244
335 258
335 337
335 374
335 462
335 479
335 485
335 518
335 552
335 614
335 616
335 915
336 20
336 58
336 120
336 153
336 404
336 464
336 562
336 607
336 687
336 741
336 749
337 399
337 505
337 516
337 552
337 590
337 620
337 855
337 863
338 277
338 369
338 589
338 694
338 837
338 937
338 995
339 162
339 170
339 301
339 354
339 454
339 486
339 591
339 598
339 631
339 683
339 764
339 942
340 201
340 211
340 226
340 299
340 406
340 423
340 554
340 676
340 730
340 780
340 786
340 833
340 916
341 215
341 260
341 282
341 381
341 663
341 813
341 997
342 33
342 145
342 258
342 363
342 403
342 542
342 732
342 756
342 999
343 222
343 273
343 342
343 364
343 408
343 754
343 780
343 804
344 129
344 147
344 205
344 508
344 536
344 672
344 776
344 819
344 871
344 891
344 972
345 210
345 237
345 255
345 466
345 520
345 540
345 629
345 730
345 893
346 7
346 33
346 148
346 223
346 343
346 386
346 579
346 612
346 625
346 843
347 60
347 91
347 98
347 223
347 242
347 553
347 565
347 765
347 829
347 864
347 871
347 890
347 989
347 991
348 148
348 324
348 371
348 386
348 392
348 510
348 542
348 735
348 813
348 862
349 435
349 520
349 567
349 911
350 69
350 93
350 161
350 171
350 186
350 221
350 518
350 572
350 595
350 601
350 826
350 850
351 375
351 636
351 726
351 797
352 5
352 55
352 89
352 200
352 218
352 273
352 325
352 388
352 526
352 555
352 682
352 823
352 919
353 24
353 97
353 157
353 169
353 368
353 683
353 706
353 825
353 844
353 850
353 960
354 18
354 57
354 140
354 160
354 223
354 926
355 30
355 91
355 141
355 169
355 265
355 383
355 695
355 848
355 936
356 35
356 104
356 168
356 491
356 513
356 537
356 637
356 705
356 724
356 726
356 751
356 800
356 813
356 904
356 991
357 27
357 131
357 472
357 485
357 512
357 515
357 614
357 779
357 840
357 867
357 886
358 58
358 168
358 320
358 328
358 431
358 560
358 668
358 681
358 768
358 969
359 42
359 250
359 273
359 295
359 372
359 418
359 454
359 587
359 622
359 944
359 986
359 988
360 101
360 120
360 266
360 698
360 718
360 742
360 902
360 995
361 192
361 250
361 263
361 326
361 595
361 652
361 763
361 797
361 911
362 203
362 691
362 711
362 800
362 801
362 988
363 22
363 29
363 85
363 97
363 154
363 155
363 164
363 235
363 383
363 867
363 915
363 923
364 182
364 296
364 302
364 356
364 433
364 814
364 922
365 131
365 707
365 766
365 769
365 790
365 976
366 96
366 156
366 173
366 227
366 262
366 385
366 546
366 559
366 591
366 743
366 800
366 817
366 875
366 954
366 965
367 116
367 240
367 498
367 507
367 652
367 655
368 39
368 219
368 351
368 449
368 541
368 679
368 707
369 5
369 19
369 69
369 611
369 636
369 791
369 793
369 945
370 3
370 163
370 467
370 510
370 769
370 804
371 135
371 140
371 153
371 209
371 312
371 388
371 486
371 579
371 671
371 678
371 935
372 145
372 184
372 376
372 639
372 799
372 978
373 106
373 312
373 378
373 384
373 473
374 5
374 129
374 257
374 358
374 423
374 515
374 637
374 665
374 947
375 76
375 131
375 170
375 193
375 402
375 423
375 449
375 513
375 525
375 612
375 652
375 689
375 717
375 729
375 750
375 910
375 969
376 121
376 133
376 247
376 446
376 690
376 707
376 751
376 802
376 881
376 971
376 974
377 190
377 282
377 283
377 604
377 607
377 855
377 987
378 54
378 76
378 154
378 593
378 691
378 890
378 922
378 924
378 951
378 956
379 340
379 349
379 523
379 579
379 603
379 734
379 763
379 881
380 104
380 270
380 316
380 397
380 565
380 567
380 628
380 710
380 874
381 3
381 28
381 58
381 119
381 175
381 235
381 254
381 475
381 506
381 545
381 638
381 675
381 808
381 862
381 947
381 966
381 985
381 995
382 45
382 66
382 276
382 348
382 442
382 471
382 557
382 569
382 615
382 857
383 16
383 225
383 302
383 373
383 393
383 442
383 523
383 721
383 800
383 806
383 904
383 926
383 931
383 932
384 70
384 77
384 229
384 345
384 491
384 532
384 588
384 593
384 610
384 841
384 851
384 974
385 28
385 38
385 151
385 178
385 289
385 326
385 415
385 446
385 574
385 620
385 705
385 738
386 321
386 537
386 614
386 617
386 636
386 731
386 824
386 853
386 884
386 995
387 142
387 296
387 308
387 397
387 493
387 524
387 553
387 680
387 937
387 997
388 254
388 576
388 594
388 838
388 879
389 9
389 149
389 239
389 327
389 485
389 792
389 857
389 885
390 56
390 146
390 183
390 205
390 366
390 492
390 548
390 581
390 765
390 778
390 871
391 14
391 96
391 183
391 664
391 720
391 734
391 768
391 782
391 888
391 911
391 980
391 998
392 20
392 31
392 222
392 250
392 268
392 297
392 403
392 404
392 430
392 491
392 814
392 824
393 285
393 432
393 561
393 595
393 722
393 732
393 900
394 15
394 66
394 194
394 268
394 559
394 780
394 845
395 168
395 221
395 322
395 357
395 545
395 547
395 602
395 756
395 850
395 970
396 393
396 538
396 751
397 81
397 174
397 206
397 510
397 555
397 616
397 707
397 751
397 782
397 801
398 113
398 176
398 228
398 294
398 362
398 375
398 438
398 570
398 647
398 804
398 810
398 998
399 26
399 55
399 258
399 692
399 803
399 836
399 911
399 932
399 954
400 85
400 116
400 260
400 280
400 391
400 496
400 540
400 584
400 890
401 53
401 72
401 78
401 162
401 169
401 366
401 505
401 718
401 829
401 857
401 941
401 956
401 963
401 997
402 19
402 44
402 109
402 206
402 232
402 252
402 317
402 673
403 2
403 208
403 357
403 431
403 579
403 810
403 962
404 130
404 167
404 191
404 276
404 396
404 596
404 630
404 681
404 717
404 839
405 3
405 47
405 101
405 138
405 261
405 295
405 479
405 589
405 605
405 688
405 757
405 897
405 900
405 901
406 35
406 157
406 327
406 363
406 365
406 455
406 465
406 486
406 587
406 612
406 645
406 707
406 734
406 736
406 760
407 17
407 220
407 340
407 427
407 650
407 854
408 33
408 282
408 358
408 481
408 510
408 619
408 763
408 965
409 44
409 127
409 218
409 341
409 397
409 403
409 428
409 480
409 494
409 654
409 823
409 895
409 966
410 23
410 103
410 511
410 644
410 668
410 682
410 793
410 798
410 802
410 845
410 884
411 44
411 197
411 217
411 472
411 497
411 570
411 577
411 634
411 638
411 734
411 767
411 947
411 965
411 984
412 237
412 498
412 503
412 687
412 706
412 736
412 841
412 908
412 965
413 196
413 301
413 449
413 498
413 515
413 522
413 693
413 695
413 920
413 991
413 993
414 117
414 170
414 586
414 760
414 869
414 909
415 76
415 474
415 545
415 615
415 623
415 695
415 790
415 985
416 22
416 30
416 182
416 249
416 625
416 659
416 696
416 736
416 934
416 961
416 967
417 17
417 77
417 120
417 318
417 483
417 504
417 529
417 572
417 602
417 791
417 837
417 886
417 955
418 3
418 26
418 54
418 88
418 612
418 786
419 4
419 28
419 140
419 469
419 481
419 556
419 641
419 654
419 709
419 831
420 2
420 127
420 162
420 295
420 305
420 399
420 416
420 597
420 784
421 47
421 133
421 344
421 447
421 462
421 564
421 659
421 780
421 873
421 920
422 3
422 20
422 24
422 85
422 87
422 104
422 207
422 258
422 262
422 306
422 480
422 499
422 596
422 777
422 828
422 836
423 222
423 253
423 421
423 506
423 550
423 591
423 593
423 706
423 754
423 785
423 839
424 2
424 12
424 370
424 395
424 407
424 545
424 811
424 894
424 905
425 31
425 45
425 313
425 426
425 500
425 508
425 549
425 607
425 934
426 39
426 86
426 122
426 421
426 684
426 820
426 970
427 21
427 22
427 174
427 178
427 224
427 226
427 234
427 430
427 439
427 593
427 630
427 673
427 833
427 837
428 34
428 104
428 149
428 173
428 199
428 248
428 714
428 871
429 181
429 186
429 471
429 493
429 497
429 517
429 622
429 640
429 898
429 965
430 463
430 487
430 623
430 663
431 179
431 281
431 360
431 385
431 407
431 415
431 492
431 496
432 260
432 313
432 320
432 382
432 410
432 491
432 716
432 944
432 968
433 69
433 346
433 385
433 452
433 472
433 557
433 771
433 839
433 896
434 176
434 317
434 376
434 452
434 462
434 519
434 673
434 676
434 691
434 855
435 120
435 124
435 143
435 185
435 217
435 228
435 350
435 354
435 360
435 410
435 558
435 664
435 728
435 797
435 985
436 22
436 225
436 448
436 458
436 545
436 634
436 659
436 763
436 793
436 803
436 873
436 913
437 120
437 149
437 161
437 664
437 696
437 822
437 859
438 319
438 360
438 406
438 446
438 487
438 567
438 571
438 736
438 764
438 776
438 791
438 845
438 954
439 35
439 54
439 69
439 106
439 203
439 216
439 904
439 925
439 963
440 1
440 131
440 187
440 319
440 419
440 508
440 551
440 665
440 815
440 870
440 908
440 964
441 193
441 207
441 709
441 773
441 800
441 802
441 853
441 854
441 876
441 918
441 921
441 970
442 99
442 285
442 493
442 550
442 696
442 999
443 0
443 218
443 257
443 519
443 555
443 594
443 717
443 723
443 816
444 88
444 117
444 200
444 374
444 429
444 455
444 462
444 482
444 814
444 837
444 861
444 909
444 957
445 24
445 34
445 92
445 118
445 139
445 307
445 376
445 397
445 642
445 690
445 735
446 114
446 162
446 331
446 398
446 400
446 575
446 637
446 638
446 705
446 716
446 756
446 879
446 927
447 39
447 153
447 222
447 424
447 448
447 553
447 683
447 744
447 796
447 826
448 286
448 322
448 346
448 504
448 840
448 944
448 973
449 31
449 132
449 205
449 367
449 612
449 852
450 153
450 155
450 240
450 307
450 422
450 538
450 550
450 682
450 921
451 123
451 223
451 265
451 267
451 421
451 693
451 792
451 856
451 976
452 82
452 114
452 154
452 271
452 472
452 918
452 996
453 112
453 263
453 284
453 572
453 874
453 876
454 29
454 91
454 165
454 177
454 219
454 297
454 334
454 466
454 560
454 713
454 751
454 764
454 812
454 829
454 877
455 36
455 77
455 116
455 204
455 311
455 622
455 675
455 811
455 891
455 955
456 74
456 423
456 613
456 678
456 705
456 780
456 835
456 889
456 895
457 8
457 104
457 419
457 633
457 659
457 685
457 841
457 979
458 48
458 231
458 235
458 436
458 464
458 502
458 632
458 975
459 66
459 91
459 209
459 225
459 427
459 502
459 510
459 541
459 877
460 0
460 13
460 224
460 342
460 430
460 500
460 583
460 656
460 659
460 667
460 852
461 212
461 276
461 280
461 498
461 552
461 570
461 587
461 623
461 712
461 852
461 878
462 80
462 98
462 178
462 461
462 503
462 566
462 692
462 695
462 725
462 727
462 814
462 864
462 903
463 47
463 219
463 223
463 569
463 678
463 747
463 925
463 957
464 52
464 57
464 151
464 255
464 367
464 610
464 759
464 880
464 890
464 897
465 109
465 321
465 379
465 389
465 392
465 412
465 429
465 438
465 619
465 663
465 861
465 972
465 983
466 47
466 74
466 573
466 592
466 838
466 863
467 50
467 295
467 453
467 465
467 549
467 560
467 645
467 735
467 743
467 798
467 878
468 114
468 132
468 183
468 273
468 533
468 676
468 949
469 95
469 132
469 196
469 449
469 540
469 628
469 682
469 827
469 829
469 924
470 8
470 106
470 109
470 263
470 291
470 360
470 493
470 720
470 836
470 841
471 104
471 248
471 286
471 294
471 295
471 329
471 382
471 460
471 490
471 552
471 560
471 631
471 663
471 702
471 726
471 778
471 834
471 889
471 967
472 0
472 55
472 226
472 407
472 434
472 663
472 702
472 732
472 822
473 13
473 290
473 440
473 563
473 648
473 697
473 841
473 966
474 265
474 352
474 440
474 451
474 585
474 596
474 635
474 905
474 919
474 946
475 9
475 109
475 149
475 240
475 472
475 512
475 607
475 624
475 736
475 987
476 53
476 120
476 450
476 652
476 684
476 881
477 62
477 189
477 395
477 646
477 698
477 727
477 797
477 853
477 912
477 968
478 69
478 82
478 187
478 350
478 367
478 379
478 440
478 451
478 623
478 888
478 938
478 983
479 138
479 379
479 629
479 656
479 730
479 751
479 817
479 857
479 864
479 876
479 979
480 10
480 185
480 335
480 661
480 918
480 926
480 981
480 990
481 0
481 184
481 348
481 430
481 515
481 604
481 610
481 647
481 731
481 792
481 894
481 929
482 75
482 115
482 200
482 271
482 641
482 764
482 888
482 933
482 934
482 974
483 289
483 312
483 321
483 678
483 696
483 822
483 850
483 906
483 936
483 960
484 369
484 405
484 415
484 584
484 593
484 771
484 901
484 997
485 75
485 320
485 327
485 407
485 444
485 535
485 624
485 769
485 804
485 818
485 944
485 948
486 16
486 39
486 296
486 360
486 448
486 466
486 487
486 555
486 589
486 712
486 805
486 881
487 21
487 31
487 170
487 461
487 506
487 543
487 748
487 779
487 878
487 973
488 18
488 94
488 137
488 307
488 423
488 435
488 443
488 529
488 575
488 752
488 753
488 805
488 847
488 981
489 6
489 68
489 353
489 471
489 524
489 554
489 755
489 834
489 875
490 69
490 71
490 221
490 771
490 845
491 10
491 178
491 222
491 476
491 512
491 540
491 588
491 630
491 815
491 910
491 942
491 969
492 45
492 53
492 67
492 88
492 124
492 248
492 267
492 485
492 652
492 877
492 889
493 39
493 82
493 169
493 177
493 210
493 259
493 282
493 289
493 304
493 447
493 543
493 566
493 713
493 792
493 896
493 907
493 982
494 184
494 365
494 374
494 487
494 543
494 668
494 708
494 925
495 91
495 167
495 169
495 241
495 374
495 557
495 603
495 625
495 649
495 835
495 855
495 897
496 4
496 55
496 159
496 347
497 145
497 158
497 252
497 306
497 427
497 466
497 656
497 675
497 684
497 696
497 700
497 765
497 775
497 788
497 884
498 371
498 387
498 410
498 422
498 520
498 726
498 795
498 856
498 933
498 943
498 954
499 23
499 170
499 281
499 341
499 377
499 405
499 431
499 522
499 564
499 711
499 833
499 905
499 953
499 966
499 968
500 87
500 103
500 117
500 235
500 420
500 571
500 696
500 846
500 859
501 118
501 321
501 404
501 409
501 450
501 670
501 862
502 78
502 141
502 175
502 281
502 457
502 520
502 638
502 648
502 667
502 805
503 13
503 157
503 185
503 236
503 239
503 248
503 263
503 304
503 326
503 354
503 374
503 442
503 581
503 588
503 720
503 821
503 924
504 92
504 192
504 321
504 367
504 660
504 669
504 684
504 943
505 94
505 136
505 237
505 273
505 308
505 856
505 943
506 26
506 57
506 113
506 212
506 252
506 371
506 399
506 493
506 717
506 787
506 799
506 854
506 951
506 984
507 34
507 128
507 287
507 370
507 429
507 474
507 657
507 779
507 809
507 832
507 863
508 342
508 348
508 386
508 696
508 766
509 362
509 405
509 628
509 665
509 855
509 938
509 959
510 247
510 286
510 496
510 530
510 538
510 631
510 914
510 955
511 173
511 221
511 274
511 365
511 402
511 406
511 484
511 533
511 576
511 680
511 761
511 902
512 84
512 181
512 285
512 317
512 376
512 421
512 525
512 594
512 634
512 669
512 773
512 774
512 799
512 810
512 851
512 961
513 114
513 122
513 271
513 374
513 704
513 751
513 832
513 837
513 989
514 125
514 198
514 428
514 513
514 602
514 638
514 770
514 837
514 858
514 871
514 891
514 914
515 140
515 279
515 302
515 329
515 378
515 401
515 649
515 718
515 746
515 756
515 906
515 956
516 17
516 100
516 334
516 462
516 535
516 753
516 921
516 922
517 258
517 286
517 313
517 324
517 508
517 586
517 641
517 725
517 850
517 874
517 899
517 980
518 23
518 193
518 257
518 295
518 607
518 820
518 845
519 199
519 457
519 509
519 696
519 697
519 919
519 935
520 56
520 205
520 342
520 417
520 508
520 604
520 656
520 731
520 803
520 834
521 10
521 175
521 181
521 631
521 668
521 781
522 41
522 56
522 99
522 135
522 219
522 230
522 252
522 305
522 544
522 842
522 844
523 25
523 146
523 154
523 214
523 238
523 259
523 265
523 416
523 533
523 588
523 692
523 716
523 784
524 120
524 217
524 639
524 849
524 868
524 887
524 916
524 952
525 98
525 121
525 123
525 137
525 255
525 354
525 365
525 454
525 567
525 705
525 737
525 740
525 764
525 816
525 843
525 863
526 275
526 303
526 332
526 471
526 507
526 599
526 625
526 722
526 894
526 905
526 980
526 986
527 272
527 316
527 363
527 647
527 706
527 818
527 821
527 903
527 924
527 940
528 16
528 30
528 31
528 90
528 312
528 330
528 526
528 735
528 965
529 9
529 22
529 49
529 182
529 212
529 277
529 361
529 397
529 484
529 583
529 643
529 744
529 823
529 959
530 300
530 380
530 481
530 584
530 647
530 698
531 3
531 282
531 323
531 330
531 387
531 389
531 418
531 747
531 813
531 858
531 958
532 290
532 390
532 504
532 624
532 721
532 771
532 850
533 140
533 189
533 356
533 378
533 387
533 505
533 508
533 532
533 613
533 789
534 5
534 86
534 102
534 201
534 338
534 445
534 544
534 710
534 916
535 11
535 12
535 39
535 297
535 428
535 443
535 489
535 509
535 581
535 589
535 695
535 741
536 35
536 158
536 240
536 266
536 330
536 568
536 636
536 681
536 701
536 761
536 859
536 891
536 954
537 60
537 138
537 174
537 249
537 257
537 287
537 330
537 484
537 498
537 625
537 837
537 905
537 921
538 242
538 317
538 407
538 598
538 769
538 951
539 243
539 520
539 610
539 680
539 818
539 947
540 76
540 289
540 311
540 349
540 352
540 403
540 414
540 546
540 769
540 790
540 811
540 833
540 868
541 4
541 30
541 102
541 195
541 202
541 282
541 366
541 515
541 661
541 960
542 107
542 512
542 825
542 832
542 905
543 295
543 404
543 577
543 703
543 752
543 809
543 823
543 887
544 71
544 157
544 165
544 479
544 518
544 698
544 731
545 14
545 242
545 278
545 323
545 584
545 633
545 692
545 867
545 936
546 117
546 162
546 194
546 204
546 389
546 454
546 495
546 518
546 657
546 777
546 882
547 47
547 68
547 76
547 180
547 227
547 270
547 410
547 582
547 619
547 722
548 22
548 48
548 179
548 206
548 402
548 513
548 586
548 717
548 826
548 859
548 946
549 87
549 236
549 325
549 445
549 514
549 606
549 979
550 126
550 183
550 188
550 255
550 294
550 370
550 395
550 516
550 612
550 625
550 648
550 807
550 929
550 935
550 990
551 132
551 137
551 150
551 197
551 264
551 266
551 770
551 948
552 28
552 173
552 290
552 391
552 544
552 605
552 743
553 14
553 20
553 43
553 55
553 222
553 515
553 656
553 750
553 875
553 880
554 41
554 88
554 127
554 308
554 389
554 424
554 427
554 516
554 527
554 640
554 737
554 953
555 25
555 77
555 183
555 187
555 370
555 397
555 547
555 663
555 680
556 8
556 266
556 339
556 358
556 446
556 479
556 491
556 778
556 939
556 940
557 539
557 911
558 27
558 34
558 143
558 331
558 347
558 367
558 406
558 491
558 790
558 805
558 819
558 869
558 919
559 166
559 179
559 315
559 342
559 411
559 434
559 637
559 663
559 814
559 927
560 221
560 371
560 438
560 485
560 727
560 735
560 815
560 942
561 75
561 179
561 199
561 247
561 265
561 281
561 476
561 633
561 894
562 89
562 316
562 427
562 471
562 679
562 890
562 945
563 64
563 311
563 316
563 619
563 681
563 715
563 727
563 758
563 822
563 968
564 10
564 239
564 326
564 344
564 400
564 563
564 593
564 768
564 948
565 157
565 163
565 203
565 212
565 218
565 239
565 360
565 361
565 472
565 507
565 627
565 640
565 644
565 674
565 728
565 827
565 941
565 984
566 17
566 26
566 49
566 144
566 236
566 308
566 309
566 349
566 536
566 723
566 807
566 813
566 914
566 930
566 931
566 976
567 85
567 146
567 241
567 323
567 405
567 413
567 511
567 692
567 881
567 951
567 961
568 17
568 35
568 447
568 491
568 537
568 650
568 668
569 79
569 342
569 349
569 551
569 683
569 801
569 912
569 915
570 285
570 318
570 342
570 399
570 435
570 449
570 467
570 524
570 545
570 656
570 926
570 949
570 953
571 141
571 215
571 240
571 331
571 369
571 426
571 467
571 481
571 495
571 507
571 513
571 578
571 586
571 641
571 689
571 699
571 711
571 967
572 143
572 164
572 338
572 354
572 454
572 459
572 527
572 623
572 635
572 980
573 54
573 64
573 167
573 443
573 470
573 734
573 775
573 819
574 2
574 178
574 203
574 295
574 595
574 648
574 816
574 892
574 948
575 95
575 183
575 374
575 545
575 691
575 997
576 31
576 38
576 226
576 383
576 391
576 523
576 535
576 698
576 777
576 830
576 927
576 938
577 41
577 124
577 165
577 228
577 418
577 456
577 652
577 831
578 52
578 85
578 108
578 247
578 288
578 517
578 934
578 975
578 991
579 40
579 199
579 200
579 503
580 31
580 68
580 84
580 142
580 198
580 274
580 392
580 407
580 462
580 471
580 588
580 589
580 704
580 750
580 866
580 966
581 34
581 119
581 257
581 311
581 568
581 575
581 597
581 641
581 655
581 765
581 835
581 941
582 13
582 120
582 152
582 175
582 259
582 619
582 682
582 902
583 8
583 205
583 394
583 422
583 674
583 795
584 114
584 260
584 391
584 496
584 503
584 588
584 714
584 734
584 818
584 863
585 243
585 287
585 382
585 545
585 728
585 729
585 744
585 777
585 841
585 926
586 167
586 231
586 744
586 853
586 881
587 132
587 352
587 372
587 510
587 898
588 156
588 237
588 368
588 491
588 510
588 647
589 219
589 268
589 516
589 623
589 833
590 36
590 71
590 103
590 111
590 234
590 265
590 495
590 499
590 558
590 577
590 600
590 613
590 693
590 933
590 943
591 30
591 76
591 85
591 112
591 127
591 217
591 274
591 367
591 478
591 517
591 719
591 742
591 984
592 18
592 194
592 270
592 277
592 311
592 418
592 547
592 713
592 867
592 886
592 909
593 63
593 74
593 90
593 131
593 244
593 404
593 432
593 748
593 769
593 869
593 870
594 120
594 161
594 200
594 332
594 395
594 413
594 434
594 500
594 625
594 849
594 871
595 154
595 170
595 217
595 220
595 296
595 407
595 440
595 467
595 710
595 791
595 794
595 870
595 977
596 75
596 193
596 357
596 375
596 421
596 637
596 661
596 730
596 873
596 982
597 0
597 97
597 149
597 253
597 261
597 311
597 380
597 663
597 733
597 769
597 795
597 946
598 16
598 103
598 135
598 391
598 436
598 448
598 449
598 487
598 652
598 848
598 857
598 889
598 917
599 0
599 116
599 145
599 220
599 254
599 391
599 413
599 440
599 466
599 537
599 625
599 636
599 693
599 871
599 922
599 962
600 124
600 230
600 317
600 344
600 427
600 527
600 793
600 827
600 938
601 83
601 98
601 142
601 222
601 522
601 551
601 660
601 872
601 953
601 977
602 261
602 316
602 405
602 414
602 476
602 486
602 487
602 536
602 861
602 935
603 216
603 259
603 284
603 424
603 486
603 647
603 779
604 114
604 139
604 244
604 321
604 410
604 493
604 506
604 645
604 673
604 794
604 906
605 40
605 132
605 294
605 443
605 577
605 619
605 685
605 794
606 33
606 254
606 338
606 416
606 455
606 508
606 530
606 595
606 596
606 650
606 855
607 59
607 112
607 252
607 270
607 609
607 815
608 132
608 215
608 292
608 327
608 342
608 641
608 757
608 978
608 987
609 114
609 215
609 250
609 272
609 306
609 352
609 354
609 672
609 681
609 812
610 100
610 105
610 137
610 222
610 406
610 559
610 572
610 703
610 705
610 765
610 827
611 23
611 140
611 241
611 551
611 875
611 892
611 955
612 17
612 71
612 302
612 358
612 464
612 603
612 633
612 856
612 880
612 948
612 992
613 113
613 135
613 264
613 516
613 518
613 582
613 664
613 694
613 720
613 778
613 838
614 185
614 320
614 322
614 340
614 356
614 448
614 600
614 613
614 620
614 649
614 722
614 888
614 929
614 966
615 78
615 145
615 371
615 490
615 578
615 704
615 831
615 873
615 899
616 15
616 45
616 79
616 90
616 211
616 303
616 336
616 381
616 473
616 653
616 701
616 796
616 851
616 913
617 202
617 223
617 422
617 525
617 748
617 831
617 913
617 935
617 946
618 44
618 229
618 243
618 245
618 273
618 321
618 322
618 390
618 419
618 420
618 425
618 431
618 461
618 574
618 704
618 714
618 818
618 899
618 901
618 974
619 119
619 198
619 460
619 550
619 644
619 696
619 705
619 774
620 98
620 206
620 207
620 220
620 271
620 420
620 503
620 535
620 575
620 954
621 78
621 136
621 365
621 420
621 614
621 722
621 935
622 45
622 178
622 201
622 231
622 572
622 618
622 766
622 801
622 875
622 918
622 960
623 101
623 164
623 295
623 501
623 573
623 648
623 683
624 39
624 115
624 225
624 226
624 357
624 481
624 627
624 655
624 670
624 708
624 754
624 812
624 975
625 82
625 374
625 523
625 658
625 711
625 734
625 746
625 910
626 97
626 128
626 143
626 153
626 154
626 253
626 392
626 422
626 424
626 550
626 750
626 985
627 149
627 189
627 346
627 368
627 378
627 430
627 475
627 498
627 887
628 349
628 473
628 865
628 886
629 60
629 191
629 279
629 407
629 539
629 572
629 602
629 958
630 34
630 47
630 199
630 226
630 428
630 434
630 551
630 568
630 804
630 953
631 41
631 214
631 301
631 444
631 486
631 690
631 716
631 805
631 849
631 856
631 872
631 894
631 908
631 935
632 11
632 25
632 103
632 435
632 592
632 777
632 900
633 129
633 257
633 291
633 360
633 391
633 466
633 479
633 815
633 958
633 966
633 983
634 161
634 242
634 472
634 635
634 890
634 969
635 4
635 29
635 54
635 69
635 89
635 283
635 331
635 333
635 378
635 535
635 552
635 578
635 595
635 644
635 722
635 818
635 928
635 978
636 62
636 66
636 155
636 170
636 567
636 654
636 744
636 883
636 948
636 963
637 154
637 195
637 260
637 374
637 582
637 689
637 743
637 831
637 930
638 181
638 203
638 244
638 292
638 453
638 522
638 534
638 610
638 790
638 842
638 957
639 547
639 578
639 737
639 829
640 653
641 61
641 238
641 243
641 411
641 517
641 580
641 605
641 654
641 725
641 728
641 794
641 815
641 867
641 928
642 349
642 530
642 533
642 817
642 871
643 75
643 128
643 138
643 367
643 558
643 650
643 786
643 911
644 137
644 176
644 237
644 335
644 364
644 394
644 548
644 817
644 834
644 907
644 913
645 104
645 364
645 448
645 518
645 764
645 819
645 829
645 959
646 72
646 211
646 301
646 528
646 594
646 740
646 766
646 876
646 889
646 905
646 948
646 992
647 32
647 163
647 173
647 243
647 250
647 343
647 368
647 393
647 405
647 523
647 568
647 605
647 702
647 980
648 33
648 250
648 298
648 320
648 433
648 472
648 484
648 846
648 928
649 8
649 279
649 553
649 599
649 605
649 710
649 843
649 934
649 985
650 48
650 108
650 474
650 489
650 567
650 641
650 714
650 760
650 859
650 871
650 963
651 193
651 359
651 392
651 631
651 734
651 748
651 762
651 772
651 822
651 975
651 989
652 7
652 94
652 216
652 333
652 609
652 627
652 672
652 696
652 722
652 734
652 962
653 81
653 160
653 330
653 331
653 344
653 406
653 564
653 579
653 590
653 680
653 720
653 721
653 758
653 775
653 918
654 16
654 77
654 96
654 187
654 296
654 300
654 436
654 513
654 556
654 724
654 830
655 36
655 55
655 95
655 203
655 308
655 343
655 461
655 476
655 499
655 724
655 949
655 974
656 38
656 91
656 277
656 367
656 405
656 407
656 546
656 577
656 628
656 676
656 683
656 828
656 872
656 889
656 993
657 81
657 209
657 211
657 255
657 412
657 413
657 546
657 556
657 668
657 669
657 721
657 755
657 877
658 49
658 151
658 246
658 268
658 316
658 516
658 690
658 736
658 742
658 890
659 141
659 164
659 168
659 202
659 522
659 654
659 689
659 896
659 971
659 976
660 143
660 164
660 214
660 278
660 358
660 387
660 477
660 543
660 547
660 734
660 983
661 11
661 147
661 809
661 897
661 940
662 192
662 240
662 421
662 459
662 474
662 506
662 668
662 851
662 860
662 890
662 930
663 38
663 74
663 151
663 387
663 699
663 731
663 773
663 960
663 981
663 990
664 124
664 347
664 607
664 753
664 910
665 71
665 386
665 664
665 791
665 846
665 865
665 875
666 23
666 37
666 40
666 100
666 343
666 451
666 470
666 507
666 570
666 664
666 726
666 841
666 912
666 984
667 95
667 223
667 269
667 302
667 322
667 541
667 622
667 733
667 780
667 884
668 136
668 208
668 228
668 260
668 310
668 316
668 508
668 585
668 622
668 766
668 840
668 909
668 911
668 969
668 976
669 17
669 151
669 232
669 292
669 361
669 365
669 376
669 400
669 500
669 537
669 624
669 646
669 803
669 836
669 845
669 926
670 233
670 373
670 390
670 456
670 474
670 574
670 580
670 874
671 155
671 375
671 441
671 470
671 482
671 515
671 558
671 765
671 783
671 800
671 840
671 856
671 948
672 89
672 189
672 215
672 249
672 260
672 350
672 456
672 530
672 607
672 650
672 652
672 658
672 670
672 804
673 246
673 339
673 344
673 536
674 36
674 100
674 392
674 547
674 549
674 635
674 662
674 699
674 859
674 955
675 2
675 149
675 154
675 291
675 341
675 468
675 562
675 806
675 888
675 977
676 80
676 131
676 310
676 330
676 341
676 416
676 419
676 775
676 812
676 822
676 903
676 941
677 220
677 373
677 628
677 647
677 688
677 787
677 817
677 915
678 124
678 186
678 187
678 231
678 420
678 449
678 505
678 535
678 547
678 570
678 664
678 909
678 912
678 948
678 984
679 42
679 126
679 132
679 367
679 424
679 519
679 827
679 889
680 37
680 50
680 116
680 146
680 181
680 256
680 291
680 339
680 357
680 536
681 126
681 335
681 789
682 116
682 371
682 469
682 497
682 709
682 845
682 899
682 991
683 148
683 173
683 227
683 230
683 470
683 668
683 677
683 732
683 752
683 842
683 890
683 950
684 151
684 197
684 287
684 346
684 497
684 592
684 799
685 13
685 307
685 336
685 353
685 529
685 750
685 768
685 779
685 805
685 808
685 920
686 149
686 211
686 379
686 474
686 512
686 668
686 700
686 763
686 790
686 810
686 855
686 945
687 106
687 258
687 384
687 421
687 451
687 730
687 797
687 860
688 10
688 47
688 65
688 127
688 297
688 490
688 609
688 791
688 849
688 888
688 893
688 952
689 165
689 177
689 200
689 311
689 357
689 362
689 411
689 431
689 520
689 654
689 756
689 929
690 86
690 116
690 180
690 212
690 239
690 297
690 356
690 414
690 458
690 521
690 534
690 748
690 766
691 155
691 432
691 531
691 587
691 628
691 643
691 685
691 695
691 747
691 896
691 962
692 66
692 261
692 448
692 485
692 518
692 638
692 715
692 782
693 25
693 145
693 306
693 406
693 413
693 464
693 586
693 709
693 861
694 528
694 596
694 636
695 41
695 58
695 68
695 96
695 546
695 610
695 669
696 126
696 249
696 458
696 478
696 602
696 609
696 726
696 800
696 814
696 854
696 880
696 959
697 24
697 126
697 143
697 201
697 292
697 406
697 436
697 470
697 587
697 608
697 637
697 739
697 753
697 980
698 175
698 207
698 406
698 475
698 565
698 587
698 618
698 756
698 799
699 34
699 54
699 125
699 163
699 276
699 500
699 534
699 545
699 599
699 797
699 913
699 978
700 23
700 234
700 275
700 327
700 333
700 525
700 536
700 623
700 746
700 943
700 957
701 100
701 112
701 165
701 398
701 448
701 647
701 868
701 927
702 92
702 110
702 228
702 289
702 310
702 355
702 391
702 434
702 464
702 616
702 638
702 781
702 783
702 827
702 907
703 14
703 46
703 79
703 106
703 349
703 441
703 487
703 580
703 639
703 906
703 946
703 964
704 231
704 347
704 503
704 660
704 708
704 709
705 14
705 216
705 293
705 406
705 492
705 682
705 692
705 816
705 888
705 971
706 62
706 91
706 431
706 493
706 826
706 849
706 926
706 997
707 67
707 162
707 257
707 360
707 488
707 498
707 537
707 552
707 623
707 708
707 794
707 875
708 78
708 135
708 276
708 434
708 818
708 882
708 945
708 965
709 34
709 201
709 325
709 381
709 502
709 550
709 575
709 715
709 725
709 837
709 951
710 7
710 283
710 481
710 603
710 613
710 677
710 972
710 995
711 9
711 65
711 407
711 467
711 689
711 724
711 954
712 195
712 272
712 319
712 683
712 713
713 73
713 101
713 152
713 218
713 371
713 391
713 435
713 541
713 616
713 826
713 848
713 990
714 75
714 198
714 334
714 428
714 567
714 746
714 832
715 15
715 464
715 927
715 974
716 7
716 45
716 357
716 442
716 458
716 570
716 588
716 596
716 741
716 838
717 42
717 201
717 324
717 548
717 564
717 810
717 883
717 930
718 46
718 127
718 368
718 433
718 485
718 698
718 724
718 729
719 68
719 162
719 431
719 551
719 879
719 937
720 21
720 152
720 164
720 430
720 544
720 546
720 727
720 758
720 789
720 935
720 955
721 200
721 300
721 341
721 491
721 497
721 536
721 677
721 739
721 793
721 816
722 96
722 248
722 264
722 325
722 393
722 424
722 547
722 700
722 707
722 815
722 862
722 871
723 84
723 293
723 718
724 140
724 206
724 337
724 375
724 389
724 543
724 555
724 703
724 779
724 882
724 893
725 119
725 168
725 211
725 429
725 478
725 511
725 858
725 986
726 5
726 131
726 258
726 270
726 273
726 366
726 489
726 548
726 787
726 845
727 38
727 56
727 158
727 218
727 245
727 283
727 422
727 521
727 545
727 709
727 882
728 59
728 81
728 495
728 554
728 630
728 715
728 812
728 941
729 112
729 154
729 221
729 239
729 265
729 386
729 697
730 113
730 156
730 200
730 279
730 386
730 433
730 527
730 771
730 836
730 842
730 985
731 195
731 323
731 453
731 486
731 571
731 603
731 918
731 940
731 955
731 994
732 219
732 230
732 314
732 384
732 484
732 503
732 648
732 698
732 712
733 273
733 544
733 555
733 609
733 681
733 837
733 943
734 22
734 434
734 503
734 796
734 889
734 968
734 978
734 983
735 104
735 190
735 321
735 388
735 422
735 557
735 702
735 714
735 818
735 930
735 967
735 969
735 976
735 999
736 79
736 89
736 145
736 195
736 233
736 277
736 528
736 627
736 767
736 840
736 856
736 893
736 926
736 979
737 26
737 50
737 62
737 70
737 101
737 211
737 434
737 499
737 507
737 561
737 613
737 697
737 761
737 786
737 890
738 61
738 340
738 403
738 466
738 590
738 918
738 977
739 48
739 141
739 276
739 371
739 389
739 408
739 445
739 724
739 846
740 203
740 339
740 535
740 618
740 630
740 723
740 854
740 963
740 983
741 88
741 141
741 198
741 203
741 216
741 299
741 350
741 366
741 431
741 455
741 608
741 774
741 786
741 996
742 354
742 562
742 598
742 718
743 663
743 875
743 886
744 268
744 278
744 333
744 373
744 625
744 628
744 949
744 979
744 991
745 151
745 194
745 202
745 248
745 328
745 954
745 986
746 15
746 53
746 89
746 183
746 243
746 287
746 392
746 495
746 570
746 752
746 777
747 10
747 176
747 388
747 786
747 990
748 129
748 143
748 202
748 214
748 334
748 751
748 830
748 891
748 901
749 0
749 103
749 191
749 243
749 334
749 357
749 434
749 473
749 504
749 514
749 568
749 588
749 606
749 918
749 986
750 192
750 219
750 504
750 534
750 587
750 882
750 892
751 22
751 33
751 257
751 458
751 492
751 525
751 556
751 658
751 736
751 803
751 848
751 854
752 73
752 374
752 456
752 525
752 677
752 681
752 751
752 765
753 64
753 295
753 437
753 501
753 592
753 722
753 953
754 9
754 151
754 175
754 234
754 236
754 269
754 326
754 430
754 603
754 641
754 787
754 867
754 986
755 16
755 20
755 193
755 298
755 482
755 521
755 638
755 728
756 36
756 137
756 198
756 303
756 308
756 320
756 333
756 401
756 625
756 643
756 703
756 818
756 837
756 997
757 7
757 30
757 106
757 171
757 232
757 299
757 471
757 524
757 758
758 54
758 76
758 154
758 358
758 382
758 387
758 418
758 464
758 467
758 469
758 483
758 522
758 843
758 896
758 945
758 984
759 24
759 159
759 257
759 299
759 335
759 337
759 343
759 458
759 627
759 652
759 667
759 704
759 795
759 798
759 878
760 75
760 164
760 187
760 193
760 245
760 306
760 400
760 409
760 864
761 163
761 230
761 296
761 315
761 475
761 530
761 542
761 599
761 730
761 739
761 758
761 791
761 826
761 847
761 901
761 950
762 164
762 216
762 290
762 295
762 303
762 421
762 467
762 528
762 708
762 767
762 770
762 775
762 865
762 912
762 958
763 61
763 69
763 80
763 206
763 258
763 389
763 802
764 112
764 178
764 198
764 237
764 361
764 500
764 559
764 612
764 781
765 58
765 84
765 144
765 158
765 239
765 250
765 343
765 547
765 651
765 911
766 18
766 119
766 129
766 151
766 263
766 273
766 367
766 392
766 586
766 681
766 709
766 739
766 813
766 819
766 974
767 68
767 309
767 594
767 753
767 822
767 824
767 916
767 982
768 148
768 205
768 257
768 342
768 538
768 764
768 843
768 855
769 32
769 88
769 214
769 400
769 428
769 432
769 449
769 638
769 718
769 839
769 902
769 933
770 148
770 440
770 442
770 635
770 819
770 820
771 19
771 89
771 151
771 452
771 494
771 589
771 623
771 980
772 220
772 284
772 329
772 392
772 581
772 610
772 681
772 790
772 830
772 847
772 969
773 27
773 157
773 343
773 358
773 393
773 411
773 418
773 476
773 743
774 76
774 304
774 328
774 370
774 505
774 596
774 646
774 789
775 13
775 92
775 221
775 385
775 513
775 626
775 884
775 903
776 3
776 195
776 199
776 334
776 575
776 766
776 846
777 172
777 204
777 412
777 726
777 788
777 795
777 929
777 955
777 956
778 65
778 80
778 208
778 308
778 366
778 499
778 548
778 634
778 647
778 657
778 768
778 821
779 178
779 254
779 294
779 566
779 987
780 162
780 286
780 441
780 511
780 583
780 919
781 291
781 299
781 316
781 434
781 567
781 585
781 625
781 849
781 966
782 41
782 189
782 367
782 452
782 618
782 630
782 686
782 730
782 953
783 250
783 282
783 409
783 948
784 65
784 92
784 231
784 273
784 433
784 596
784 616
784 710
784 744
784 811
784 880
784 944
785 114
785 189
785 388
785 389
785 412
785 422
785 428
785 441
785 471
785 840
786 91
786 139
786 185
786 193
786 207
786 320
786 381
786 420
786 544
786 592
786 790
786 886
787 46
787 121
787 154
787 232
787 691
787 992
788 81
788 442
788 506
788 538
788 673
788 683
788 687
788 793
788 799
788 958
789 7
789 27
789 143
789 279
789 374
789 494
789 551
789 697
789 712
789 878
789 957
790 16
790 152
790 344
790 366
790 443
790 876
790 947
791 40
791 241
791 313
791 329
791 491
791 519
791 699
791 740
791 836
791 848
791 860
792 504
792 512
792 520
792 601
792 688
792 823
792 933
793 0
793 103
793 228
793 519
793 570
793 684
793 899
793 919
793 955
793 962
794 85
794 185
794 197
794 236
794 357
794 578
794 664
794 783
794 956
795 47
795 147
795 422
795 458
795 483
795 644
795 648
795 704
795 817
795 856
795 886
795 909
795 934
795 991
796 162
796 277
796 307
796 361
796 454
796 480
796 545
796 630
796 766
796 769
796 780
796 838
796 859
797 113
797 213
797 397
797 460
797 609
797 745
797 753
798 10
798 45
798 64
798 89
798 307
798 381
798 508
798 511
798 534
798 594
798 606
798 645
798 711
798 769
798 774
798 996
799 50
799 169
799 188
799 256
799 295
799 347
799 762
800 52
800 56
800 237
800 269
800 694
800 817
800 862
800 934
801 63
801 75
801 301
801 314
801 566
801 750
801 756
801 915
801 934
802 64
802 84
802 406
802 532
802 572
802 853
802 874
802 992
803 17
803 76
803 289
803 366
803 451
803 536
803 757
804 34
804 71
804 110
804 212
804 274
804 432
804 468
804 537
804 918
805 63
805 201
805 202
805 282
805 440
805 486
805 572
805 807
805 815
806 175
806 222
806 579
806 691
806 736
806 758
806 895
806 993
807 68
807 194
807 453
807 469
807 668
807 702
807 864
808 27
808 110
808 359
808 366
808 749
808 767
809 29
809 95
809 142
809 145
809 242
809 577
809 690
809 781
809 808
810 21
810 60
810 276
810 330
810 413
810 525
810 536
810 654
810 675
810 682
810 924
810 930
811 113
811 410
811 460
811 598
811 836
811 846
811 880
811 957
811 978
812 12
812 342
812 370
812 494
812 501
812 541
812 574
812 727
812 791
812 847
812 852
812 912
812 968
813 39
813 70
813 122
813 268
813 288
813 468
813 584
813 587
813 637
813 649
813 652
813 749
813 751
813 752
813 757
814 29
814 154
814 260
814 292
814 303
814 423
814 477
814 488
814 715
814 754
814 899
814 947
815 32
815 43
815 96
815 273
815 307
815 476
815 482
815 498
815 538
815 556
815 730
815 799
815 882
815 926
815 937
816 119
816 508
816 591
816 960
817 102
817 106
817 294
817 380
817 462
817 766
817 887
817 933
817 951
818 59
818 73
818 131
818 332
818 673
818 687
818 864
818 938
818 940
819 246
819 689
820 112
820 156
820 216
820 317
820 407
820 481
820 617
821 23
821 361
821 425
821 735
821 824
822 65
822 85
822 94
822 119
822 398
822 474
822 652
822 742
822 832
822 894
823 15
823 37
823 39
823 184
823 237
823 262
823 298
823 407
823 497
823 521
823 599
823 785
823 929
824 54
824 121
824 636
824 676
824 678
824 742
824 881
825 6
825 10
825 49
825 358
825 372
825 437
825 635
825 690
825 802
825 973
826 15
826 209
826 286
826 616
826 674
826 742
827 141
827 228
827 253
827 326
827 332
827 440
827 467
827 589
827 659
827 668
827 676
827 719
827 727
827 804
827 874
827 891
827 934
827 937
827 940
827 990
828 302
828 306
828 420
828 529
828 600
829 0
829 175
829 342
829 408
829 522
829 595
829 843
829 854
830 222
830 254
830 260
830 324
830 539
830 618
830 668
830 738
830 865
830 868
830 878
831 24
831 160
831 221
831 330
831 403
831 433
831 476
831 500
831 580
831 607
831 744
831 763
831 963
832 108
832 126
832 148
832 215
832 283
832 386
832 387
832 415
832 460
832 754
832 864
832 977
833 6
833 22
833 113
833 138
833 149
833 154
833 221
833 377
833 411
833 495
833 513
833 540
833 768
833 842
833 924
834 55
834 77
834 172
834 209
834 408
834 631
834 691
834 745
834 789
834 827
834 911
834 947
834 951
835 22
835 35
835 247
835 323
835 520
835 607
835 663
835 665
835 667
835 721
835 803
835 838
835 910
835 917
835 951
835 992
836 226
836 243
836 338
836 342
836 442
836 527
836 560
836 630
836 736
836 856
837 90
837 563
837 642
837 979
838 221
838 388
838 393
838 617
838 691
838 721
838 750
839 37
839 63
839 140
839 323
839 329
839 416
839 464
839 540
839 652
839 738
839 739
839 766
839 813
840 121
840 139
840 248
840 263
840 371
840 374
840 487
840 569
840 785
840 910
840 938
840 967
841 79
841 149
841 346
841 483
841 677
841 712
842 2
842 64
842 139
842 177
842 392
842 820
842 898
842 936
843 82
843 240
843 307
843 628
843 681
843 751
843 861
843 885
843 997
844 195
844 349
844 389
844 472
844 489
844 616
844 834
844 874
845 19
845 59
845 234
845 279
845 640
845 661
845 742
845 828
846 89
846 110
846 154
846 210
846 239
846 315
846 318
846 367
846 559
846 562
846 600
846 646
846 697
846 755
846 865
847 76
847 259
847 376
847 517
847 700
847 711
847 840
847 896
847 973
848 158
848 201
848 342
848 428
848 538
848 705
848 707
848 918
849 146
849 181
849 190
849 501
849 512
849 516
849 646
849 650
849 757
849 934
850 22
850 62
850 122
850 133
850 173
850 295
850 302
850 705
850 747
851 2
851 153
851 301
851 395
851 604
851 782
851 910
851 973
851 993
852 320
852 449
852 546
852 559
852 608
852 697
852 970
853 17
853 43
853 267
853 322
853 457
853 476
853 508
853 519
853 683
853 865
853 955
854 154
854 185
854 195
854 345
854 407
854 421
854 942
855 44
855 59
855 251
855 589
855 623
855 666
855 707
855 764
855 788
855 925
856 209
856 297
856 412
856 496
856 501
856 562
856 599
857 218
857 284
857 326
857 466
857 508
857 588
857 678
857 721
857 768
857 776
857 779
857 843
857 887
857 965
857 997
858 47
858 114
858 187
858 210
858 237
858 297
858 418
858 645
858 705
859 121
859 189
859 219
859 234
859 288
859 332
859 719
859 774
859 856
859 904
860 94
860 141
860 161
860 163
860 366
860 396
860 453
860 580
860 821
861 214
861 270
861 323
861 574
861 796
861 983
862 1
862 37
862 155
862 413
862 502
862 513
862 522
862 747
862 832
863 60
863 90
863 158
863 328
863 596
863 646
863 675
863 752
863 762
863 893
863 959
863 977
864 9
864 78
864 364
864 592
864 805
864 925
865 59
865 93
865 144
865 145
865 191
865 243
865 263
865 537
865 609
865 766
865 872
865 942
865 972
865 991
866 69
866 70
866 294
866 457
866 498
866 747
866 756
867 110
867 179
867 186
867 215
867 396
867 480
867 509
867 602
867 681
867 821
867 919
868 39
868 320
868 493
868 614
868 615
868 627
868 637
868 807
868 925
868 946
869 16
869 90
869 180
869 293
869 301
869 343
869 593
869 798
869 870
870 118
870 444
870 468
870 611
870 641
870 821
871 78
871 138
871 226
871 240
871 356
871 358
871 443
871 990
872 136
872 238
872 308
872 328
872 955
873 35
873 86
873 223
873 449
873 502
873 515
873 547
873 652
873 720
873 887
873 911
874 224
874 332
874 450
874 496
874 636
874 745
874 747
874 928
875 49
875 179
875 507
875 565
875 623
875 657
875 774
875 867
875 970
876 115
876 266
876 403
876 433
876 524
876 631
876 760
876 818
876 902
877 91
877 172
877 440
877 442
877 470
877 495
877 515
877 546
877 899
878 2
878 82
878 233
878 251
878 259
878 273
878 362
878 522
878 532
878 678
878 840
878 898
878 901
879 55
879 56
879 309
879 316
879 526
879 582
879 655
879 836
879 842
879 877
879 899
879 972
880 68
880 98
880 152
880 299
880 497
880 571
880 590
880 614
880 653
880 672
880 777
881 3
881 14
881 85
881 334
881 468
881 651
881 726
881 775
881 812
882 21
882 274
882 285
882 356
882 458
882 853
882 896
883 35
883 47
883 81
883 107
883 149
883 275
883 332
883 335
883 361
883 481
883 619
883 756
884 87
884 402
884 897
884 993
885 28
885 125
885 299
885 563
885 566
885 647
885 679
885 850
885 934
885 975
886 145
886 192
886 308
886 527
886 597
886 703
886 955
887 136
887 146
887 230
887 257
887 265
887 447
888 2
888 146
888 154
888 214
888 257
888 279
888 311
888 330
888 363
888 375
888 553
888 580
888 596
888 674
888 755
888 756
888 957
889 19
889 52
889 62
889 68
889 95
889 240
889 322
889 356
889 454
889 485
889 750
890 5
890 57
890 146
890 383
890 515
890 591
890 626
890 930
891 85
891 134
891 250
891 259
891 270
891 668
891 731
891 742
891 782
891 908
891 930
892 68
892 128
892 229
892 281
892 415
892 542
892 562
892 729
892 769
892 847
893 67
893 122
893 251
893 438
893 495
893 581
893 603
893 604
893 783
893 811
893 884
893 936
893 963
894 83
894 147
894 409
894 670
894 771
894 873
895 202
895 240
895 266
895 481
895 545
895 546
895 558
895 690
895 697
896 240
896 307
896 427
896 437
896 468
896 505
896 520
896 796
896 933
897 7
897 80
897 103
897 225
897 370
897 414
897 513
897 601
897 620
897 794
897 830
898 37
898 512
898 667
898 793
898 962
899 184
899 348
899 853
900 10
900 80
900 129
900 188
900 236
900 590
900 754
900 821
900 870
900 966
901 87
901 184
901 276
901 508
901 644
901 698
901 767
902 72
902 87
902 214
902 331
902 612
902 638
902 650
902 654
902 708
902 926
902 980
903 29
903 96
903 325
903 532
903 649
903 715
903 898
903 905
904 129
904 352
904 556
904 833
904 857
904 864
904 974
905 15
905 16
905 214
905 311
905 359
905 431
905 528
905 636
905 653
905 698
905 786
905 965
906 22
906 131
906 179
906 249
906 257
906 273
906 324
906 326
906 424
906 551
906 734
906 917
907 90
907 105
907 326
907 377
907 697
907 876
908 331
908 457
908 487
908 598
908 671
908 752
908 814
909 55
909 95
909 154
909 175
909 197
909 291
909 313
909 541
909 577
909 726
909 771
909 865
909 887
910 16
910 65
910 176
910 211
910 325
910 529
910 629
910 638
910 712
910 745
910 790
910 792
910 805
910 876
911 34
911 65
911 98
911 115
911 239
911 252
911 286
911 328
911 394
911 897
911 924
911 995
912 23
912 55
912 231
912 330
912 406
912 520
912 574
912 799
912 894
912 895
912 991
913 41
913 70
913 97
913 135
913 147
913 160
913 223
913 248
913 256
913 317
913 333
913 540
913 562
913 882
913 921
913 968
914 24
914 34
914 48
914 201
914 268
914 320
914 453
914 563
914 638
914 680
914 731
914 747
914 796
914 986
915 6
915 46
915 447
915 531
915 604
915 738
915 836
915 952
916 58
916 128
916 134
916 149
916 190
916 204
916 443
916 600
916 671
916 677
916 895
916 922
916 945
917 212
917 375
917 471
917 530
917 651
917 676
917 683
917 750
917 758
917 889
917 924
918 88
918 371
918 442
918 479
918 608
918 761
918 861
918 976
919 150
919 188
919 369
919 380
919 409
919 429
919 609
919 611
919 822
919 982
920 25
920 310
920 526
920 551
920 731
920 780
920 909
921 8
921 251
921 423
921 464
921 476
921 524
921 561
921 626
921 859
921 888
922 162
922 342
922 377
922 612
922 726
922 733
922 882
922 993
923 66
923 214
923 280
923 571
923 709
923 739
924 217
924 729
924 747
925 3
925 90
925 122
925 322
925 551
925 784
926 89
926 240
926 359
926 360
926 420
926 488
926 644
926 748
926 775
926 812
927 59
927 62
927 170
927 200
927 205
927 553
927 566
927 710
927 713
927 914
927 938
927 943
928 124
928 132
928 168
928 292
928 303
928 321
928 579
928 855
929 3
929 85
929 96
929 120
929 129
929 168
929 323
929 348
929 409
929 485
929 545
929 638
929 657
929 715
929 726
929 733
929 886
930 109
930 148
930 182
930 313
930 432
930 631
930 734
930 758
930 816
930 837
930 854
931 38
931 163
931 239
931 358
931 494
931 532
931 570
931 749
931 773
931 881
932 211
932 298
932 381
932 475
932 479
932 628
932 956
933 122
933 439
933 514
933 611
933 652
933 729
933 853
934 0
934 34
934 329
934 359
934 494
934 648
934 673
934 708
934 848
934 858
934 871
934 978
935 248
935 272
935 367
935 396
935 423
935 453
935 634
935 756
935 769
935 866
936 309
936 653
936 658
936 661
936 864
936 867
936 990
937 18
937 46
937 97
937 360
937 414
937 476
937 628
937 789
937 960
937 997
938 66
938 145
938 342
938 406
938 457
938 479
938 499
938 663
938 703
938 829
938 870
939 37
939 319
939 547
939 625
939 742
939 846
939 863
940 680
940 743
940 903
941 68
941 89
941 424
941 471
941 518
941 591
941 608
941 759
941 835
942 185
942 238
942 265
942 362
942 498
942 546
942 653
942 829
942 875
942 951
942 955
943 167
943 209
943 321
943 405
943 470
943 532
943 565
943 745
943 798
944 5
944 76
944 415
944 614
944 797
945 125
945 137
945 152
945 282
945 392
945 475
945 485
945 578
945 811
945 946
945 949
946 97
946 285
946 361
946 556
946 714
946 828
947 7
947 29
947 168
947 189
947 274
947 311
947 323
947 387
947 472
947 771
948 50
948 120
948 177
948 261
948 387
948 396
948 539
948 629
948 649
948 781
948 950
949 45
949 103
949 122
949 124
949 141
949 179
949 275
949 442
950 380
950 456
950 541
950 614
950 690
950 707
951 270
951 405
951 408
951 470
951 528
951 532
951 672
951 836
951 869
952 232
952 307
952 319
952 381
952 523
952 539
952 552
952 624
952 641
952 672
952 686
952 719
952 805
952 807
952 828
953 71
953 123
953 377
953 480
953 554
953 648
953 714
953 780
953 788
953 799
953 812
953 828
953 922
953 927
954 10
954 124
954 212
954 301
954 500
954 915
955 113
955 153
955 236
955 315
955 367
955 416
955 489
955 645
955 666
955 746
955 929
956 10
956 81
956 130
956 152
956 193
956 212
956 292
956 301
956 332
956 578
956 914
957 83
957 237
957 683
957 738
957 743
957 801
957 925
958 56
958 66
958 122
958 214
958 241
958 262
958 387
958 423
958 472
958 637
958 747
958 820
958 838
958 923
959 156
959 192
959 326
959 338
959 436
959 481
959 536
959 556
959 780
959 792
959 803
959 804
959 830
959 852
959 918
959 983
960 217
960 357
960 576
960 639
960 680
960 884
960 937
961 94
961 137
961 210
961 299
961 347
961 480
961 880
961 891
961 902
961 932
962 28
962 95
962 268
962 359
962 361
962 415
962 503
962 508
962 539
962 563
962 655
963 74
963 340
963 352
963 436
963 513
963 553
963 579
963 613
963 717
963 762
963 763
963 877
963 922
964 260
964 268
964 589
964 595
964 680
964 681
964 755
964 813
964 846
964 873
965 159
965 161
965 179
965 239
965 327
965 389
965 554
965 679
965 731
965 750
965 757
965 816
965 989
966 11
966 50
966 60
966 274
966 290
966 302
966 433
966 440
966 460
966 803
967 9
967 18
967 193
967 309
967 421
967 500
967 629
967 669
967 700
967 829
967 899
967 998
968 23
968 216
968 393
968 401
968 461
968 592
968 742
968 763
968 917
968 948
969 103
969 176
969 177
969 584
969 605
969 619
969 635
969 746
969 822
969 968
970 51
970 266
970 298
970 302
970 531
971 151
971 167
971 190
971 229
971 335
971 356
971 362
971 422
971 463
971 496
971 595
971 658
971 695
971 705
971 707
972 170
972 213
972 299
972 414
972 572
972 661
972 850
972 984
973 244
973 320
973 539
973 573
973 631
973 851
973 936
973 940
974 109
974 146
974 167
974 259
974 446
974 579
974 666
974 749
974 777
974 880
975 51
975 97
975 104
975 134
975 308
975 315
975 468
975 570
975 623
975 666
975 699
975 702
975 724
975 823
975 843
975 860
975 865
975 871
975 891
976 254
976 279
976 356
976 718
976 879
976 982
977 57
977 61
977 194
977 216
977 340
977 580
977 714
978 20
978 54
978 137
978 277
978 332
978 487
978 587
978 617
978 645
978 694
978 755
978 839
978 845
978 988
979 37
979 51
979 65
979 105
979 107
979 243
979 283
979 349
979 381
979 511
979 645
979 678
979 776
980 37
980 123
980 160
980 184
980 456
980 558
980 639
980 851
980 894
980 932
981 46
981 79
981 126
981 186
981 365
981 423
981 487
981 531
982 72
982 150
982 225
982 247
982 277
982 324
982 349
982 352
982 376
982 429
982 452
982 482
982 539
982 834
983 97
983 207
983 532
983 616
983 690
983 716
983 724
983 801
983 862
983 872
983 886
983 917
983 935
984 55
984 83
984 122
984 126
984 336
984 386
984 457
984 707
984 795
985 109
985 220
985 293
985 322
985 338
985 397
985 860
985 892
986 279
986 580
986 620
986 672
986 709
986 795
987 161
987 342
987 379
987 383
988 40
988 178
988 275
988 337
988 529
988 657
988 761
988 832
989 2
989 27
989 233
989 491
989 521
989 619
989 774
989 799
990 17
990 158
990 443
990 549
990 564
990 705
990 728
990 824
990 914
990 928
991 106
991 173
991 363
991 368
991 412
991 415
991 586
991 617
991 635
991 720
991 781
991 844
991 875
991 902
991 928
991 998
992 10
992 71
992 96
992 127
992 221
992 336
992 581
992 773
992 865
992 916
992 921
992 938
992 957
993 107
993 145
993 188
993 348
993 535
993 640
993 922
993 932
994 15
994 21
994 33
994 83
994 338
994 471
994 545
994 583
994 738
994 778
994 942
994 982
995 59
995 135
995 292
995 312
995 741
995 751
995 976
996 41
996 222
996 242
996 391
996 406
996 424
996 439
996 448
996 593
996 763
996 830
997 294
997 335
997 454
997 620
997 658
997 690
997 743
997 825
997 897
997 902
998 62
998 368
998 628
998 651
998 818
998 921
999 8
999 74
999 247
999 257
999 421
999 445
999 462
999 500
999 667
