0 143
0 256
0 266
0 303
0 315
0 348
0 454
0 496
0 803
0 832
0 856
0 860
1 111
1 242
1 272
1 333
1 361
1 560
1 733
1 753
1 916
1 983
2 220
2 358
2 414
2 420
2 515
3 5
3 44
3 152
3 262
3 294
3 333
3 419
3 452
3 551
3 652
3 845
3 854
3 902
4 5
4 118
4 168
4 170
4 207
4 298
4 381
4 526
4 574
4 688
4 718
4 816
5 103
5 169
5 374
5 575
5 660
5 665
5 755
5 788
5 940
6 124
6 265
6 500
6 580
6 695
6 888
7 16
7 31
7 164
7 214
7 371
7 537
7 628
7 703
7 803
7 859
7 874
7 889
8 18
8 109
8 250
8 332
8 546
8 594
8 702
8 771
8 775
8 812
9 154
9 181
9 183
9 211
9 218
9 242
9 318
9 335
9 337
9 359
9 457
9 578
9 653
9 768
9 830
9 908
9 920
9 952
10 31
10 36
10 233
10 292
10 345
10 576
10 581
10 590
10 999
11 234
11 431
11 441
11 662
11 757
11 818
11 819
11 967
12 154
12 459
12 603
12 659
12 711
12 719
12 871
13 28
13 216
13 239
13 263
13 464
13 503
13 510
13 910
13 932
13 944
14 76
14 84
14 317
14 407
14 452
14 610
14 621
14 802
14 867
15 42
15 246
15 269
15 306
15 373
15 438
15 547
15 623
15 698
15 716
15 838
15 839
15 887
15 929
15 967
16 51
16 329
16 367
16 512
16 530
16 759
16 914
17 44
17 73
17 364
17 538
17 620
17 721
17 813
17 872
17 943
18 176
18 220
18 224
18 227
18 321
18 536
18 599
18 617
18 739
18 756
18 853
19 25
19 283
19 306
19 309
19 418
19 440
19 514
19 518
19 560
19 619
19 964
20 65
20 82
20 111
20 122
20 238
20 290
20 552
20 626
20 757
20 872
21 90
21 233
21 235
21 489
21 494
21 574
21 909
22 8
22 83
22 130
22 158
22 196
22 238
22 244
22 347
22 731
22 767
22 992
23 115
23 469
23 490
23 853
24 86
24 124
24 163
24 254
24 279
24 458
24 480
24 613
24 708
25 11
25 521
25 556
25 569
25 594
25 603
25 682
25 830
25 865
25 917
25 952
26 320
26 374
26 440
26 452
26 479
26 585
26 678
26 810
26 815
26 852
26 872
26 937
26 951
27 188
27 322
27 367
27 384
27 431
27 496
27 625
27 638
27 814
28 13
28 15
28 96
28 127
28 246
28 414
28 465
28 488
28 737
28 808
28 862
28 891
28 913
28 918
28 920
28 949
29 104
29 179
29 203
29 363
29 395
29 532
29 534
29 612
29 624
29 638
30 164
30 315
30 471
30 506
30 616
30 691
30 957
31 58
31 98
31 230
31 259
31 470
31 477
31 507
31 608
31 628
31 633
31 676
31 690
31 936
32 10
32 49
32 165
32 188
32 303
32 366
32 375
32 453
32 552
32 583
32 619
32 723
32 746
33 10
33 143
33 171
33 179
33 199
33 212
33 232
33 281
33 410
33 425
33 610
33 731
33 793
33 813
33 870
33 946
34 95
34 240
34 532
34 591
34 790
34 877
34 928
34 946
34 974
35 73
35 141
35 292
35 418
35 485
35 531
35 568
35 587
35 628
35 746
35 792
36 50
36 340
36 429
36 440
36 537
36 607
36 691
37 75
37 98
37 280
37 331
37 640
37 752
37 766
37 843
37 885
37 961
37 979
38 127
38 200
38 212
38 267
38 408
38 421
38 493
38 691
38 702
38 719
38 782
38 852
39 109
39 228
39 419
39 436
39 514
39 570
39 610
39 668
39 887
40 107
40 288
40 447
40 466
40 856
40 869
40 884
41 145
41 248
41 324
41 536
41 657
41 675
41 687
41 688
41 851
41 947
41 968
41 997
42 111
42 373
42 391
42 484
42 707
42 826
42 886
42 896
42 913
43 33
43 68
43 166
43 187
43 249
43 250
43 251
43 480
43 583
43 655
43 698
43 741
43 797
43 834
43 849
44 7
44 79
44 199
44 633
44 662
44 893
44 984
44 988
45 47
45 66
45 124
45 324
45 378
45 671
45 717
45 842
45 906
45 976
46 197
46 205
46 435
46 448
46 453
46 596
46 617
46 719
46 727
47 48
47 426
47 524
47 596
47 749
47 882
48 7
48 156
48 292
48 409
48 468
48 656
48 741
48 889
48 916
48 926
49 148
49 273
49 342
49 518
49 686
49 727
49 880
49 893
49 935
50 279
50 288
50 298
50 452
50 560
50 569
50 637
50 688
50 868
50 893
51 39
51 221
51 330
51 382
51 526
51 557
51 583
51 614
51 775
51 853
51 904
51 964
52 397
52 523
52 655
52 713
52 721
53 456
53 531
53 675
53 702
53 876
53 889
53 904
54 0
54 215
54 258
54 260
54 264
54 465
54 507
54 521
54 551
54 855
54 898
54 932
55 13
55 53
55 149
55 155
55 187
55 370
55 417
55 425
55 460
55 492
55 639
55 669
55 751
55 863
55 867
56 19
56 37
56 102
56 242
56 393
56 422
56 440
56 523
56 728
56 794
56 875
56 921
56 956
57 61
57 111
57 157
57 202
57 344
57 429
57 624
57 900
58 18
58 239
58 284
58 384
58 480
58 536
58 540
58 544
58 611
58 772
58 894
58 903
58 954
59 78
59 113
59 147
59 197
59 376
59 512
59 534
59 694
59 721
59 785
60 76
60 97
60 244
60 407
60 516
60 676
61 85
61 221
61 337
61 364
61 398
61 552
61 688
61 839
61 910
62 44
62 48
62 134
62 147
62 187
62 189
62 199
62 305
62 356
62 643
62 759
62 784
62 875
62 883
63 18
63 22
63 81
63 87
63 95
63 124
63 165
63 166
63 170
63 196
63 246
63 267
63 424
63 529
63 950
64 55
64 144
64 275
64 437
64 535
64 538
64 664
64 837
65 81
65 191
65 215
65 282
65 371
65 558
65 591
65 661
65 662
65 690
65 746
65 798
65 830
66 254
66 267
66 338
66 440
66 450
66 481
66 661
66 907
66 947
67 70
67 92
67 134
67 235
67 250
67 507
67 540
67 562
67 596
67 701
67 787
67 829
67 903
67 975
67 978
68 39
68 274
68 339
68 496
68 550
68 779
69 92
69 127
69 167
69 283
69 285
69 379
69 479
69 560
69 594
69 633
69 954
69 994
70 22
70 80
70 223
70 294
70 363
70 368
70 416
70 671
70 677
70 766
70 801
71 326
71 861
71 863
71 902
71 958
72 25
72 233
72 240
72 452
72 460
72 494
72 644
72 702
72 775
73 106
73 113
73 248
73 330
73 332
73 471
73 790
73 955
74 110
74 116
74 170
74 181
74 347
74 387
74 388
74 632
74 837
74 994
75 20
75 25
75 90
75 157
75 264
75 275
75 381
75 390
75 460
75 554
75 590
75 598
75 720
75 839
75 856
75 949
76 104
76 190
76 224
76 233
76 263
76 293
76 312
76 362
76 364
76 479
76 519
76 544
76 565
76 653
76 777
76 994
77 95
77 156
77 339
77 525
77 697
78 100
78 178
78 192
78 210
78 244
78 257
78 313
78 321
78 458
78 482
78 523
78 910
78 914
78 986
79 125
79 214
79 306
79 320
79 352
79 506
79 570
79 678
79 776
79 868
80 29
80 39
80 42
80 242
80 616
80 886
80 967
81 166
81 420
81 977
82 17
82 84
82 125
82 146
82 155
82 205
82 211
82 267
82 283
82 338
82 365
82 586
82 589
82 667
82 751
82 806
83 16
83 85
83 126
83 205
83 227
83 392
83 465
83 518
83 575
83 685
83 706
83 744
83 778
84 139
84 228
84 236
84 311
84 330
84 642
84 749
84 777
84 816
85 231
85 450
85 463
85 552
85 677
85 775
85 795
85 908
86 110
86 222
86 226
86 382
86 420
86 478
86 600
86 655
86 985
87 12
87 48
87 129
87 296
87 320
87 706
87 744
87 894
88 143
88 173
88 444
88 472
88 531
88 608
88 844
89 80
89 123
89 294
89 324
89 363
89 572
89 622
89 679
89 731
89 807
89 858
89 971
90 4
90 5
90 7
90 126
90 136
90 294
90 356
90 411
90 424
90 425
90 484
90 491
90 611
90 852
90 854
90 879
90 980
90 992
91 178
91 345
91 491
91 613
91 636
91 864
91 926
91 974
92 81
92 90
92 183
92 431
92 514
92 566
92 584
92 586
92 703
92 770
92 836
92 994
93 251
93 288
93 304
93 328
93 366
93 382
93 473
93 704
93 715
93 771
93 829
93 879
94 27
94 68
94 111
94 134
94 167
94 406
94 413
94 467
94 636
94 676
94 789
94 836
94 902
94 968
95 17
95 74
95 127
95 312
95 349
95 492
95 553
95 554
95 604
95 618
95 627
95 649
95 697
95 842
95 876
96 99
96 134
96 146
96 548
96 715
96 716
96 738
97 63
97 115
97 146
97 170
97 328
97 362
97 370
97 417
97 448
97 478
97 584
97 651
97 697
97 839
98 222
98 230
98 431
98 433
98 460
98 560
98 674
98 849
98 983
99 321
99 713
99 735
99 800
99 895
99 992
100 259
100 450
100 469
100 650
100 741
100 991
101 73
101 226
101 316
101 367
101 548
101 769
101 962
101 997
102 66
102 144
102 168
102 254
102 274
102 298
102 774
102 787
102 967
103 4
103 65
103 143
103 173
103 311
103 592
103 641
103 673
103 877
103 911
103 932
104 32
104 271
104 416
104 453
104 646
104 851
104 869
104 932
104 939
105 158
105 169
105 588
105 596
105 656
105 855
106 8
106 59
106 79
106 316
106 424
106 581
106 741
106 910
107 62
107 130
107 135
107 222
107 371
107 485
107 652
107 724
107 825
108 76
108 194
108 307
108 347
108 367
108 383
108 419
108 483
108 830
108 932
109 39
109 107
109 343
109 427
109 575
109 623
109 664
109 731
109 759
110 28
110 293
110 363
110 683
110 766
111 356
111 501
111 589
111 668
111 698
111 764
111 862
111 890
112 141
112 169
112 271
112 364
112 372
112 512
112 610
112 814
112 826
113 42
113 191
113 273
113 302
113 435
113 493
113 495
113 523
113 525
113 528
113 666
113 749
113 778
113 779
113 837
113 873
113 894
113 901
113 927
113 964
114 59
114 81
114 135
114 139
114 262
114 341
114 347
114 509
114 596
114 665
114 714
114 821
114 960
115 51
115 255
115 275
115 351
115 565
115 640
115 838
115 860
116 123
116 401
116 454
116 485
116 610
116 709
116 794
116 893
116 997
117 40
117 125
117 248
117 265
117 281
117 289
117 504
117 522
117 640
117 786
117 903
118 10
118 195
118 305
118 408
118 786
118 867
119 20
119 149
119 165
119 313
119 348
119 514
119 610
119 634
119 692
119 912
119 960
120 147
120 163
120 389
120 606
120 673
120 704
120 708
120 764
121 128
121 212
121 525
121 627
121 635
121 636
121 860
122 90
122 128
122 142
122 246
122 510
122 542
122 568
122 666
122 884
122 913
122 928
122 965
123 109
123 514
123 515
123 551
123 575
123 655
123 670
123 683
123 977
124 35
124 108
124 146
124 270
124 366
124 536
124 539
124 574
124 662
124 879
124 950
125 126
125 161
125 190
125 395
125 400
125 632
125 693
125 706
125 716
126 47
126 53
126 278
126 400
126 533
126 550
126 575
126 679
126 739
126 800
126 818
126 870
126 956
127 93
127 117
127 161
127 249
127 333
127 472
127 480
127 526
127 585
127 666
127 716
127 798
127 936
128 250
128 350
128 413
128 429
128 525
128 705
128 741
128 754
129 74
129 81
129 128
129 145
129 215
129 240
129 289
129 343
129 493
129 681
129 860
130 43
130 113
130 131
130 159
130 203
130 270
130 297
130 637
130 648
130 679
130 949
131 143
131 154
131 176
131 209
131 281
131 487
131 522
131 566
131 688
131 717
131 754
131 755
131 844
131 852
132 198
132 268
132 304
132 391
132 679
132 803
132 890
132 920
133 152
133 219
133 233
133 268
133 344
133 430
133 574
133 765
133 816
133 820
133 823
133 956
134 129
134 371
134 443
134 465
134 537
134 628
134 692
134 797
135 108
135 249
135 306
135 394
135 522
135 771
135 811
135 849
135 962
136 72
136 97
136 131
136 203
136 215
136 250
136 266
136 391
136 436
136 636
136 668
136 886
136 949
137 76
137 134
137 235
137 245
137 346
137 377
137 473
137 480
137 533
137 576
137 647
137 832
138 7
138 224
138 535
138 645
138 694
138 814
138 926
138 940
139 181
139 196
139 248
139 327
139 483
139 507
139 680
139 724
140 4
140 11
140 70
140 116
140 249
140 386
140 539
140 615
140 668
140 772
140 834
141 12
141 40
141 429
141 519
141 523
141 531
141 619
141 627
141 696
141 799
141 914
141 993
142 79
142 108
142 114
142 163
142 218
142 240
142 248
142 296
142 792
142 882
143 65
143 245
143 421
143 504
143 559
143 594
143 724
143 734
143 832
144 8
144 54
144 78
144 122
144 249
144 269
144 341
144 442
144 447
144 449
144 490
144 660
144 764
144 959
145 201
145 241
145 253
145 299
145 521
145 658
145 846
145 913
145 977
146 66
146 114
146 288
146 293
146 514
146 530
146 795
146 853
146 878
147 58
147 109
147 142
147 278
147 343
147 381
147 420
147 459
147 466
147 571
147 635
147 668
147 743
147 847
147 906
147 948
147 961
147 967
148 92
148 109
148 132
148 164
148 170
148 244
148 561
148 597
148 601
148 626
148 632
148 672
148 699
148 714
148 732
148 788
148 813
148 992
149 31
149 146
149 389
149 420
149 421
149 484
149 792
149 873
149 898
150 308
150 335
150 458
150 659
150 679
150 694
150 709
150 745
150 778
150 873
151 126
151 128
151 292
151 320
151 527
151 626
151 735
151 830
152 547
152 562
152 592
152 845
152 960
152 967
153 115
153 270
153 338
153 367
153 376
153 395
153 399
153 582
153 583
153 742
153 748
153 811
153 880
154 121
154 140
154 145
154 204
154 457
154 659
154 692
154 919
155 18
155 98
155 187
155 323
155 374
155 429
155 627
155 669
155 784
155 826
155 879
155 907
155 909
156 1
156 38
156 259
156 357
156 587
156 633
156 697
156 749
156 793
156 922
156 972
157 33
157 150
157 156
157 234
157 422
157 583
157 597
157 607
157 654
157 750
158 115
158 116
158 190
158 265
158 344
158 418
158 592
158 639
158 857
158 859
158 861
158 986
159 18
159 124
159 171
159 227
159 309
159 507
159 612
159 654
159 655
159 837
159 921
160 1
160 192
160 226
160 268
160 398
160 541
160 550
160 715
160 934
160 937
161 202
161 406
161 661
161 972
162 78
162 85
162 151
162 168
162 311
162 363
162 391
162 529
162 532
162 708
162 824
163 142
163 249
163 274
163 471
163 516
163 531
163 628
163 694
163 756
163 873
164 22
164 32
164 77
164 170
164 204
164 423
164 558
164 754
164 889
164 952
165 4
165 113
165 266
165 540
165 870
165 972
166 26
166 36
166 97
166 372
166 384
166 401
166 459
166 476
166 684
166 759
166 792
166 793
166 836
166 853
166 876
166 894
167 29
167 226
167 396
167 535
167 879
168 85
168 122
168 231
168 262
168 355
168 441
168 532
168 573
168 616
168 669
168 826
169 396
169 443
169 751
169 932
170 7
170 82
170 273
170 371
170 498
170 515
170 518
170 721
170 942
171 193
171 231
171 253
171 304
171 403
171 406
171 686
171 863
172 95
172 219
172 426
172 440
172 545
172 571
172 731
172 760
172 851
173 36
173 47
173 232
173 254
173 272
173 312
173 328
173 605
173 803
173 832
173 862
173 883
174 101
174 273
174 351
174 394
174 678
174 726
174 784
174 789
174 800
175 83
175 120
175 180
175 366
175 392
175 500
175 679
175 689
175 772
176 46
176 199
176 200
176 301
176 326
176 386
176 591
176 636
176 750
176 788
176 917
176 965
177 159
177 185
177 362
177 407
177 682
177 797
177 841
177 920
178 20
178 143
178 304
178 332
178 420
178 500
178 581
178 609
178 612
178 695
178 727
178 772
179 76
179 91
179 92
179 205
179 288
179 374
179 473
179 573
179 653
179 822
179 856
179 863
180 25
180 134
180 331
180 405
180 511
180 646
180 685
180 769
180 807
180 827
180 934
180 974
181 126
181 195
181 285
181 391
181 528
181 533
181 732
182 12
182 64
182 107
182 151
182 172
182 185
182 390
182 408
182 566
182 589
182 663
182 743
182 767
182 866
182 925
183 209
183 463
183 531
184 23
184 121
184 230
184 521
184 579
184 676
184 829
184 835
184 871
184 919
185 66
185 120
185 345
185 562
185 714
186 173
186 279
186 418
186 439
186 454
186 477
186 526
186 583
186 692
186 774
186 809
186 817
187 509
187 692
187 708
187 740
187 848
188 42
188 217
188 256
188 412
188 514
188 533
188 568
188 873
188 894
188 993
189 118
189 311
189 411
189 576
189 913
189 923
189 950
190 63
190 83
190 92
190 128
190 129
190 323
190 430
190 504
190 515
190 585
190 597
190 771
190 780
190 798
190 826
191 10
191 66
191 100
191 144
191 171
191 206
191 626
191 768
191 922
192 200
192 333
192 664
192 678
192 714
192 883
192 899
192 904
192 920
193 20
193 26
193 117
193 139
193 289
193 290
193 449
193 477
193 594
193 678
193 730
193 812
193 824
193 864
193 945
194 109
194 414
194 449
194 566
194 617
194 624
194 635
194 663
194 826
194 886
194 894
194 930
195 112
195 369
195 385
195 501
195 516
195 545
195 598
195 647
195 674
195 684
195 871
196 116
196 138
196 140
196 243
196 281
196 304
196 397
196 430
196 524
196 576
196 598
196 806
196 935
196 961
196 975
197 8
197 255
197 362
197 639
197 645
197 701
197 733
197 748
198 236
198 280
198 461
198 619
198 649
198 650
198 669
198 670
198 673
198 738
198 768
198 835
198 915
198 979
199 7
199 350
199 446
199 508
199 602
199 715
199 725
199 878
199 986
200 27
200 341
200 509
200 577
200 649
200 785
201 24
201 166
201 262
201 475
201 590
201 658
201 770
201 832
201 842
202 272
202 592
202 744
202 774
202 794
202 934
203 145
203 147
203 148
203 182
203 214
203 348
203 398
203 604
203 659
203 669
204 168
204 278
204 524
204 591
204 607
204 788
204 802
204 966
205 5
205 54
205 70
205 182
205 451
205 488
205 531
205 553
205 686
205 804
205 872
205 890
205 966
206 56
206 72
206 261
206 287
206 393
206 397
206 532
206 570
206 593
206 779
206 781
206 938
207 25
207 197
207 219
207 257
207 266
207 272
207 417
207 428
207 434
207 438
207 632
207 793
207 888
208 7
208 55
208 147
208 152
208 354
208 528
208 549
208 560
208 592
208 633
208 681
208 718
208 744
208 891
208 904
208 950
208 977
208 987
209 131
209 289
209 456
209 565
209 575
209 601
209 796
209 843
209 924
209 968
209 976
210 93
210 207
210 300
210 322
210 349
210 446
210 513
210 668
210 676
210 832
211 20
211 46
211 74
211 77
211 149
211 151
211 196
211 469
211 573
211 685
211 751
211 792
211 827
211 832
211 892
211 977
212 104
212 189
212 197
212 219
212 223
212 228
212 267
212 340
212 366
212 514
212 523
212 611
212 739
212 785
212 809
213 71
213 334
213 461
213 575
213 626
213 631
213 643
213 649
213 900
213 919
214 0
214 8
214 124
214 243
214 348
214 369
214 393
214 518
214 530
214 705
214 954
215 249
215 288
215 379
215 631
215 700
215 707
215 782
216 80
216 154
216 277
216 405
216 438
216 706
216 764
216 768
216 784
216 812
216 962
217 150
217 313
217 500
217 564
217 761
217 844
217 873
217 929
217 977
218 265
218 274
218 345
218 485
218 537
218 681
218 698
218 807
218 852
218 950
219 53
219 127
219 210
219 245
219 399
219 415
219 617
219 647
219 872
219 914
219 978
219 985
220 266
220 334
220 402
220 420
220 468
220 659
220 665
220 739
220 740
220 852
220 869
220 910
220 960
221 77
221 103
221 373
221 724
221 726
221 769
221 942
221 948
222 185
222 337
222 383
222 386
222 387
222 469
222 527
222 574
222 663
222 682
222 699
222 717
222 734
222 840
223 128
223 350
223 365
223 401
223 410
223 417
223 476
223 557
223 561
224 125
224 473
224 763
224 840
224 923
225 22
225 49
225 72
225 185
225 205
225 317
225 381
225 488
225 613
225 626
225 914
225 941
226 29
226 93
226 102
226 188
226 387
226 595
226 604
226 719
226 730
226 782
226 970
226 998
227 314
227 387
227 483
227 546
227 567
227 572
227 715
227 769
227 796
227 814
227 818
227 994
228 5
228 295
228 411
228 439
228 521
228 528
228 754
228 831
228 903
228 993
229 133
229 255
229 287
229 605
229 722
229 795
229 894
230 32
230 46
230 134
230 177
230 306
230 599
230 641
230 782
230 844
230 864
230 911
231 139
231 221
231 338
231 479
231 536
231 773
231 867
231 879
231 908
232 61
232 305
232 366
232 495
232 513
232 580
232 583
232 761
232 764
232 776
232 942
232 985
233 174
233 279
233 475
233 558
233 602
233 659
233 839
234 22
234 72
234 118
234 119
234 175
234 217
234 361
234 605
234 735
234 747
234 776
234 839
234 943
235 87
235 386
235 432
235 448
235 572
235 626
235 650
235 704
235 711
235 789
235 818
235 992
236 58
236 185
236 384
236 410
236 453
236 495
236 531
236 650
236 901
236 908
237 50
237 371
237 420
237 531
237 756
237 761
237 771
237 865
237 941
237 949
237 987
238 29
238 103
238 132
238 191
238 252
238 365
238 366
238 475
238 495
238 608
238 609
238 886
238 903
239 97
239 128
239 148
239 273
239 368
239 420
239 542
239 709
239 978
239 990
240 203
240 296
240 589
240 649
240 708
241 465
241 783
241 979
241 985
242 132
242 167
242 233
242 363
242 396
242 569
242 596
242 624
242 664
242 882
242 946
242 978
243 15
243 245
243 320
243 507
243 821
243 871
243 987
244 92
244 109
244 203
244 250
244 335
244 743
244 797
244 861
244 992
245 87
245 166
245 359
245 461
245 594
245 691
245 742
245 754
245 953
246 86
246 358
246 420
246 467
246 487
246 547
246 639
246 665
246 676
246 750
246 903
247 26
247 48
247 106
247 540
247 706
247 783
247 807
248 235
248 273
248 276
248 377
248 763
248 815
248 857
248 878
249 34
249 37
249 173
249 244
249 303
249 313
249 314
249 349
249 463
249 542
249 587
249 658
249 764
249 886
249 948
250 40
250 79
250 186
250 387
250 395
250 432
250 515
250 608
250 665
251 15
251 197
251 341
251 993
251 998
252 5
252 124
252 441
252 515
252 550
252 589
252 706
252 719
252 738
252 892
252 921
253 211
253 283
253 386
253 455
253 697
253 754
253 827
254 18
254 39
254 45
254 85
254 87
254 148
254 185
254 266
254 552
254 624
254 776
254 923
255 165
255 234
255 246
255 518
255 576
255 626
255 746
255 761
255 893
256 2
256 59
256 272
256 315
256 381
256 388
256 471
256 516
256 553
256 641
256 850
256 947
257 15
257 141
257 185
257 216
257 262
257 286
257 379
257 651
257 726
258 63
258 116
258 227
258 481
258 509
258 526
258 617
258 639
258 735
258 801
258 936
258 958
258 964
258 970
259 270
259 308
259 318
259 407
259 551
259 693
259 751
259 831
259 880
259 903
260 129
260 184
260 369
260 373
260 452
260 536
260 680
260 778
260 801
260 822
260 892
260 976
261 3
261 31
261 32
261 140
261 141
261 151
261 178
261 210
261 248
261 287
261 344
261 571
261 590
261 593
261 815
261 860
261 873
262 89
262 168
262 218
262 226
262 414
262 502
262 578
262 646
262 696
262 915
263 34
263 291
263 431
263 434
263 506
263 782
263 854
264 275
264 491
264 851
264 868
264 971
265 149
265 179
265 346
265 631
265 711
265 864
265 878
265 961
265 979
266 173
266 383
266 540
266 768
266 785
266 975
267 83
267 127
267 145
267 154
267 190
267 214
267 300
267 373
267 387
267 403
267 426
267 567
267 638
267 663
267 764
267 915
268 66
268 75
268 353
268 638
268 663
268 779
268 855
268 877
268 884
268 925
268 994
269 205
269 296
269 351
269 365
269 406
269 469
269 480
269 721
269 728
270 85
270 142
270 222
270 351
270 466
270 677
270 698
270 747
271 16
271 96
271 117
271 128
271 138
271 471
271 572
271 578
271 609
271 769
271 787
271 796
271 890
271 899
272 5
272 482
272 545
272 674
272 696
272 850
273 20
273 192
273 199
273 277
273 492
273 499
273 609
273 634
273 666
273 710
273 837
273 856
273 934
274 7
274 174
274 181
274 316
274 331
274 785
275 151
275 233
275 288
275 481
275 503
275 869
276 450
276 625
276 766
276 815
276 837
276 915
277 109
277 124
277 155
277 195
277 285
277 343
277 359
277 379
277 530
277 725
277 809
277 891
278 48
278 432
278 548
278 832
278 864
278 932
279 3
279 56
279 415
279 667
279 692
279 844
280 11
280 16
280 124
280 200
280 202
280 214
280 462
280 500
280 739
280 911
280 918
281 8
281 150
281 161
281 197
281 248
281 307
281 393
281 446
281 513
281 542
281 618
281 619
281 846
281 858
281 897
281 903
281 927
281 939
282 117
282 123
282 142
282 159
282 305
282 438
282 845
283 36
283 95
283 267
283 313
283 462
283 596
283 723
283 779
283 857
283 878
283 891
283 958
284 227
284 249
284 286
284 370
284 499
284 616
284 636
284 644
284 667
284 993
285 100
285 169
285 213
285 454
285 472
285 517
285 621
285 703
285 779
285 899
285 945
285 993
286 51
286 134
286 559
286 667
286 797
286 805
286 937
287 144
287 189
287 346
287 385
287 456
287 492
287 562
287 813
287 918
288 206
288 234
288 387
288 392
288 443
288 486
288 526
288 615
288 641
288 854
289 61
289 94
289 385
289 424
289 496
289 642
289 681
289 806
289 923
289 966
290 41
290 96
290 425
290 454
290 521
290 684
290 769
290 862
290 973
291 41
291 213
291 217
291 224
291 288
291 354
291 401
291 530
291 567
291 612
291 618
291 704
291 727
291 830
291 891
291 918
291 928
292 294
292 925
292 973
293 162
293 308
293 515
293 590
293 673
293 710
293 743
293 848
293 874
293 947
294 56
294 258
294 392
294 519
294 836
294 884
294 923
294 943
295 66
295 404
295 500
295 502
295 676
295 703
295 967
296 60
296 94
296 254
296 300
296 347
296 412
296 499
296 755
296 784
296 844
296 874
296 892
296 927
296 997
297 10
297 29
297 79
297 175
297 231
297 283
297 301
297 572
297 800
298 220
298 280
298 285
298 460
298 599
298 844
298 876
298 945
299 10
299 22
299 147
299 174
299 198
299 592
299 614
299 743
299 902
299 928
299 957
299 969
300 146
300 168
300 217
300 348
300 369
300 381
300 483
300 661
300 716
301 75
301 98
301 257
301 341
301 422
301 881
301 926
301 960
302 362
302 418
302 548
302 687
302 854
303 89
303 165
303 179
303 198
303 255
303 318
303 323
303 339
303 461
303 597
303 670
303 681
303 704
303 857
303 945
303 990
304 137
304 216
304 225
304 424
304 432
304 643
304 830
304 845
304 980
305 28
305 148
305 255
305 312
305 503
305 748
305 883
305 919
305 969
306 8
306 43
306 124
306 283
306 290
306 383
306 440
306 471
306 479
306 510
306 663
306 690
306 938
306 952
307 12
307 53
307 223
307 338
307 371
307 479
307 557
307 665
307 684
307 707
307 788
308 65
308 197
308 365
308 547
308 660
308 700
308 713
308 746
308 766
308 828
308 847
308 982
308 997
309 1
309 85
309 160
309 165
309 289
309 293
309 390
309 741
309 883
309 982
310 41
310 51
310 91
310 199
310 613
310 719
311 224
311 336
311 419
311 466
312 156
312 218
312 331
312 435
312 548
312 670
312 892
313 363
313 381
313 418
313 624
313 655
313 690
313 965
314 180
314 200
314 257
314 320
314 419
314 546
314 575
314 656
314 724
314 819
314 846
314 951
314 981
315 39
315 124
315 258
315 408
315 418
315 419
315 591
315 845
315 940
316 212
316 499
316 501
316 588
316 665
316 675
316 732
316 783
316 900
317 197
317 318
317 546
317 878
318 51
318 79
318 135
318 246
318 469
318 475
318 502
318 586
318 633
318 865
318 886
319 14
319 270
319 401
319 519
319 552
319 786
319 913
319 938
319 981
320 58
320 472
320 862
320 874
320 902
320 986
321 17
321 124
321 137
321 372
321 539
321 616
321 638
321 896
322 38
322 133
322 256
322 417
322 581
322 588
322 659
322 675
322 686
322 788
322 864
322 875
322 878
323 92
323 113
323 120
323 156
323 172
323 187
323 278
323 372
323 522
323 877
324 35
324 152
324 289
324 365
324 410
324 452
324 475
324 516
324 626
324 699
324 711
324 768
324 865
324 929
325 102
325 123
325 155
325 160
325 267
325 272
325 449
325 674
325 733
326 4
326 7
326 319
326 462
326 473
326 546
326 588
326 671
326 738
326 822
327 40
327 303
327 309
327 430
327 487
327 505
327 617
327 633
327 708
327 787
327 832
328 59
328 253
328 403
328 404
328 408
328 949
329 60
329 179
329 198
329 409
329 517
329 641
329 691
329 718
329 733
329 815
329 893
329 979
330 82
330 225
330 317
330 647
330 740
330 858
330 912
330 919
331 34
331 92
331 423
331 432
331 441
331 731
331 996
332 66
332 234
332 353
332 416
332 694
332 745
332 816
332 827
332 854
332 856
332 908
332 926
332 992
333 50
333 224
333 286
333 351
333 406
333 475
333 581
333 652
333 662
333 710
333 734
333 751
333 778
334 65
334 163
334 187
334 196
334 402
334 420
334 521
334 602
334 635
334 734
334 759
334 772
334 843
334 864
335 63
335 107
335 304
335 332
335 436
335 490
335 493
335 600
336 27
336 39
336 73
336 149
336 159
336 171
336 203
336 214
336 302
336 331
336 460
336 478
336 580
336 592
336 700
336 944
336 950
336 976
337 101
337 169
337 279
337 349
337 400
337 420
337 493
337 542
337 779
337 826
337 935
337 979
337 981
338 23
338 124
338 238
338 273
338 302
338 323
338 814
339 15
339 104
339 109
339 124
339 232
339 295
339 496
339 520
339 664
339 667
339 783
339 793
339 840
339 860
339 953
339 978
339 985
339 993
340 110
340 232
340 266
340 408
340 471
340 571
340 714
341 265
341 337
341 433
341 571
341 595
341 597
341 630
341 641
341 694
341 701
341 847
341 922
341 951
341 989
342 170
342 274
342 353
342 412
342 442
342 581
342 698
342 712
342 773
342 894
342 998
343 59
343 174
343 227
343 303
343 347
343 354
343 379
343 386
343 416
343 475
343 476
343 532
343 543
343 593
343 606
343 654
343 790
343 810
343 994
344 126
344 311
344 414
344 558
344 572
344 710
344 713
344 738
344 783
344 804
344 917
345 68
345 85
345 271
345 331
345 599
345 614
345 622
345 629
345 639
345 759
345 780
345 924
345 961
346 241
346 305
346 393
346 539
346 642
346 775
346 875
347 211
347 247
347 428
347 454
347 489
347 508
347 766
348 26
348 275
348 323
348 458
348 851
348 868
348 872
348 900
348 955
349 25
349 60
349 309
349 464
349 762
349 831
349 838
350 42
350 163
350 173
350 192
350 365
350 443
350 639
350 720
350 810
350 830
350 853
350 866
351 180
351 260
351 279
351 317
351 430
351 458
351 517
351 585
351 621
351 747
351 857
351 909
351 918
351 996
352 87
352 539
352 592
352 735
352 797
353 29
353 58
353 160
353 405
353 461
353 463
353 596
353 717
353 880
353 991
354 224
354 253
354 280
354 607
354 707
354 791
354 810
354 829
355 50
355 106
355 154
355 384
355 551
355 553
355 606
355 808
355 880
355 979
355 994
356 11
356 337
356 375
356 416
356 481
356 551
356 614
356 774
356 882
357 107
357 139
357 181
357 242
357 301
357 373
357 377
357 573
357 692
357 761
357 911
358 61
358 273
358 276
358 391
358 396
358 400
358 422
358 515
358 688
358 809
358 813
358 816
358 892
358 921
359 163
359 216
359 425
359 581
359 851
359 883
360 51
360 126
360 136
360 429
360 481
360 538
360 588
360 949
361 408
361 559
361 567
361 676
361 743
361 823
362 366
362 583
362 617
362 659
362 688
362 757
362 980
363 320
363 465
363 872
363 899
363 919
363 930
363 941
364 37
364 39
364 283
364 325
364 608
364 713
364 772
365 2
365 161
365 309
365 321
365 394
365 598
365 682
365 723
365 737
365 830
365 963
366 185
366 563
366 595
366 666
366 681
366 700
366 859
366 861
366 933
367 66
367 75
367 468
367 577
367 622
367 639
367 645
367 718
367 745
367 748
367 789
367 801
367 847
367 960
368 187
368 202
368 236
368 280
368 327
368 486
368 491
368 541
368 699
368 734
368 774
368 951
368 963
368 968
369 689
369 855
369 858
369 957
369 964
370 70
370 130
370 236
370 373
370 470
370 572
370 733
370 799
370 832
370 883
370 912
371 40
371 60
371 215
371 620
371 647
371 711
372 53
372 383
372 385
372 499
372 861
373 713
373 808
373 965
374 145
374 168
374 195
374 358
374 384
374 451
374 829
374 857
375 114
375 393
375 394
375 447
375 515
375 726
375 868
376 235
376 324
376 494
376 548
376 552
376 842
376 856
376 862
376 936
376 937
377 291
377 319
377 486
377 554
377 625
377 655
377 697
377 698
377 756
377 786
377 869
377 915
377 917
378 248
378 368
378 468
378 602
378 714
378 975
379 6
379 45
379 191
379 200
379 407
379 818
379 843
379 927
379 940
379 960
379 989
380 36
380 158
380 303
380 352
380 399
380 484
380 523
380 606
380 721
380 877
380 980
381 16
381 86
381 352
381 401
381 452
381 469
381 482
381 513
381 560
381 567
381 626
381 658
381 719
381 727
381 834
382 37
382 60
382 63
382 66
382 211
382 354
382 468
382 492
382 613
382 769
382 900
383 58
383 333
383 384
383 550
383 748
383 766
383 784
383 835
384 56
384 204
384 254
384 267
384 756
384 797
385 47
385 340
385 350
385 452
385 808
385 867
385 874
385 925
386 28
386 382
386 481
386 714
386 754
386 935
386 945
386 968
386 993
387 92
387 131
387 151
387 266
387 301
387 302
387 468
387 475
387 658
387 782
387 930
387 967
388 5
388 55
388 384
388 460
388 540
388 720
389 12
389 22
389 29
389 244
389 347
389 443
389 783
389 884
389 997
390 124
390 135
390 247
390 442
390 447
390 477
390 531
390 635
390 803
390 985
391 166
391 196
391 224
391 229
391 379
391 433
391 523
391 741
391 771
391 878
392 23
392 33
392 332
392 360
392 399
392 495
392 524
392 667
392 769
392 821
392 956
393 52
393 74
393 234
393 244
393 373
393 402
393 429
393 587
393 599
393 777
394 50
394 95
394 116
394 124
394 704
394 746
394 838
394 928
395 129
395 221
395 234
395 322
395 465
395 553
395 611
395 719
395 761
395 818
395 824
395 942
395 975
396 41
396 122
396 216
396 266
396 332
396 337
396 416
396 433
396 464
396 479
396 520
396 629
396 666
396 725
396 741
396 899
396 909
396 939
396 995
397 88
397 113
397 147
397 573
397 592
397 655
397 804
397 861
397 981
398 3
398 17
398 33
398 80
398 145
398 296
398 402
398 476
398 566
398 568
398 785
398 826
398 832
398 910
398 942
398 953
399 150
399 264
399 284
399 294
399 321
399 339
399 387
399 440
399 481
399 648
399 710
399 825
399 915
400 47
400 131
400 175
400 310
400 321
400 406
400 573
400 649
400 659
400 728
400 750
400 960
400 989
401 2
401 20
401 316
401 427
401 487
401 533
401 539
401 661
401 740
401 794
401 813
401 875
401 906
401 945
402 40
402 112
402 578
402 633
402 790
402 852
402 859
402 887
403 8
403 156
403 177
403 233
403 305
403 338
403 412
403 558
403 596
403 627
403 678
403 696
404 17
404 32
404 284
404 549
404 564
404 573
404 601
404 609
404 862
405 28
405 403
405 407
405 409
405 443
405 579
405 656
405 728
405 756
405 780
405 933
405 952
405 980
406 68
406 147
406 189
406 222
406 223
406 278
406 353
406 610
406 654
406 755
406 798
406 887
407 136
407 178
407 260
407 433
407 898
408 4
408 62
408 64
408 80
408 124
408 194
408 414
408 577
408 580
408 693
408 850
409 112
409 146
409 186
409 199
409 208
409 245
409 269
409 301
409 357
409 412
409 553
409 563
409 570
409 681
409 823
409 860
409 873
410 10
410 394
410 441
410 494
410 517
410 528
410 554
410 626
410 647
410 688
410 729
410 756
410 896
411 64
411 103
411 161
411 278
411 419
411 541
411 621
411 704
411 814
411 854
411 891
412 79
412 85
412 88
412 93
412 177
412 201
412 269
412 361
412 362
412 546
412 704
412 808
412 834
412 840
413 8
413 174
413 337
413 460
413 755
413 781
413 887
413 981
413 986
413 989
414 145
414 332
414 341
414 540
414 809
415 220
415 234
415 369
415 643
415 774
415 832
416 88
416 324
416 552
416 567
416 675
416 714
416 806
416 811
416 826
416 872
417 129
417 277
417 369
417 503
417 747
417 859
417 895
417 913
417 986
417 992
418 152
418 386
418 429
418 834
418 865
418 994
419 25
419 384
419 401
419 463
419 491
419 702
419 720
419 745
419 819
420 121
420 132
420 288
420 364
421 15
421 202
421 291
421 467
421 497
421 514
421 517
421 599
421 650
421 923
421 938
422 35
422 118
422 131
422 409
422 456
422 646
422 731
422 755
422 765
422 790
422 795
422 892
423 31
423 569
423 621
423 707
423 729
423 817
423 838
423 897
424 66
424 217
424 260
424 354
424 397
424 506
424 666
424 736
424 773
424 804
425 139
425 186
425 243
425 250
425 580
425 776
425 927
425 981
426 22
426 139
426 284
426 398
426 473
426 541
426 550
426 568
426 646
426 720
426 773
427 199
427 322
427 344
427 358
427 560
427 599
427 728
427 748
427 841
427 941
427 961
428 19
428 132
428 153
428 285
428 352
428 631
428 636
428 927
429 548
429 562
429 706
429 807
429 906
430 62
430 148
430 229
430 282
430 414
430 425
430 426
430 509
430 538
430 823
431 24
431 26
431 212
431 378
431 521
431 572
431 829
431 858
432 70
432 76
432 319
432 407
432 440
432 753
432 913
432 929
433 34
433 93
433 315
433 405
433 413
433 499
433 513
433 563
433 674
433 759
433 901
433 920
433 959
434 52
434 61
434 289
434 361
434 370
434 470
434 533
434 681
434 683
434 785
434 786
434 848
434 868
434 981
434 994
435 284
435 395
435 596
435 626
435 635
435 930
435 933
436 2
436 114
436 127
436 170
436 280
436 523
436 791
436 897
437 28
437 111
437 420
437 473
437 804
437 821
437 916
437 937
437 964
438 0
438 12
438 381
438 530
438 616
438 626
438 648
438 695
438 718
438 780
439 29
439 221
439 222
439 601
439 631
439 724
439 753
439 861
439 882
440 374
440 481
440 491
440 494
440 537
440 550
440 622
440 881
440 912
440 939
441 3
441 328
441 519
441 612
441 799
441 827
441 901
442 55
442 59
442 101
442 104
442 369
442 418
442 497
442 551
442 588
442 595
442 739
442 803
443 33
443 63
443 117
443 162
443 518
443 697
443 766
443 987
444 83
444 295
444 355
444 477
444 580
444 783
444 845
444 952
444 988
445 121
445 154
445 318
445 542
445 635
445 771
445 786
445 932
445 948
445 987
445 988
446 165
446 236
446 383
446 459
446 606
446 849
446 852
447 184
447 207
447 392
447 537
447 550
447 637
447 870
447 873
447 891
447 979
448 73
448 89
448 217
448 338
448 352
448 433
448 542
448 836
448 914
448 968
449 37
449 145
449 161
449 426
449 515
449 554
449 607
450 134
450 145
450 204
450 503
450 529
450 572
450 616
450 720
450 762
450 987
451 88
451 187
451 311
451 613
451 727
451 743
452 25
452 28
452 142
452 159
452 223
452 240
452 256
452 325
452 497
452 518
452 558
452 657
452 779
452 823
452 905
452 953
452 982
453 56
453 113
453 172
453 235
453 243
453 495
453 608
453 703
453 739
453 810
453 975
454 11
454 62
454 380
454 508
454 533
454 691
454 737
454 753
454 822
454 932
454 999
455 32
455 191
455 231
455 249
455 832
455 910
455 975
456 54
456 76
456 78
456 639
456 662
456 702
456 788
456 898
456 922
457 14
457 147
457 176
457 355
457 447
457 528
457 537
457 557
457 570
457 735
457 759
457 765
458 147
458 380
458 417
458 429
458 462
458 657
459 135
459 158
459 245
459 261
459 424
459 634
459 724
460 12
460 62
460 75
460 99
460 102
460 227
460 281
460 379
460 929
461 11
461 172
461 221
461 335
461 341
461 394
461 421
461 573
461 981
462 204
462 581
462 599
462 681
462 684
462 776
462 779
462 846
462 906
462 976
463 27
463 54
463 294
463 593
463 673
463 808
463 868
463 887
464 281
464 322
464 342
464 380
464 565
464 797
465 37
465 69
465 239
465 245
465 366
465 410
465 541
465 551
465 664
465 683
465 703
465 784
465 856
466 47
466 59
466 152
466 300
466 309
466 395
466 521
466 572
466 624
466 707
466 735
466 776
466 790
466 838
466 972
467 1
467 111
467 124
467 139
467 204
467 239
467 437
467 450
467 468
467 516
467 628
467 870
467 893
468 59
468 187
468 253
468 260
468 298
468 304
468 337
468 472
468 604
468 683
468 749
468 817
469 128
469 162
469 294
469 427
469 445
469 584
469 678
469 783
469 794
470 93
470 100
470 149
470 201
470 455
470 458
470 734
470 766
470 817
470 843
470 908
470 913
470 983
470 986
471 46
471 156
471 493
471 504
471 735
471 861
472 19
472 30
472 36
472 104
472 223
472 349
472 402
472 729
472 773
472 867
472 990
473 47
473 128
473 138
473 246
473 274
473 368
473 371
473 517
474 333
474 392
474 426
474 431
474 506
474 659
474 676
474 902
475 35
475 38
475 157
475 336
475 340
475 504
475 558
475 706
475 719
476 3
476 64
476 69
476 126
476 130
476 181
476 233
476 369
476 387
476 399
476 492
476 516
476 640
476 686
476 772
476 932
476 940
477 192
477 285
477 289
477 294
477 392
477 700
477 777
477 812
477 865
477 878
477 963
478 502
478 551
478 600
478 726
478 844
479 159
479 404
479 436
479 443
479 521
479 839
479 866
479 984
480 20
480 60
480 740
480 790
480 949
481 14
481 113
481 302
481 427
481 449
481 485
481 649
481 766
482 307
482 424
482 447
482 663
482 686
483 24
483 140
483 202
483 425
483 438
483 538
483 587
483 962
483 971
484 25
484 236
484 267
484 287
484 289
484 358
484 390
484 489
484 648
484 792
484 989
485 44
485 299
485 335
485 434
485 556
485 691
485 785
485 792
485 805
486 228
486 232
486 237
486 286
486 318
486 359
486 373
486 388
486 526
486 582
486 584
486 712
486 731
486 770
486 877
486 966
487 71
487 99
487 249
487 256
487 311
487 406
487 420
487 517
487 525
487 598
487 624
487 642
487 682
487 684
487 707
487 801
487 833
487 835
487 866
487 873
487 928
488 40
488 45
488 61
488 125
488 223
488 265
488 299
488 310
488 421
488 427
488 588
488 858
489 42
489 54
489 95
489 132
489 283
489 301
489 388
489 602
489 667
489 897
490 24
490 25
490 78
490 112
490 411
490 560
490 574
490 586
490 748
490 760
490 769
490 798
490 807
490 834
490 937
490 939
490 983
491 72
491 95
491 285
491 648
491 733
491 744
491 767
491 924
492 32
492 144
492 358
492 986
493 4
493 150
493 400
493 511
493 545
493 609
494 36
494 72
494 337
494 488
494 581
494 613
494 728
494 865
495 113
495 240
495 401
495 528
495 582
495 669
495 796
496 124
496 203
496 208
496 464
496 785
496 819
496 896
496 974
497 31
497 191
497 249
497 263
497 533
497 723
497 770
497 816
497 865
497 977
498 13
498 130
498 315
498 435
498 442
498 457
498 478
498 479
498 560
498 847
498 861
498 863
498 998
499 87
499 161
499 411
499 443
499 685
499 805
499 846
499 867
499 921
499 931
500 175
500 317
500 357
500 475
500 636
500 696
500 741
500 777
500 783
500 789
500 842
500 903
500 919
500 925
500 971
501 57
501 60
501 272
501 291
501 297
501 351
501 356
501 420
501 644
502 453
502 492
502 523
502 718
502 756
502 897
503 228
503 306
503 307
503 324
503 362
503 511
503 586
503 699
503 767
503 967
503 994
504 62
504 151
504 268
504 438
504 589
504 610
504 694
504 832
504 845
505 84
505 180
505 274
505 368
505 478
505 636
505 680
505 911
505 943
505 959
506 93
506 485
506 537
506 633
506 651
506 707
506 745
506 871
506 874
507 174
507 239
507 274
507 390
507 397
507 503
507 673
507 706
507 891
507 915
507 952
507 956
508 146
508 227
508 364
508 394
508 417
508 798
509 52
509 56
509 110
509 292
509 473
509 557
509 577
509 620
509 648
509 692
509 736
509 742
509 842
509 894
509 919
510 325
510 416
510 516
510 543
510 597
510 655
510 815
510 877
510 891
510 904
510 946
511 6
511 148
511 224
511 433
511 510
511 600
511 697
511 847
511 921
512 4
512 17
512 98
512 425
512 507
512 719
512 865
512 978
513 111
513 127
513 250
513 435
513 436
513 509
513 528
513 558
513 780
513 821
514 63
514 296
514 328
514 364
514 537
514 558
514 561
514 693
514 863
515 51
515 337
515 392
515 415
515 471
515 509
515 626
515 751
515 812
515 831
515 917
515 941
516 101
516 127
516 146
516 156
516 179
516 238
516 246
516 426
516 440
516 450
516 576
516 602
516 760
516 811
516 812
516 934
517 323
517 501
517 631
517 672
517 903
517 975
518 129
518 327
518 339
518 346
518 367
518 505
518 682
518 725
518 735
518 764
518 832
518 838
518 863
518 953
519 38
519 178
519 306
519 580
519 681
519 697
519 744
519 771
519 773
519 896
520 179
520 334
520 469
520 653
520 678
520 877
520 908
521 41
521 145
521 205
521 284
521 305
521 307
521 313
521 337
521 545
521 571
521 764
521 811
521 867
521 937
522 116
522 301
522 455
522 481
522 583
522 598
522 679
522 793
522 854
523 182
523 338
523 384
523 756
523 918
523 923
523 983
524 186
524 204
524 277
524 283
524 288
524 356
524 372
524 423
524 503
524 638
524 711
524 849
524 873
524 875
524 905
525 61
525 152
525 178
525 262
525 312
525 405
525 438
525 473
525 496
525 550
525 767
525 778
525 881
525 891
525 895
525 906
526 76
526 122
526 248
526 264
526 434
526 532
526 538
526 578
526 674
526 764
526 766
526 848
526 850
526 973
527 200
527 347
527 455
527 456
527 464
527 577
527 601
527 617
527 622
527 721
527 794
528 45
528 164
528 196
528 308
528 345
528 373
528 452
528 707
528 759
528 907
529 16
529 35
529 106
529 141
529 203
529 667
529 819
529 860
530 38
530 373
530 481
530 581
530 731
530 866
530 919
530 973
531 88
531 142
531 482
531 606
531 660
531 828
531 852
531 984
532 26
532 43
532 172
532 415
532 746
532 930
532 972
533 13
533 90
533 198
533 295
533 408
533 415
533 460
533 477
533 536
533 818
533 883
534 20
534 253
534 343
534 487
534 510
534 544
534 602
535 179
535 262
535 269
535 291
535 306
535 326
535 350
535 521
535 607
535 621
535 622
535 803
535 810
536 73
536 119
536 171
536 233
536 470
536 494
536 588
536 601
536 697
536 723
536 926
537 112
537 117
537 402
537 417
537 648
537 803
537 898
537 916
538 29
538 80
538 321
538 522
538 647
538 836
538 960
539 92
539 199
539 339
539 838
539 952
539 983
540 211
540 241
540 321
540 353
540 586
540 713
540 868
540 888
540 940
541 13
541 185
541 422
541 430
541 504
541 827
541 926
541 974
542 161
542 209
542 330
542 396
542 499
542 584
542 832
543 53
543 325
543 337
543 609
543 875
543 964
544 24
544 89
544 264
544 307
544 310
544 377
544 534
544 596
544 796
545 20
545 87
545 106
545 180
545 197
545 234
545 280
545 370
545 418
545 556
545 740
545 849
546 184
546 296
546 323
546 327
546 332
546 407
546 646
546 679
546 724
546 764
546 842
546 861
546 941
546 983
547 53
547 216
547 304
547 362
547 421
547 699
547 861
548 156
548 302
548 532
548 670
548 833
549 122
549 145
549 209
549 249
549 265
549 270
549 405
549 460
549 488
549 736
549 752
549 950
550 38
550 119
550 249
550 267
550 373
550 495
550 661
550 684
550 894
550 906
551 102
551 181
551 212
551 217
551 437
551 472
551 782
551 911
552 27
552 143
552 333
552 479
552 788
552 986
553 43
553 725
553 880
553 998
554 219
554 254
554 317
554 478
554 542
554 578
554 703
554 708
554 762
554 847
554 868
555 19
555 35
555 67
555 94
555 166
555 171
555 984
556 55
556 72
556 144
556 496
556 671
556 759
556 801
557 3
557 29
557 83
557 100
557 308
557 368
557 411
557 425
557 449
557 490
557 790
557 945
558 88
558 99
558 377
558 514
558 548
558 612
558 632
558 691
558 702
558 736
558 744
558 800
558 810
558 826
558 879
558 975
559 72
559 73
559 94
559 108
559 164
559 287
559 324
559 382
559 548
559 659
559 742
559 782
559 892
559 916
560 115
560 208
560 543
560 793
560 802
560 850
560 910
560 988
560 992
560 997
561 407
561 606
561 745
561 766
561 850
561 854
562 5
562 93
562 176
562 191
562 256
562 258
562 358
562 377
562 598
562 774
562 899
563 114
563 205
563 369
563 374
563 514
563 660
563 725
563 750
563 817
563 842
563 989
564 183
564 250
564 333
564 493
564 657
564 734
564 745
564 855
564 928
565 22
565 198
565 245
565 361
565 427
565 733
565 884
565 927
566 34
566 46
566 61
566 133
566 210
566 232
566 252
566 331
566 360
566 450
566 452
566 463
566 560
566 638
566 710
566 788
566 801
566 814
566 918
566 957
566 992
567 32
567 228
567 387
567 418
567 616
567 829
567 853
567 924
568 118
568 326
568 365
568 526
568 608
568 617
568 634
568 669
568 705
568 756
568 768
568 799
568 818
568 895
569 34
569 278
569 457
569 527
569 544
569 641
569 649
569 855
570 148
570 224
570 248
570 337
570 400
570 533
570 761
570 919
570 954
571 123
571 224
571 317
571 531
571 573
571 648
571 817
571 820
572 176
572 181
572 384
572 595
572 924
573 109
573 228
573 259
573 702
573 826
573 860
574 41
574 147
574 175
574 211
574 250
574 355
574 677
574 785
574 819
574 849
574 926
574 931
575 66
575 141
575 310
575 377
575 380
575 485
575 489
575 493
575 648
575 698
575 752
575 824
575 840
575 951
576 173
576 205
576 277
576 305
576 368
576 695
576 718
576 788
576 866
577 123
577 151
577 251
577 385
577 432
577 454
577 642
577 683
577 985
577 992
578 35
578 91
578 227
578 292
578 729
578 793
579 80
579 104
579 243
579 276
579 500
579 509
579 515
579 562
579 776
579 839
579 841
580 144
580 262
580 281
580 303
580 437
581 14
581 103
581 204
581 455
581 500
581 844
581 917
582 198
582 294
582 320
582 523
582 662
582 711
582 875
582 892
582 908
583 25
583 84
583 120
583 159
583 187
583 210
583 331
583 347
583 454
583 701
583 884
584 163
584 427
584 535
584 915
585 37
585 258
585 301
585 408
585 502
585 582
585 771
585 817
585 822
585 917
586 148
586 153
586 439
586 455
586 536
586 581
586 605
586 615
586 944
587 81
587 96
587 131
587 151
587 484
587 728
587 921
587 939
587 999
588 12
588 145
588 332
588 536
588 551
588 577
589 74
589 130
589 142
589 195
589 217
589 290
589 569
589 728
589 832
589 847
589 938
589 940
590 208
590 302
590 380
590 388
590 576
590 588
590 592
590 672
590 706
590 737
591 108
591 313
591 421
591 489
591 661
591 849
591 855
591 864
591 915
592 142
592 166
592 187
592 195
592 380
592 389
592 444
592 566
592 644
592 797
592 847
592 860
592 949
592 962
592 976
593 142
593 221
593 524
593 804
593 842
594 53
594 103
594 166
594 228
594 252
594 352
594 372
594 378
594 379
594 429
594 433
594 578
594 625
594 658
594 671
594 814
594 953
595 115
595 334
595 371
595 434
595 583
595 653
595 662
595 684
595 703
595 974
596 257
596 395
596 512
596 562
596 922
596 930
596 932
596 944
597 190
597 247
597 638
597 779
597 788
597 936
598 16
598 51
598 65
598 190
598 205
598 279
598 421
598 971
599 31
599 76
599 86
599 140
599 191
599 310
599 433
599 543
599 831
599 920
600 198
600 313
600 415
600 530
600 720
600 780
600 820
600 895
600 994
601 75
601 234
601 302
601 408
601 457
601 505
601 555
601 607
601 707
601 966
602 12
602 199
602 295
602 302
602 333
602 336
602 341
602 359
602 396
602 518
602 722
602 781
602 851
603 85
603 142
603 352
603 362
603 589
603 841
603 887
603 964
604 1
604 17
604 299
604 370
604 473
604 484
604 577
604 660
604 696
604 806
604 842
604 963
605 209
605 221
605 231
605 257
605 613
605 653
605 684
605 755
605 848
606 213
606 436
606 502
606 865
606 940
607 23
607 35
607 76
607 201
607 297
607 445
607 653
607 658
607 738
607 870
607 881
608 76
608 125
608 294
608 430
608 437
608 574
608 641
608 713
608 718
608 782
608 843
608 888
608 921
609 51
609 173
609 205
609 280
609 332
609 347
609 441
609 464
609 698
609 793
609 933
609 975
610 127
610 129
610 189
610 518
610 763
610 815
610 869
611 77
611 389
611 408
611 514
611 723
611 823
611 891
611 992
612 155
612 361
612 462
612 701
612 760
612 792
612 839
613 3
613 6
613 204
613 281
613 288
613 369
613 860
613 952
613 974
614 57
614 131
614 201
614 601
614 743
614 875
614 890
614 902
614 905
615 185
615 339
615 719
615 812
615 813
615 887
615 911
615 930
616 102
616 169
616 274
616 314
616 359
616 455
616 471
616 566
616 628
616 636
616 768
616 817
616 840
616 893
616 935
617 37
617 181
617 211
617 812
618 12
618 49
618 54
618 55
618 109
618 132
618 310
618 843
619 88
619 161
619 178
619 245
619 306
619 341
619 354
619 416
619 472
619 665
619 730
619 908
620 61
620 62
620 65
620 254
620 322
620 364
620 381
620 429
620 643
620 711
620 787
621 70
621 123
621 193
621 203
621 277
621 321
621 348
621 374
621 493
621 515
621 632
621 710
621 967
622 12
622 343
622 498
622 580
622 627
622 637
622 764
622 807
622 918
623 79
623 105
623 121
623 172
623 357
623 462
623 559
623 589
623 687
623 744
623 797
623 815
623 868
623 987
624 96
624 104
624 378
624 693
624 895
625 240
625 295
625 424
625 448
625 529
625 653
626 30
626 73
626 75
626 164
626 268
626 398
626 461
626 465
626 651
626 815
626 830
626 964
627 112
627 116
627 248
627 312
627 391
627 565
627 650
627 744
627 781
627 818
627 996
628 5
628 40
628 75
628 129
628 131
628 209
628 387
628 447
628 450
628 519
628 541
628 565
628 690
628 969
628 972
629 147
629 149
629 152
629 213
629 298
629 357
629 397
629 424
629 472
629 578
629 603
629 678
629 716
629 850
629 888
629 974
630 81
630 211
630 238
630 338
630 558
630 603
630 648
630 660
630 775
630 996
631 45
631 227
631 293
631 312
631 316
631 379
631 389
631 614
631 650
631 844
631 864
632 341
632 351
632 358
632 417
632 452
632 491
632 723
632 817
632 905
632 925
633 21
633 67
633 181
633 300
633 425
633 498
633 639
633 730
633 827
633 933
634 19
634 122
634 162
634 173
634 239
634 282
634 303
634 536
634 786
634 833
635 308
635 369
635 389
635 478
635 612
635 810
635 898
635 930
636 260
636 307
636 322
636 438
636 479
636 511
636 552
636 707
636 708
636 799
636 942
637 1
637 213
637 416
637 462
637 715
637 749
637 844
637 900
637 969
638 16
638 156
638 159
638 194
638 393
638 514
638 629
638 666
638 873
638 877
638 939
638 999
639 67
639 91
639 92
639 298
639 390
639 465
639 512
639 691
639 730
639 754
639 853
639 861
640 40
640 127
640 372
640 448
640 509
640 520
640 523
640 530
640 564
640 659
640 735
640 813
640 860
640 971
641 111
641 356
641 669
641 702
641 818
641 870
641 913
641 948
641 973
642 49
642 280
642 382
642 861
643 2
643 14
643 65
643 399
643 407
643 473
643 492
643 600
643 943
644 31
644 36
644 43
644 98
644 196
644 214
644 281
644 767
644 839
644 853
644 945
644 996
645 8
645 63
645 81
645 180
645 265
645 275
645 314
645 316
645 337
645 343
645 406
645 506
645 569
645 783
645 887
645 995
646 194
646 202
646 279
646 340
646 449
646 540
646 560
646 605
646 668
646 700
646 755
646 856
646 943
647 28
647 287
647 414
647 528
647 577
647 638
647 806
647 940
647 953
647 987
647 988
648 214
648 275
648 503
648 505
648 526
648 761
648 844
649 52
649 79
649 234
649 342
649 534
649 557
649 564
649 565
649 572
649 850
649 861
649 906
649 962
649 971
650 62
650 63
650 102
650 184
650 187
650 271
650 569
650 747
650 829
650 832
650 858
650 956
651 47
651 205
651 509
651 609
651 619
651 732
652 154
652 200
652 226
652 248
652 283
652 483
652 506
652 560
652 773
652 913
653 7
653 57
653 92
653 128
653 145
653 260
653 389
653 431
653 437
653 540
653 590
653 816
653 864
653 868
653 874
653 881
653 923
653 964
654 4
654 44
654 183
654 237
654 262
654 280
654 463
654 513
654 628
654 743
654 834
655 6
655 262
655 267
655 359
655 383
655 439
655 500
655 612
655 615
655 680
655 735
655 864
655 888
655 901
656 14
656 100
656 197
656 199
656 465
656 509
656 543
656 586
656 615
656 746
656 930
656 957
657 75
657 76
657 136
657 160
657 229
657 275
657 456
657 492
657 524
657 673
657 843
657 967
658 15
658 108
658 263
658 449
658 467
658 704
658 723
658 842
658 864
658 974
659 1
659 31
659 48
659 58
659 149
659 158
659 182
659 192
659 207
659 213
659 282
659 414
659 822
659 889
660 88
660 145
660 208
660 223
660 506
660 516
660 632
660 754
660 863
660 969
660 984
661 143
661 167
661 307
661 388
661 541
661 555
661 576
661 606
661 630
661 685
661 693
661 703
661 737
661 962
662 31
662 415
662 424
662 439
662 462
662 661
662 762
663 0
663 96
663 120
663 174
663 202
663 367
663 398
663 507
663 509
663 717
663 865
663 978
664 336
664 646
664 902
664 923
665 133
665 163
665 292
665 298
665 409
665 510
665 612
665 632
665 704
665 931
666 46
666 80
666 118
666 324
666 551
666 621
666 910
666 914
666 933
667 57
667 83
667 105
667 124
667 267
667 493
667 682
667 712
667 734
667 741
667 768
667 788
667 824
667 828
667 832
667 891
667 956
667 994
668 7
668 219
668 330
668 413
668 597
668 633
668 636
668 747
668 779
668 785
668 817
668 913
668 969
669 110
669 149
669 183
669 190
669 194
669 383
669 519
669 544
669 548
669 579
669 617
669 792
669 897
669 927
670 563
670 683
670 714
670 764
670 884
670 897
670 918
671 179
671 305
671 325
671 460
671 486
671 531
671 661
671 705
671 762
671 768
671 836
671 861
671 874
671 971
672 156
672 170
672 354
672 387
672 532
672 746
672 801
672 861
672 983
673 258
673 407
673 580
673 603
673 705
673 836
673 918
673 969
674 96
674 109
674 126
674 140
674 157
674 224
674 402
674 413
674 462
674 499
674 518
674 661
674 726
674 830
674 881
675 36
675 139
675 246
675 256
675 346
675 352
675 511
675 558
675 637
675 762
675 836
675 919
675 954
675 992
676 35
676 455
676 697
676 945
677 73
677 90
677 255
677 261
677 687
677 862
677 864
678 190
678 191
678 217
678 225
678 319
678 334
678 615
678 619
679 139
679 157
679 172
679 276
679 375
679 389
679 429
679 498
679 547
679 609
679 622
679 921
679 987
680 67
680 117
680 146
680 252
680 403
680 415
680 557
680 563
680 842
681 246
681 301
681 537
681 562
681 570
681 713
681 770
681 833
681 981
682 113
682 166
682 250
682 378
682 405
682 416
682 455
682 532
682 546
682 732
682 818
682 851
682 900
682 928
682 967
683 92
683 124
683 212
683 236
683 372
683 455
683 554
683 568
683 654
683 721
683 797
683 958
683 971
683 989
684 37
684 374
684 438
684 611
684 728
684 826
684 958
685 17
685 120
685 149
685 210
685 253
685 376
685 432
685 436
685 440
685 507
685 573
685 726
685 747
685 752
685 757
685 824
685 832
685 930
685 975
686 426
686 487
686 567
686 569
686 606
686 789
686 885
686 955
687 68
687 81
687 157
687 262
687 670
687 698
687 893
688 28
688 90
688 150
688 255
688 325
688 341
688 513
688 524
688 897
688 926
689 90
689 112
689 254
689 303
689 337
689 540
689 766
689 801
689 810
689 813
689 898
689 899
689 945
690 111
690 187
690 278
690 376
690 587
690 733
690 795
690 806
690 879
690 889
691 43
691 178
691 269
691 298
691 338
691 390
691 483
691 520
691 612
691 766
691 779
691 783
691 842
691 930
692 25
692 70
692 195
692 325
692 626
692 640
692 683
692 751
692 911
692 974
693 180
693 325
693 383
693 398
693 510
693 571
693 647
693 702
693 722
693 774
693 847
694 105
694 254
694 421
694 448
694 472
694 491
694 534
694 626
694 679
694 708
694 756
694 771
694 826
694 838
694 893
695 22
695 105
695 121
695 203
695 267
695 292
695 301
695 382
695 638
695 643
695 697
695 753
696 362
696 422
696 517
696 622
696 714
696 933
697 7
697 121
697 151
697 308
697 388
697 641
697 928
698 144
698 269
698 537
698 734
698 893
699 9
699 140
699 171
699 297
699 322
699 392
699 464
699 589
699 663
699 716
699 809
699 890
699 998
700 66
700 244
700 271
700 317
700 329
700 357
700 582
700 613
700 638
700 690
700 871
701 78
701 93
701 108
701 163
701 455
701 482
701 509
701 603
701 807
701 854
701 907
702 16
702 206
702 673
702 760
702 766
702 780
702 787
702 805
702 824
702 846
703 32
703 49
703 61
703 124
703 339
703 470
703 490
703 545
703 613
703 650
703 762
703 769
703 932
703 950
704 23
704 33
704 97
704 340
704 393
704 484
704 691
704 849
704 874
704 888
704 966
705 7
705 83
705 241
705 249
705 390
705 662
705 810
705 898
706 17
706 20
706 288
706 291
706 663
706 756
706 892
707 54
707 308
707 447
707 449
707 635
707 895
707 984
708 16
708 118
708 243
708 444
708 458
708 585
708 603
708 608
708 682
708 702
708 714
708 810
708 903
708 924
708 977
709 11
709 24
709 129
709 138
709 387
709 578
709 583
709 835
709 842
709 847
710 455
710 593
710 735
710 958
710 987
711 27
711 133
711 153
711 180
711 197
711 221
711 480
711 644
711 796
711 821
711 961
712 83
712 85
712 172
712 193
712 205
712 487
712 514
712 703
712 738
712 995
713 122
713 221
713 319
713 415
713 493
713 586
713 615
713 738
713 757
713 879
713 896
714 25
714 319
714 398
714 540
714 551
714 670
714 694
714 708
714 953
714 981
714 982
714 987
715 94
715 104
715 140
715 166
715 180
715 187
715 316
715 320
715 509
715 528
715 563
715 817
715 900
716 83
716 368
716 603
716 622
716 657
716 785
716 946
716 952
717 0
717 92
717 154
717 429
717 460
717 484
717 524
717 658
717 699
717 815
717 970
718 42
718 477
718 566
718 663
718 828
719 267
719 435
719 641
719 661
719 829
720 61
720 103
720 250
720 394
720 411
720 508
720 777
720 999
721 135
721 231
721 288
721 294
721 304
721 432
721 482
721 531
721 543
721 615
721 733
721 818
722 46
722 194
722 229
722 814
722 953
723 315
723 500
723 592
723 673
723 728
723 783
723 815
723 896
723 969
724 295
724 344
724 363
724 417
724 428
724 444
724 448
724 463
724 510
724 534
724 537
724 539
724 737
724 751
724 934
724 964
724 970
724 990
725 12
725 85
725 234
725 249
725 336
725 439
725 608
725 678
725 871
725 990
726 108
726 195
726 317
726 476
726 676
726 727
726 882
726 903
726 985
727 66
727 175
727 203
727 315
727 350
727 377
727 431
727 511
727 526
727 691
727 753
727 902
728 34
728 280
728 316
728 402
728 577
728 981
729 76
729 191
729 194
729 269
729 279
729 408
729 409
729 516
729 593
729 630
729 647
730 8
730 46
730 105
730 117
730 179
730 234
730 331
730 365
730 576
730 633
730 703
730 895
730 992
731 26
731 52
731 69
731 209
731 255
731 343
731 354
731 366
731 385
731 419
731 429
731 482
731 581
731 588
731 746
731 832
731 862
731 879
731 955
732 16
732 49
732 130
732 219
732 273
732 406
732 510
732 645
732 755
732 830
732 846
732 859
732 864
733 198
733 245
733 363
733 419
733 669
733 707
733 900
734 61
734 105
734 121
734 236
734 274
734 380
734 392
734 458
734 474
734 537
734 546
734 612
734 618
734 849
734 906
735 92
735 382
735 396
735 875
735 944
735 958
736 99
736 171
736 186
736 315
736 371
736 374
736 386
736 389
736 416
736 417
736 512
736 600
736 637
736 640
736 717
737 152
737 153
737 180
737 190
737 265
737 701
737 743
737 790
738 210
738 251
738 258
738 373
738 440
738 538
738 551
738 570
738 780
738 888
738 958
738 965
738 977
738 980
739 108
739 218
739 232
739 255
739 295
739 346
739 400
739 422
739 573
739 687
739 956
739 980
740 44
740 149
740 216
740 285
740 512
740 544
740 600
740 753
740 770
740 852
740 881
741 7
741 93
741 121
741 190
741 307
741 376
741 389
741 482
741 503
741 511
741 611
741 630
741 840
741 920
741 939
742 199
742 430
742 431
742 554
742 663
742 861
742 980
743 71
743 74
743 150
743 182
743 186
743 482
743 530
743 660
743 734
743 778
744 323
744 402
744 417
744 505
744 597
744 647
744 781
744 834
744 874
744 897
744 975
745 13
745 20
745 111
745 126
745 516
745 734
745 815
745 883
745 888
745 899
746 10
746 73
746 389
746 437
746 590
746 693
746 704
747 90
747 198
747 397
747 399
747 430
747 602
747 775
747 885
748 118
748 184
748 243
748 487
748 503
748 618
748 897
749 23
749 71
749 117
749 263
749 296
749 307
749 358
749 381
749 387
749 421
749 509
749 545
749 670
749 745
749 828
749 841
750 153
750 244
750 417
750 479
750 585
750 596
750 736
750 885
750 915
750 941
750 959
750 990
751 199
751 519
751 522
751 809
751 928
752 78
752 124
752 196
752 352
752 502
752 506
752 508
752 653
752 670
752 732
752 850
753 76
753 180
753 328
753 432
753 494
753 605
753 631
753 644
753 792
753 985
753 992
754 42
754 341
754 502
754 534
754 778
754 795
754 831
755 27
755 182
755 230
755 273
755 319
755 335
755 398
755 592
755 639
755 697
755 752
755 804
756 53
756 65
756 138
756 241
756 381
756 478
756 594
756 619
756 663
756 783
756 814
756 855
756 899
756 929
756 966
757 77
757 344
757 382
757 391
757 638
757 662
757 783
757 790
757 918
758 45
758 61
758 66
758 169
758 178
758 332
758 445
758 496
758 574
758 634
758 742
758 743
758 792
758 984
759 124
759 233
759 390
759 666
759 751
759 767
759 773
760 100
760 134
760 249
760 281
760 425
760 475
760 644
760 761
760 877
760 955
761 161
761 205
761 208
761 243
761 268
761 386
761 434
761 674
761 703
761 750
761 774
762 21
762 63
762 299
762 351
762 557
762 819
762 865
762 992
763 292
763 420
763 449
763 553
763 811
763 981
764 95
764 153
764 214
764 215
764 243
764 353
764 485
764 508
764 577
764 589
764 794
764 841
764 859
764 966
764 977
765 6
765 139
765 157
765 209
765 231
765 302
765 324
765 502
765 694
765 817
766 61
766 74
766 78
766 115
766 138
766 414
766 668
766 763
766 897
766 901
766 953
766 985
767 9
767 155
767 200
767 206
767 218
767 260
767 514
767 518
767 559
767 585
767 775
767 797
767 890
767 920
767 992
768 22
768 227
768 244
768 378
768 393
768 428
768 545
768 586
768 625
768 858
769 82
769 321
769 466
769 907
769 929
769 952
769 961
770 75
770 203
770 205
770 209
770 220
770 336
770 459
770 831
770 935
770 972
771 149
771 160
771 239
771 246
771 359
771 579
772 36
772 44
772 132
772 168
772 371
772 709
772 743
772 840
772 851
773 16
773 77
773 578
773 855
773 923
774 148
774 149
774 449
774 508
774 599
774 854
774 918
775 59
775 75
775 231
775 302
775 313
775 427
775 515
775 563
775 601
775 654
775 706
775 885
775 961
776 165
776 353
776 419
776 531
776 591
776 645
776 751
776 944
777 6
777 490
777 783
777 953
778 173
778 265
778 279
778 497
778 524
778 643
778 692
778 768
778 781
778 981
779 55
779 86
779 96
779 317
779 393
779 430
779 609
779 663
779 804
779 837
779 893
779 941
780 293
780 297
780 492
780 587
780 609
780 653
780 744
780 806
781 200
781 331
781 361
781 421
781 430
781 470
781 504
781 645
781 689
781 699
781 709
781 737
782 394
782 474
782 690
782 991
783 89
783 122
783 308
783 327
783 328
783 358
783 426
783 500
783 584
783 592
783 637
783 687
783 697
783 786
783 944
783 979
784 1
784 121
784 136
784 187
784 263
784 277
784 376
784 439
784 580
784 915
784 936
784 971
785 103
785 218
785 232
785 324
785 458
785 501
785 872
785 912
785 934
786 204
786 334
786 336
786 435
786 616
786 636
786 648
786 952
786 971
787 111
787 120
787 147
787 268
787 284
787 291
787 311
787 339
787 438
787 547
787 569
787 579
787 735
787 800
787 931
788 134
788 333
788 534
788 793
788 872
788 995
789 135
789 376
789 427
789 475
789 560
789 580
789 623
789 677
790 64
790 223
790 292
790 616
790 813
791 91
791 384
791 482
791 611
791 654
791 743
791 821
792 49
792 59
792 62
792 114
792 262
792 316
792 321
792 361
792 635
792 685
792 687
792 706
792 997
793 64
793 415
793 418
793 454
793 473
793 491
793 516
793 531
793 639
793 660
793 707
793 711
793 988
794 40
794 337
794 474
794 479
794 480
794 514
794 536
794 610
794 680
794 682
794 697
794 751
794 905
794 965
795 267
795 376
795 462
795 474
795 498
795 511
795 543
795 584
795 740
795 859
795 970
795 988
796 137
796 216
796 225
796 258
796 265
796 274
796 523
796 654
796 726
796 786
796 849
797 35
797 135
797 231
797 527
797 782
797 818
797 875
797 917
797 957
798 20
798 130
798 405
798 429
798 522
798 563
798 572
798 662
798 748
798 821
798 965
799 80
799 166
799 182
799 351
799 363
799 385
799 491
799 643
799 739
799 740
799 761
799 777
799 860
800 13
800 44
800 185
800 209
800 360
800 460
800 494
800 603
800 640
800 813
800 819
801 86
801 163
801 177
801 485
801 494
801 618
801 799
801 832
802 8
802 68
802 84
802 101
802 106
802 131
802 249
802 438
802 531
802 792
802 800
802 886
802 901
802 940
802 995
803 17
803 109
803 150
803 223
803 277
803 295
803 340
803 346
803 362
803 430
803 434
803 449
803 547
803 642
803 717
803 854
803 897
803 960
804 0
804 43
804 70
804 168
804 271
804 543
804 673
804 706
804 962
805 61
805 77
805 196
805 372
805 491
805 517
805 574
805 578
805 595
805 750
805 866
805 908
806 51
806 66
806 120
806 143
806 154
806 161
806 333
806 508
806 602
806 678
806 729
806 733
806 938
807 137
807 494
807 547
807 606
807 664
807 682
807 732
807 797
807 865
807 976
808 37
808 121
808 437
808 481
808 497
808 545
808 570
808 573
808 640
808 807
809 271
809 331
809 465
809 510
809 537
809 559
809 777
809 787
809 790
809 840
809 860
809 875
810 129
810 188
810 217
810 270
810 532
810 620
810 658
810 685
810 761
810 796
810 910
811 95
811 98
811 139
811 194
811 241
811 245
811 251
811 660
811 711
811 833
811 988
812 88
812 130
812 159
812 453
812 667
812 738
812 771
812 803
812 897
812 906
813 105
813 142
813 183
813 340
813 360
813 389
813 417
813 451
813 523
813 590
813 609
813 753
813 969
814 101
814 137
814 162
814 176
814 235
814 265
814 344
814 778
814 844
814 904
814 931
814 983
814 992
815 44
815 180
815 214
815 266
815 516
815 562
815 607
815 661
815 680
815 743
815 780
815 785
815 802
815 918
815 939
815 950
815 992
816 102
816 169
816 175
816 212
816 297
816 381
816 441
816 443
816 632
816 650
816 736
816 854
816 917
817 467
817 470
817 473
817 857
817 943
818 118
818 144
818 364
818 393
818 433
818 512
818 574
818 889
819 123
819 153
819 236
819 244
819 294
819 312
819 346
819 403
819 630
819 774
819 788
819 792
819 862
819 995
820 13
820 35
820 213
820 228
820 233
820 861
820 897
820 936
820 991
820 998
821 84
821 133
821 212
821 258
821 498
821 616
821 677
821 810
821 843
821 845
821 864
821 870
822 112
822 220
822 571
822 609
822 635
822 649
822 707
823 175
823 225
823 241
823 327
823 381
823 440
823 565
823 621
823 658
823 690
823 720
823 849
823 931
824 33
824 100
824 177
824 248
824 260
824 316
824 464
824 531
824 564
824 576
824 627
824 687
824 979
825 58
825 300
825 305
825 411
825 576
825 745
825 755
825 797
825 807
825 878
825 925
826 117
826 277
826 342
826 526
826 647
826 712
826 867
827 18
827 40
827 81
827 91
827 233
827 368
827 387
827 450
827 491
827 526
827 623
827 648
827 891
827 904
828 108
828 128
828 153
828 238
828 264
828 399
828 522
828 615
828 619
828 726
829 62
829 120
829 168
829 181
829 303
829 305
829 335
829 449
829 553
829 879
829 995
830 430
830 457
830 600
830 852
830 924
831 8
831 48
831 89
831 153
831 159
831 217
831 218
831 249
831 458
831 647
831 833
831 856
832 75
832 86
832 210
832 255
832 333
832 401
832 635
832 723
832 731
832 742
832 946
832 969
833 84
833 176
833 181
833 281
833 288
833 314
833 324
833 333
833 402
833 457
833 619
833 692
833 769
833 909
833 996
834 32
834 147
834 187
834 242
834 282
834 377
834 384
834 435
834 476
834 478
834 502
834 517
834 662
834 758
834 761
834 806
834 882
834 926
834 936
834 971
835 104
835 225
835 233
835 512
835 568
835 721
835 826
835 898
835 930
835 978
836 12
836 14
836 99
836 162
836 359
836 380
836 399
836 447
836 712
836 760
836 765
836 787
836 855
836 860
836 908
836 971
836 973
837 25
837 70
837 258
837 399
837 709
837 790
837 921
838 13
838 80
838 306
838 673
838 888
839 14
839 167
839 172
839 418
839 703
839 743
839 761
839 833
840 70
840 109
840 148
840 315
840 364
840 415
840 472
840 511
840 744
840 979
841 147
841 184
841 241
841 352
841 401
841 411
841 419
841 474
841 563
841 878
841 916
841 926
841 982
841 991
842 39
842 106
842 282
842 337
842 416
842 463
842 598
842 670
842 740
842 742
842 768
843 231
843 325
843 347
843 383
843 449
843 467
843 489
843 519
843 674
843 814
843 999
844 91
844 115
844 146
844 150
844 235
844 469
844 514
844 532
844 583
844 649
844 667
844 818
844 927
844 985
845 98
845 100
845 185
845 332
845 687
845 694
846 38
846 95
846 183
846 241
846 295
846 395
846 470
846 663
846 867
846 893
847 29
847 192
847 221
847 670
847 762
847 893
847 902
848 98
848 213
848 235
848 419
848 833
849 234
849 240
849 244
849 415
849 465
849 578
849 798
849 835
849 921
849 968
850 117
850 146
850 148
850 488
850 558
850 626
850 676
850 737
850 799
850 945
851 108
851 169
851 309
851 381
851 521
851 539
851 669
851 714
851 764
851 895
852 132
852 241
852 298
852 355
852 399
852 404
852 618
852 645
852 653
852 664
852 697
852 715
852 839
852 911
852 932
852 935
853 19
853 49
853 102
853 145
853 178
853 186
853 255
853 344
853 362
853 376
853 421
853 422
853 500
853 529
853 703
853 709
853 764
853 781
853 811
853 815
853 845
853 936
853 959
854 170
854 182
854 196
854 205
854 384
854 402
854 415
854 465
854 584
854 620
854 630
854 687
854 701
854 911
855 97
855 192
855 284
855 301
855 324
855 391
855 510
855 512
855 652
855 794
855 827
855 993
856 128
856 156
856 226
856 261
856 310
856 390
856 427
856 438
856 464
856 555
856 627
856 650
856 691
856 732
856 772
856 789
856 870
857 150
857 223
857 320
857 356
857 417
857 496
857 554
857 614
857 685
857 717
857 905
857 950
858 240
858 391
858 475
858 645
858 805
858 875
858 925
859 229
859 281
859 338
859 411
859 417
859 505
859 595
859 675
859 707
859 784
859 863
859 901
859 924
860 86
860 273
860 284
860 447
860 576
860 690
860 723
860 787
860 868
860 886
861 266
861 272
861 714
861 742
861 843
861 959
862 22
862 50
862 316
862 695
862 706
862 767
862 778
862 882
863 25
863 64
863 85
863 171
863 174
863 239
863 277
863 306
863 331
863 336
863 367
863 587
863 600
863 763
863 775
863 868
864 22
864 97
864 291
864 294
864 505
864 574
864 862
865 22
865 36
865 118
865 143
865 191
865 210
865 414
865 520
865 739
865 999
866 32
866 375
866 507
866 528
866 571
866 899
867 56
867 376
867 396
867 447
867 541
867 608
867 610
867 802
868 21
868 78
868 199
868 214
868 224
868 240
868 283
868 292
868 506
868 560
868 769
868 797
869 62
869 100
869 477
869 539
869 604
869 775
869 777
869 803
869 949
870 97
870 136
870 179
870 209
870 260
870 294
870 323
870 326
870 475
870 532
870 591
871 248
871 407
871 545
871 746
871 894
872 79
872 143
872 577
872 579
872 666
872 866
872 877
873 89
873 346
873 375
873 727
874 63
874 171
874 237
874 309
874 393
874 437
874 542
874 687
874 712
874 741
874 815
874 905
875 5
875 233
875 241
875 402
875 656
875 664
875 730
875 809
875 950
875 979
876 205
876 447
876 471
876 506
876 531
876 638
876 653
876 771
876 882
876 935
877 50
877 568
877 577
877 895
877 999
878 202
878 598
878 616
878 627
878 709
878 715
878 820
878 900
879 132
879 290
879 403
879 544
879 604
879 678
879 724
879 868
879 947
880 288
880 396
880 527
880 613
880 672
880 690
880 758
880 940
880 967
881 6
881 44
881 97
881 126
881 435
881 679
881 753
881 936
882 47
882 55
882 74
882 257
882 437
882 574
882 807
882 859
882 938
883 20
883 160
883 420
883 478
883 632
883 766
883 867
883 983
884 279
884 294
884 530
884 567
884 604
884 732
885 129
885 227
885 263
885 362
885 599
885 638
885 671
885 744
885 910
885 922
885 962
885 964
886 45
886 122
886 186
886 407
886 587
886 595
886 651
886 739
886 942
886 975
887 28
887 112
887 129
887 130
887 256
887 335
887 411
887 442
887 499
887 644
887 723
887 760
887 775
887 841
888 136
888 221
888 269
888 308
888 355
888 413
888 456
888 525
888 591
888 699
888 762
888 806
888 863
888 907
888 943
889 251
889 458
889 599
889 740
889 775
890 17
890 79
890 485
890 569
890 574
890 681
890 699
890 735
890 986
891 16
891 213
891 335
891 521
891 541
891 564
891 602
891 614
891 672
891 692
891 720
891 825
891 882
892 6
892 216
892 220
892 277
892 481
892 588
893 39
893 208
893 344
893 484
893 535
893 585
893 771
893 843
893 846
893 882
893 910
893 956
893 990
894 95
894 99
894 180
894 512
894 590
894 636
895 117
895 357
895 459
895 481
895 517
895 624
895 684
895 789
895 911
896 72
896 79
896 133
896 322
896 498
896 586
896 770
896 801
896 921
896 972
897 21
897 89
897 178
897 195
897 254
897 294
897 350
897 393
897 490
897 587
897 899
898 0
898 41
898 461
898 521
898 523
898 619
898 695
898 829
898 915
898 941
899 50
899 102
899 242
899 327
899 387
899 473
899 703
899 790
899 929
899 978
900 195
900 240
900 326
900 558
900 570
900 751
900 754
900 846
901 124
901 136
901 581
901 838
901 847
901 874
901 903
901 956
901 980
902 19
902 139
902 175
902 185
902 322
902 366
902 375
902 545
902 626
902 627
902 809
902 877
903 6
903 134
903 286
903 321
903 417
903 465
903 673
903 839
903 963
903 971
904 38
904 122
904 181
904 186
904 291
904 464
904 715
904 772
904 805
905 42
905 76
905 112
905 170
905 419
905 444
905 586
905 649
905 864
905 917
905 963
906 188
906 204
906 206
906 245
906 419
906 501
906 553
906 584
906 594
906 819
906 970
907 17
907 23
907 162
907 167
907 212
907 239
907 254
907 501
907 573
907 683
907 793
907 988
908 40
908 209
908 288
908 335
908 395
908 468
908 478
908 636
908 645
908 760
908 775
908 937
908 971
909 32
909 36
909 75
909 110
909 164
909 236
909 258
909 470
909 495
909 593
909 610
909 682
909 722
909 792
909 794
910 229
910 715
910 865
910 894
910 896
910 898
910 965
911 46
911 169
911 193
911 221
911 270
911 320
911 340
911 408
911 409
911 456
911 492
911 596
911 855
912 190
912 293
912 344
912 395
912 452
912 509
912 575
912 677
912 728
912 780
912 790
912 819
912 836
912 879
913 26
913 111
913 156
913 221
913 319
913 323
913 391
913 407
913 490
913 496
913 629
913 662
913 720
913 968
914 127
914 155
914 345
914 351
914 461
914 477
914 519
914 656
914 892
915 24
915 53
915 161
915 174
915 245
915 275
915 321
915 399
915 418
915 523
915 544
915 598
915 691
915 725
916 95
916 137
916 319
916 388
916 552
916 787
916 810
917 99
917 177
917 354
917 471
917 608
917 724
917 848
917 867
917 953
918 137
918 205
918 353
918 656
918 719
918 739
918 753
918 893
919 18
919 133
919 530
919 581
919 596
919 619
919 720
919 784
919 790
919 809
919 814
919 854
919 873
919 891
919 950
919 951
920 177
920 303
920 365
920 389
920 508
920 616
920 635
920 731
920 782
920 796
920 869
920 900
920 933
921 249
921 365
921 480
921 540
921 681
921 958
921 980
922 10
922 756
922 771
922 896
922 945
922 958
923 110
923 139
923 172
923 188
923 226
923 415
923 460
923 596
923 824
923 991
923 995
924 11
924 346
924 494
924 519
924 586
924 619
924 941
925 66
925 159
925 264
925 486
925 913
925 914
926 562
926 635
926 638
926 657
926 807
926 824
926 863
926 891
926 903
926 965
927 156
927 555
927 657
927 949
928 97
928 254
928 318
928 600
929 130
929 278
929 511
929 593
929 764
929 812
930 420
930 519
930 611
930 614
930 706
930 807
930 954
931 174
931 252
931 272
931 304
931 415
931 424
931 474
931 478
931 482
931 688
931 695
931 973
932 92
932 283
932 327
932 478
932 558
932 676
932 681
932 759
932 952
933 90
933 148
933 298
933 353
933 494
933 497
933 528
933 554
933 697
933 750
933 791
934 69
934 163
934 177
934 217
934 374
934 391
934 475
934 617
934 694
934 744
934 873
934 994
935 9
935 76
935 258
935 286
935 305
935 364
935 617
935 698
935 855
935 955
936 211
936 292
936 460
936 525
936 596
936 817
937 89
937 408
937 472
937 563
937 624
937 637
937 729
937 930
938 227
938 443
938 486
938 557
938 604
938 705
938 809
938 853
939 239
939 262
939 314
939 387
939 391
939 393
939 538
939 574
939 582
939 829
939 918
940 193
940 264
940 439
940 471
940 591
940 655
940 687
940 726
940 859
940 868
940 893
940 984
941 28
941 266
941 382
941 426
941 862
942 11
942 114
942 149
942 223
942 367
942 474
942 544
942 613
942 626
942 707
942 799
942 836
942 933
943 261
943 423
943 524
943 664
943 676
943 737
943 970
943 983
944 72
944 197
944 631
944 689
944 883
944 948
945 175
945 191
945 338
945 378
945 402
945 418
945 688
945 702
945 942
945 975
946 10
946 94
946 129
946 295
946 340
946 599
946 661
946 826
946 830
946 843
946 916
946 950
946 951
946 992
947 127
947 230
947 818
948 15
948 93
948 205
948 230
948 270
948 315
948 420
948 428
948 550
948 755
948 793
948 907
949 135
949 210
949 226
949 478
949 551
949 585
949 784
949 900
949 966
950 74
950 200
950 341
950 374
950 509
950 691
950 735
950 781
950 847
950 914
950 944
951 180
951 196
951 619
951 641
951 670
951 824
951 841
952 15
952 41
952 54
952 77
952 102
952 186
952 258
952 335
952 405
952 536
952 587
952 604
952 872
952 940
952 941
953 185
953 205
953 609
953 644
953 663
953 776
953 788
953 954
954 117
954 123
954 213
954 248
954 358
954 392
954 505
954 551
954 588
954 589
954 672
954 853
954 903
955 15
955 176
955 180
955 213
955 225
955 247
955 284
955 326
955 440
955 470
955 506
955 559
955 605
955 828
955 958
956 48
956 119
956 125
956 242
956 435
956 437
956 518
956 603
956 626
956 835
956 855
956 882
957 14
957 92
957 169
957 246
957 311
957 413
957 472
957 515
957 541
957 624
957 645
957 782
957 786
957 850
957 943
958 216
958 218
958 242
958 424
958 478
958 553
958 558
958 559
958 723
958 788
958 999
959 16
959 83
959 160
959 220
959 234
959 276
959 316
959 332
959 565
959 585
959 674
959 675
959 683
959 717
959 759
959 824
959 917
959 929
959 941
960 109
960 309
960 403
960 459
960 512
960 518
960 571
961 174
961 207
961 547
961 562
961 638
961 688
961 730
961 755
961 760
961 852
961 855
961 866
962 75
962 79
962 182
962 237
962 238
962 296
962 309
962 334
962 346
962 413
962 775
962 891
962 932
963 54
963 201
963 347
963 397
963 489
963 592
963 800
963 804
963 972
964 55
964 253
964 401
964 537
964 541
964 579
964 743
964 789
964 829
964 921
964 968
965 30
965 124
965 126
965 212
965 231
965 311
965 332
965 443
965 716
965 788
965 913
965 972
966 10
966 88
966 157
966 330
966 432
966 683
966 731
966 848
966 967
966 991
967 13
967 50
967 97
967 321
967 570
967 640
967 854
968 9
968 242
968 302
968 345
968 670
968 830
968 973
969 49
969 79
969 80
969 202
969 258
969 291
969 337
969 348
969 379
969 400
969 783
969 856
969 936
970 55
970 58
970 65
970 104
970 188
970 212
970 239
970 383
970 398
970 466
970 740
970 747
970 845
970 871
970 912
971 20
971 404
971 439
971 508
971 576
971 603
971 763
972 132
972 266
972 306
972 365
972 752
972 908
973 15
973 335
973 412
973 452
973 466
973 512
973 539
973 543
973 601
973 653
973 667
973 774
974 131
974 148
974 187
974 210
974 413
974 422
974 621
974 631
974 996
975 41
975 50
975 64
975 141
975 206
975 362
975 381
975 519
975 542
976 206
976 467
976 471
976 533
976 597
976 708
976 731
976 734
976 763
976 779
976 852
976 968
977 181
977 230
977 257
977 266
977 671
977 731
977 983
978 110
978 160
978 238
978 264
978 570
978 713
978 726
978 748
978 754
978 780
978 804
978 880
978 995
979 72
979 83
979 113
979 162
979 171
979 287
979 298
979 351
979 409
979 483
979 584
979 668
979 681
979 691
979 852
979 907
979 943
980 175
980 197
980 238
980 239
980 256
980 308
980 335
980 463
980 619
980 810
980 838
981 171
981 339
981 544
981 605
981 655
981 834
981 987
982 101
982 311
982 360
982 626
982 650
982 677
982 787
982 812
982 837
982 854
982 895
983 60
983 84
983 287
983 339
983 425
983 457
983 505
983 608
983 972
983 980
984 469
984 546
984 570
984 648
984 744
984 869
985 209
985 360
985 442
985 660
985 783
985 808
985 908
985 930
986 157
986 223
986 318
986 389
986 395
986 487
986 495
986 536
986 874
986 880
986 932
986 947
987 88
987 143
987 301
987 399
987 411
987 525
987 574
987 742
987 900
987 945
987 973
987 994
988 11
988 153
988 279
988 340
988 393
988 427
988 547
988 725
988 841
989 69
989 171
989 292
989 306
989 509
989 535
989 713
989 773
990 300
990 405
990 465
990 502
990 860
990 896
991 36
991 96
991 140
991 147
991 168
991 423
991 609
991 675
991 961
991 981
991 982
992 51
992 54
992 97
992 225
992 270
992 433
992 587
992 671
992 702
992 789
993 18
993 113
993 336
993 407
993 457
993 494
993 603
993 777
993 994
994 261
994 697
994 755
994 833
995 107
995 283
995 412
995 649
995 672
995 694
995 799
995 967
996 111
996 113
996 302
996 381
996 563
996 698
996 795
997 86
997 129
997 150
997 356
997 568
997 576
997 598
997 603
997 628
997 741
997 921
997 928
998 62
998 277
998 313
998 375
998 475
998 640
998 643
998 756
998 873
998 892
999 64
999 164
999 167
999 215
999 349
999 378
999 499
999 539
999 861
999 963
