0 118
0 165
0 224
0 340
0 398
0 452
0 465
0 470
0 629
0 896
1 79
1 111
1 146
1 172
1 287
1 306
1 371
1 449
1 575
1 777
1 880
1 943
2 137
2 196
2 218
2 225
2 248
2 255
2 436
2 485
2 615
2 656
2 971
3 204
3 220
3 226
3 423
3 475
3 623
3 692
3 716
3 720
3 771
3 860
3 972
3 973
4 51
4 100
4 104
4 260
4 367
4 423
4 596
4 622
4 732
4 741
4 855
4 968
5 21
5 213
5 243
5 629
5 631
5 813
5 824
6 159
6 193
6 196
6 471
6 559
6 589
6 852
6 912
7 53
7 142
7 146
7 158
7 204
7 481
7 518
7 780
7 870
8 380
8 610
8 680
8 713
8 938
8 957
8 985
9 160
9 210
9 229
9 230
9 495
9 499
9 646
9 701
9 739
10 40
10 98
10 128
10 150
10 213
10 290
10 318
10 335
10 534
10 560
10 591
10 656
10 817
10 859
10 875
10 889
10 902
10 938
10 963
11 148
11 157
11 186
11 422
11 484
11 713
11 756
11 779
11 805
11 969
12 237
12 268
12 352
12 569
12 650
12 654
12 667
12 769
12 983
13 164
13 177
13 354
13 363
13 623
13 624
13 728
13 987
14 2
14 151
14 225
14 278
14 400
14 442
14 462
14 556
14 573
14 686
14 737
14 954
14 955
15 9
15 28
15 80
15 648
15 680
15 836
15 850
15 972
15 973
15 987
16 170
16 239
16 276
16 398
16 947
17 65
17 101
17 132
17 242
17 248
17 252
17 295
17 769
17 920
18 42
18 54
18 70
18 197
18 429
18 531
18 587
18 911
19 100
19 169
19 241
19 250
19 309
19 340
19 408
19 474
19 493
19 516
19 563
19 615
20 177
20 387
20 520
20 536
20 563
20 791
20 832
21 86
21 241
21 525
21 625
21 667
21 723
21 961
22 20
22 73
22 332
22 488
22 507
22 515
22 565
22 716
22 809
22 836
22 875
22 971
23 90
23 143
23 160
23 177
23 197
23 515
23 808
23 864
23 947
23 981
24 131
24 263
24 274
24 328
24 351
24 375
24 441
24 450
24 524
24 573
24 669
24 670
24 777
24 802
24 832
25 16
25 51
25 219
25 346
25 394
25 415
25 589
25 610
25 614
25 675
25 678
25 803
25 910
25 916
25 935
26 134
26 138
26 253
26 803
26 820
27 28
27 32
27 175
27 253
27 359
27 366
27 396
27 425
27 447
27 458
27 459
27 729
27 825
27 918
28 18
28 68
28 219
28 232
28 299
28 451
28 510
28 613
28 642
28 934
28 973
29 13
29 239
29 360
29 401
29 410
29 453
29 574
29 773
29 931
30 35
30 70
30 121
30 259
30 288
30 412
30 444
30 605
30 968
30 991
31 180
31 183
31 265
31 307
31 340
31 365
31 687
31 708
31 730
31 752
31 929
32 43
32 61
32 142
32 195
32 259
32 286
32 288
32 308
32 648
32 743
32 749
32 954
32 974
33 34
33 143
33 215
33 398
33 434
33 494
33 536
33 558
33 559
33 594
33 660
33 896
33 924
34 66
34 268
34 362
34 442
34 533
34 544
34 852
34 998
35 118
35 226
35 247
35 637
35 675
35 852
36 40
36 77
36 181
36 240
36 393
36 584
36 592
36 652
36 869
37 84
37 149
37 554
37 653
37 712
37 893
37 902
37 928
38 88
38 105
38 168
38 175
38 195
38 272
38 276
38 282
38 306
38 562
38 657
38 697
38 766
38 785
38 819
39 194
39 225
39 419
39 462
39 670
39 983
40 126
40 187
40 198
40 255
40 464
40 474
40 480
40 481
40 537
40 706
40 914
40 929
40 968
41 97
41 138
41 211
41 277
41 340
41 342
41 580
41 645
41 847
41 900
41 924
42 134
42 233
42 298
42 381
42 409
42 502
42 679
42 714
42 730
42 808
42 811
42 980
43 129
43 197
43 271
43 306
43 545
43 550
43 827
43 988
44 90
44 132
44 301
44 306
44 423
44 428
44 471
44 607
45 71
45 306
45 526
45 590
45 703
46 55
46 152
46 210
46 231
46 442
46 460
46 509
46 582
46 625
46 790
46 959
47 3
47 141
47 149
47 413
47 570
47 822
47 887
48 2
48 103
48 133
48 210
48 228
48 275
48 623
48 672
48 700
49 14
49 25
49 223
49 301
49 350
49 376
49 620
49 700
49 912
49 958
50 3
50 299
50 322
50 575
50 700
50 811
50 834
51 146
51 259
51 374
51 409
51 575
51 903
52 131
52 210
52 283
52 746
52 828
52 897
52 918
52 936
53 78
53 128
53 426
53 455
53 459
53 556
53 717
53 758
53 859
53 918
54 6
54 356
54 371
54 376
54 644
54 649
54 776
54 848
55 42
55 103
55 203
55 261
55 389
55 522
55 595
55 599
55 699
55 829
55 854
55 886
55 889
55 962
55 968
56 110
56 242
56 396
56 425
56 940
56 978
57 162
57 228
57 256
57 372
57 515
57 518
57 534
57 632
57 654
57 921
58 75
58 188
58 210
58 217
58 265
58 293
58 368
58 390
58 456
58 653
58 841
59 288
59 482
59 534
59 760
59 996
60 13
60 398
60 476
60 512
60 677
60 696
60 817
61 108
61 245
61 247
61 764
61 788
62 69
62 303
62 359
62 456
62 651
62 684
62 776
62 802
62 820
62 887
63 47
63 128
63 159
63 180
63 253
63 355
63 417
63 489
63 761
63 800
63 821
63 862
63 930
63 981
64 193
64 208
64 236
64 390
64 432
64 575
64 664
64 742
64 945
64 960
65 48
65 176
65 193
65 325
65 560
65 689
65 857
65 949
66 79
66 83
66 103
66 133
66 134
66 294
66 482
66 557
66 781
66 847
66 848
67 53
67 90
67 126
67 177
67 229
67 234
67 264
67 331
67 496
67 953
68 146
68 210
68 325
68 434
68 777
69 4
69 143
69 418
69 471
69 561
69 653
69 765
69 778
69 826
69 858
69 943
70 118
70 214
70 237
70 465
70 468
70 562
70 601
70 690
70 716
70 752
70 810
70 962
71 223
71 491
71 561
71 684
71 687
71 733
71 838
71 931
71 974
71 990
72 144
72 236
72 345
72 367
72 472
72 715
72 936
72 971
72 994
73 174
73 213
73 408
73 602
73 636
73 706
73 714
73 790
73 986
74 38
74 127
74 161
74 475
74 693
74 711
74 726
74 742
74 857
74 873
74 951
75 58
75 117
75 134
75 213
75 243
75 298
75 438
75 495
75 595
75 625
75 832
76 15
76 61
76 85
76 149
76 189
76 286
76 304
76 321
76 405
76 669
76 672
76 702
77 72
77 134
77 272
77 309
77 391
77 427
77 448
77 481
77 777
77 865
77 896
77 951
78 125
78 372
78 595
78 646
78 873
78 992
79 199
79 281
79 358
79 531
79 558
80 64
80 83
80 272
80 286
80 457
80 758
80 759
80 923
80 957
81 62
81 73
81 121
81 275
81 303
81 357
81 481
81 543
81 551
81 559
81 564
81 576
81 647
81 720
81 796
81 837
82 235
82 242
82 289
82 502
82 530
82 841
82 846
82 958
83 70
83 160
83 226
83 346
83 471
83 525
83 857
83 871
84 192
84 302
84 474
84 500
84 553
84 594
84 646
84 657
84 772
84 882
84 983
85 61
85 96
85 168
85 169
85 461
85 625
85 668
85 741
85 827
85 851
85 903
85 911
85 951
85 957
86 102
86 309
86 313
86 347
86 599
86 618
86 666
86 695
86 713
86 783
86 818
86 850
86 875
86 918
86 927
87 17
87 299
87 342
87 378
87 485
87 566
87 712
87 761
87 841
87 864
87 921
88 163
88 235
88 372
88 556
88 731
88 781
88 965
89 126
89 260
89 324
89 526
89 723
89 756
89 791
89 806
89 913
89 927
89 983
90 21
90 129
90 188
90 296
90 382
90 440
90 465
90 554
90 605
90 608
90 622
90 791
90 795
90 897
91 139
91 273
91 322
91 386
91 582
91 773
91 795
91 865
91 926
91 935
92 0
92 98
92 407
92 437
93 313
93 404
93 415
93 416
93 548
93 608
93 737
93 963
94 258
94 325
94 398
94 448
94 534
94 540
94 545
94 732
94 885
94 890
95 31
95 211
95 213
95 382
95 435
95 438
95 456
95 521
95 812
95 889
95 922
96 32
96 118
96 123
96 174
96 209
96 219
96 339
96 364
96 458
96 493
96 616
96 754
96 839
96 942
96 995
97 85
97 136
97 193
97 225
97 314
97 427
97 432
97 453
97 511
97 520
97 595
97 651
97 743
97 912
97 920
98 6
98 156
98 624
98 659
98 699
98 915
99 145
99 218
99 244
99 280
99 303
99 335
99 392
99 765
99 960
100 53
100 173
100 233
100 389
100 638
100 775
101 3
101 115
101 461
101 501
101 577
101 609
101 774
101 821
101 837
102 67
102 68
102 96
102 184
102 255
102 269
102 352
102 488
102 575
102 586
102 665
102 925
102 943
103 24
103 352
103 563
103 607
103 619
103 644
103 745
103 836
103 868
103 896
103 946
104 24
104 173
104 324
104 326
104 402
104 486
104 565
104 686
104 730
104 778
104 987
105 153
105 432
105 560
105 575
105 791
105 975
105 991
106 51
106 63
106 249
106 291
106 422
106 579
106 662
106 906
106 920
107 4
107 84
107 172
107 221
107 267
107 358
107 457
107 475
107 851
107 980
108 246
108 439
108 714
108 753
108 846
109 194
109 305
109 338
109 706
109 788
109 998
110 112
110 247
110 295
110 308
110 476
110 588
110 655
110 711
110 719
110 800
111 617
111 694
111 823
111 948
111 975
112 5
112 41
112 90
112 176
112 244
112 268
112 308
112 408
112 503
112 593
112 807
112 834
112 860
112 884
112 951
113 19
113 63
113 138
113 145
113 185
113 206
113 224
113 250
113 375
113 691
113 877
114 137
114 301
114 308
114 429
114 538
114 616
114 791
114 887
114 896
114 963
115 129
115 272
115 400
115 411
115 541
115 870
116 199
116 457
116 539
116 570
116 677
116 712
116 781
116 835
116 848
117 298
117 311
117 558
117 766
117 831
117 944
118 58
118 108
118 426
118 433
118 446
118 459
118 622
118 739
118 755
118 821
118 841
119 155
119 293
119 322
119 577
119 742
119 810
119 959
120 115
120 149
120 217
120 505
120 624
120 626
120 857
121 134
121 157
121 323
121 535
121 865
121 944
121 988
122 91
122 172
122 229
122 307
122 443
122 555
122 619
122 742
122 753
122 805
122 839
122 907
123 136
123 144
123 304
123 553
123 654
123 879
124 32
124 307
124 309
124 322
124 389
124 489
124 634
124 978
125 23
125 39
125 95
125 108
125 188
125 338
125 568
125 592
125 743
125 844
125 922
126 35
126 147
126 201
126 255
126 299
126 323
126 414
126 472
126 519
126 563
126 579
126 650
126 694
126 704
126 786
126 850
126 900
126 986
127 140
127 207
127 257
127 427
127 464
127 550
127 715
127 853
127 926
128 22
128 51
128 97
128 200
128 256
128 303
128 465
128 511
128 530
128 706
128 780
128 913
129 180
129 196
129 531
129 707
129 791
129 919
129 935
130 197
130 205
130 386
130 402
130 457
130 491
130 609
130 631
130 634
130 641
130 795
130 923
130 941
131 127
131 182
131 387
131 477
131 519
131 532
132 357
132 371
132 443
132 593
132 677
132 700
132 777
132 794
133 9
133 190
133 523
133 611
133 755
133 767
133 847
134 248
134 443
134 476
134 555
134 595
134 607
134 656
134 769
135 57
135 73
135 265
135 352
135 363
135 432
135 479
135 782
135 842
136 16
136 344
136 378
136 504
136 673
136 823
137 20
137 45
137 146
137 203
137 234
137 275
137 312
137 705
137 738
137 791
137 903
138 204
138 312
138 816
138 850
139 137
139 246
139 453
139 626
139 640
139 703
139 752
139 805
139 839
139 981
139 984
139 990
140 105
140 355
140 374
140 419
140 422
140 466
140 480
140 547
140 793
140 974
141 16
141 65
141 146
141 205
141 379
141 593
141 624
141 669
141 731
141 878
141 933
141 949
142 140
142 141
142 148
142 456
142 472
142 479
142 494
142 559
142 571
142 598
142 600
142 661
142 742
142 886
142 895
142 930
142 968
143 142
143 207
143 218
143 319
143 358
143 379
143 551
143 606
143 616
143 646
143 662
143 768
143 888
143 962
144 98
144 242
144 292
144 484
144 741
144 944
145 0
145 5
145 29
145 38
145 64
145 243
145 306
145 372
145 434
145 570
145 578
145 761
145 853
145 862
145 937
145 990
146 35
146 253
146 347
146 381
146 544
146 812
146 911
147 25
147 79
147 130
147 181
147 279
147 383
147 593
147 658
147 751
147 815
147 885
148 21
148 41
148 196
148 231
148 264
148 270
148 364
148 437
148 451
148 511
148 561
148 614
148 644
148 769
148 792
148 906
149 103
149 175
149 460
149 751
149 898
149 912
149 935
149 997
150 32
150 133
150 152
150 173
150 179
150 348
150 499
150 655
151 198
151 388
151 461
151 734
151 992
151 994
152 114
152 122
152 245
152 443
152 467
152 670
152 754
152 930
152 933
153 141
153 155
153 395
153 413
153 467
154 277
154 318
154 355
154 389
154 399
154 407
154 512
154 746
154 748
154 802
154 870
155 110
155 150
155 350
155 365
155 369
155 769
155 798
155 953
156 58
156 165
156 184
156 525
156 749
156 795
156 847
156 991
157 41
157 101
157 278
157 504
157 542
157 544
157 562
157 764
157 881
157 888
157 922
157 946
157 960
158 17
158 39
158 82
158 132
158 169
158 280
158 380
158 460
158 490
158 796
158 848
158 869
159 164
159 180
159 269
159 582
159 887
159 918
160 224
160 242
160 367
160 422
160 596
160 635
160 712
160 733
160 739
160 770
160 789
160 823
160 894
160 940
161 169
161 180
161 306
161 354
161 372
161 473
161 866
161 872
162 48
162 145
162 157
162 167
162 222
162 305
162 461
162 603
162 697
162 765
162 822
162 903
163 43
163 262
163 561
163 633
163 659
163 688
163 714
163 799
163 879
163 987
164 14
164 279
164 422
164 595
164 700
164 749
164 840
164 853
165 3
165 140
165 146
165 409
165 550
165 663
165 669
165 702
165 711
165 810
165 814
165 968
166 109
166 151
166 308
166 392
166 461
166 596
166 622
166 771
166 875
166 876
166 948
166 979
166 995
167 100
167 157
167 169
167 238
167 321
167 408
167 421
167 488
167 521
167 583
167 883
168 166
168 330
168 444
168 564
168 565
168 660
168 753
168 874
168 900
169 58
169 172
169 347
169 360
169 414
169 463
169 656
169 787
169 798
169 894
169 960
169 979
170 133
170 163
170 248
170 480
170 488
170 679
170 705
170 774
170 828
171 86
171 115
171 241
171 410
171 460
171 779
171 805
172 15
172 71
172 271
172 307
172 346
172 915
172 919
173 126
173 133
173 175
173 367
173 378
173 439
173 461
173 464
173 465
173 482
173 492
173 537
173 616
173 656
173 697
173 908
173 927
173 938
173 959
174 179
174 291
174 715
174 789
174 907
175 4
175 72
175 98
175 286
175 325
175 353
175 358
175 481
175 560
175 806
176 199
176 248
176 330
176 387
176 402
176 615
176 952
176 967
177 72
177 185
177 236
177 341
177 559
177 563
177 640
177 715
177 836
177 851
177 887
177 897
178 28
178 80
178 416
178 617
178 663
178 901
178 974
179 164
179 214
179 286
179 287
179 337
179 436
179 462
179 476
179 529
179 762
179 949
179 952
179 953
180 60
180 243
180 458
180 462
180 655
180 784
181 56
181 295
181 546
181 842
181 874
181 911
181 931
182 22
182 52
182 68
182 113
182 360
182 391
182 534
182 621
182 674
182 998
183 66
183 151
183 244
183 257
183 792
183 814
184 92
184 127
184 162
184 224
184 247
184 279
184 287
184 395
184 428
184 661
184 662
184 719
184 772
185 121
185 201
185 261
185 476
185 552
185 827
186 113
186 125
186 284
186 385
186 418
186 509
186 542
186 555
186 570
186 767
186 805
186 841
186 963
186 988
187 287
187 321
187 324
187 395
187 850
187 928
188 75
188 162
188 303
188 309
188 475
188 596
188 799
188 809
188 954
189 126
189 224
189 243
189 401
189 534
189 545
189 652
189 810
189 900
189 974
190 277
190 401
190 426
190 496
190 503
190 513
190 603
190 635
190 709
190 855
190 871
190 898
190 999
191 107
191 139
191 228
191 239
191 287
191 352
191 415
191 721
191 839
191 854
191 908
192 28
192 302
192 407
192 459
192 494
192 678
192 799
192 852
192 946
193 36
193 67
193 99
193 204
193 524
193 691
194 80
194 137
194 139
194 182
194 270
194 410
194 418
194 441
194 653
194 699
194 846
194 883
195 185
195 243
195 363
195 366
195 459
195 712
195 719
195 723
195 830
195 900
195 907
196 89
196 90
196 118
196 128
196 220
196 331
196 375
196 396
196 622
196 754
196 786
196 923
197 201
197 336
197 419
197 752
197 896
197 908
197 970
198 73
198 146
198 196
198 207
198 262
199 1
199 100
199 120
199 160
199 261
199 264
199 381
199 472
199 519
199 599
199 622
199 673
199 717
199 990
200 53
200 166
200 554
200 720
200 964
201 140
201 167
201 250
201 508
201 532
201 831
201 918
201 962
202 203
202 323
202 406
202 416
202 420
202 475
202 591
202 744
202 747
202 855
202 879
203 101
203 192
203 258
203 301
203 368
203 714
203 743
203 884
204 145
204 244
204 457
204 472
204 595
204 607
204 615
204 620
204 720
204 721
204 850
204 852
204 894
204 936
204 939
205 169
205 252
205 262
205 341
205 383
205 435
205 563
206 22
206 91
206 180
206 318
206 569
206 682
206 707
207 16
207 141
207 173
207 277
207 322
207 352
207 600
207 672
207 695
207 851
207 912
208 158
208 160
208 298
208 463
208 638
208 810
208 929
209 164
209 332
209 343
209 445
209 484
209 518
209 609
209 832
209 879
209 989
210 114
210 119
210 152
210 159
210 207
210 275
210 443
210 484
210 601
210 893
210 961
211 5
211 67
211 88
211 96
211 97
211 131
211 155
211 260
211 729
211 850
211 908
212 132
212 154
212 171
212 179
212 311
212 583
212 632
212 690
212 727
212 751
212 883
212 967
212 970
213 84
213 128
213 142
213 261
213 305
213 635
213 705
213 751
214 145
214 229
214 280
214 415
214 651
214 836
214 852
214 869
215 115
215 142
215 406
215 440
215 629
215 702
215 767
215 826
216 143
216 144
216 180
216 271
216 305
216 392
216 447
216 522
216 716
216 732
216 994
217 18
217 308
217 403
217 582
217 654
217 665
217 771
217 880
218 452
218 489
218 707
218 747
218 781
218 875
218 906
218 908
219 122
219 228
219 239
219 433
219 437
219 538
219 833
219 898
219 957
220 117
220 147
220 190
220 286
220 316
220 337
220 374
220 420
220 524
220 535
220 603
220 628
220 635
220 674
220 757
220 979
220 993
221 267
221 295
221 347
221 533
221 568
221 655
221 680
221 783
221 915
222 59
222 163
222 337
222 634
222 698
222 887
223 141
223 173
223 400
223 483
223 533
223 649
223 688
223 825
223 886
223 978
223 998
224 192
224 203
224 355
224 391
224 459
224 589
224 592
224 597
224 762
224 806
225 8
225 70
225 227
225 259
225 585
226 4
226 75
226 152
226 411
226 414
226 503
226 550
226 588
226 734
226 740
226 861
226 885
227 67
227 81
227 116
227 160
227 312
227 341
227 664
227 668
227 672
227 704
227 839
227 876
227 884
228 15
228 45
228 80
228 88
228 112
228 120
228 163
228 200
228 260
228 272
228 292
228 321
228 418
228 525
228 916
228 918
229 9
229 66
229 269
229 391
229 439
229 557
229 694
229 825
229 974
230 56
230 60
230 327
230 359
230 369
230 476
230 554
230 719
230 735
230 799
230 823
230 891
230 902
230 966
230 994
231 12
231 28
231 71
231 95
231 148
231 166
231 446
231 701
231 856
232 187
232 258
232 263
232 379
232 403
232 446
232 511
232 597
232 604
232 733
232 743
232 950
233 54
233 102
233 607
233 621
233 771
234 244
234 296
234 705
234 773
234 785
234 839
235 26
235 157
235 197
235 330
235 361
235 457
235 523
235 650
235 751
235 844
235 848
235 886
235 940
235 964
236 39
236 254
236 358
236 412
236 515
236 701
236 859
236 870
236 874
236 904
236 992
237 66
237 141
237 200
237 304
237 472
237 712
237 819
237 826
237 997
238 169
238 375
238 414
238 470
238 536
238 568
238 581
238 694
238 758
239 155
239 344
239 495
239 540
239 625
239 749
239 815
239 922
240 11
240 37
240 127
240 145
240 273
240 466
240 577
240 641
240 675
240 736
240 786
240 932
240 939
241 103
241 173
241 381
241 402
241 563
241 646
241 770
241 805
241 823
241 832
241 859
241 946
242 106
242 388
242 556
242 580
242 616
242 641
242 732
242 828
243 111
243 145
243 204
243 413
243 431
243 635
243 691
243 765
243 777
243 786
243 788
243 832
243 839
243 935
244 9
244 146
244 184
244 313
244 373
244 393
244 419
244 965
245 1
245 134
245 147
245 409
245 764
246 20
246 270
246 366
246 409
246 577
246 674
246 677
246 743
246 784
246 814
246 830
246 897
246 936
246 962
247 9
247 223
247 256
247 343
247 465
247 771
248 32
248 126
248 133
248 478
248 608
248 901
249 15
249 53
249 122
249 127
249 149
249 284
249 378
249 462
249 536
249 587
249 633
249 651
249 668
249 690
249 763
249 799
249 990
250 234
250 244
250 298
250 443
250 606
250 657
250 715
250 793
250 873
251 233
251 307
251 354
251 369
251 422
251 554
251 701
251 704
251 820
251 866
251 874
252 126
252 166
252 184
252 275
252 575
252 657
252 668
252 748
252 997
253 28
253 120
253 167
253 210
253 235
253 260
253 335
253 840
253 945
254 28
254 179
254 390
254 402
254 532
254 544
254 628
254 746
254 765
254 891
255 28
255 62
255 147
255 158
255 180
255 237
255 495
255 664
255 763
255 781
255 808
256 3
256 362
256 831
256 953
257 6
257 9
257 127
257 220
257 303
257 317
257 320
257 394
257 487
257 561
257 582
257 639
257 767
257 948
257 982
257 997
258 91
258 326
258 335
258 443
258 668
258 749
258 916
258 943
259 56
259 132
259 218
259 251
259 312
259 340
259 416
259 445
259 508
259 750
259 897
260 28
260 43
260 276
260 518
260 526
260 548
260 565
260 697
260 704
260 764
260 780
260 782
261 41
261 43
261 94
261 200
261 637
261 663
261 844
262 38
262 111
262 177
262 213
262 347
262 399
262 440
262 461
262 474
262 520
262 632
262 690
262 702
262 887
262 902
262 946
263 200
263 264
263 277
263 481
263 762
264 1
264 32
264 221
264 332
264 476
264 656
265 363
265 397
265 412
265 448
265 527
265 682
265 931
266 204
266 215
266 226
266 580
266 652
266 737
266 901
266 927
267 22
267 157
267 197
267 341
267 446
267 617
268 27
268 40
268 171
268 187
268 377
268 430
268 503
268 651
268 889
268 893
268 950
269 3
269 4
269 33
269 46
269 352
269 364
269 428
269 567
269 573
269 628
269 790
269 837
269 877
270 38
270 122
270 383
270 497
270 586
270 614
270 700
270 758
270 835
270 900
271 67
271 96
271 253
271 444
271 495
271 566
271 608
271 750
271 834
271 847
271 894
271 933
272 163
272 232
272 235
272 391
272 399
272 528
272 553
272 673
272 694
272 766
272 930
272 966
272 969
273 95
273 188
273 231
273 435
273 560
273 857
273 960
274 167
274 294
274 318
274 357
274 525
274 623
274 647
274 761
274 803
274 878
275 312
275 393
275 406
275 778
275 877
275 963
276 193
276 254
276 282
276 324
276 493
276 601
276 799
277 4
277 176
277 380
277 385
277 429
277 609
277 629
277 644
277 683
277 693
277 921
277 931
278 113
278 160
278 316
278 321
278 482
278 498
279 108
279 114
279 146
279 210
279 248
279 465
279 468
279 529
279 566
279 576
279 612
279 627
279 845
279 852
279 877
280 17
280 39
280 251
280 331
280 474
280 492
280 634
280 638
280 651
280 945
281 12
281 17
281 23
281 122
281 213
281 630
281 897
282 202
282 331
282 540
282 570
282 682
282 691
282 758
282 811
282 839
282 862
282 875
283 41
283 148
283 296
283 436
283 443
283 688
283 691
283 835
283 907
284 2
284 105
284 241
284 265
284 380
284 528
284 551
284 602
284 721
284 750
284 814
284 833
285 94
285 96
285 188
285 280
285 351
285 495
285 540
285 560
285 759
285 861
285 865
285 891
285 939
285 942
286 56
286 87
286 88
286 147
286 349
286 468
286 624
286 651
287 65
287 282
287 372
287 394
287 790
287 924
287 952
288 113
288 290
288 454
288 586
288 710
288 805
288 944
288 967
289 126
289 148
289 204
289 264
289 282
289 327
289 358
289 439
289 587
289 640
289 907
290 172
290 235
290 303
290 359
290 455
290 839
290 965
290 972
291 4
291 24
291 152
291 265
291 286
291 327
291 397
291 436
291 471
291 636
291 764
291 767
291 904
291 912
292 26
292 75
292 88
292 236
292 434
292 527
292 806
292 860
292 970
293 76
293 100
293 111
293 175
293 201
293 541
293 713
293 848
294 61
294 103
294 284
294 348
294 378
294 389
294 411
294 460
294 562
294 624
294 682
294 871
294 887
294 955
295 288
295 338
295 359
295 431
295 563
295 828
295 860
295 957
295 958
296 85
296 273
296 275
296 374
296 437
296 451
296 664
296 765
296 864
296 896
296 918
297 119
297 145
297 187
297 303
297 561
297 582
297 737
298 180
298 234
298 287
298 395
298 495
298 523
298 532
298 545
298 675
298 790
299 132
299 338
299 440
299 447
299 471
299 537
299 589
299 604
299 722
299 758
299 783
299 786
299 811
299 996
300 141
300 144
300 285
300 448
300 606
300 762
300 778
300 829
300 861
300 894
300 917
300 939
300 986
301 76
301 112
301 191
301 373
301 396
301 401
301 802
301 852
301 961
302 88
302 236
302 248
302 295
302 334
302 770
302 872
302 912
302 944
302 987
303 125
303 334
303 643
303 758
303 846
303 889
303 937
304 30
304 137
304 143
304 250
304 267
304 514
304 583
304 703
304 781
304 811
305 340
305 357
305 383
305 812
306 52
306 113
306 136
306 163
306 189
306 194
306 426
306 749
306 896
306 897
307 70
307 71
307 160
307 329
307 408
307 512
307 516
307 536
307 733
307 760
307 777
307 780
307 827
307 846
307 884
307 940
307 969
308 202
308 345
308 401
308 535
308 619
308 649
308 696
308 823
308 845
308 970
308 993
309 30
309 142
309 159
309 227
309 288
309 308
309 563
309 679
309 805
309 836
309 861
310 14
310 135
310 253
310 274
310 294
310 422
310 427
310 451
310 459
310 698
310 758
310 830
311 101
311 135
311 231
311 236
311 337
311 359
311 479
311 481
311 540
311 672
311 790
311 791
312 33
312 61
312 219
312 220
312 276
312 382
312 578
312 686
313 6
313 24
313 219
313 365
313 373
313 395
313 553
313 657
313 741
313 923
313 942
314 33
314 171
314 398
314 574
314 607
314 750
314 814
314 816
314 866
314 913
315 22
315 203
315 236
315 308
315 318
315 461
315 596
315 961
316 154
316 318
316 443
316 456
316 535
316 598
316 644
316 661
316 843
316 904
316 977
317 119
317 121
317 138
317 193
317 457
317 516
317 704
317 812
318 72
318 342
318 455
318 499
318 523
318 584
318 627
318 757
318 899
319 88
319 153
319 273
319 295
319 325
319 482
319 485
319 627
319 774
319 854
320 178
320 507
320 568
320 573
320 679
320 722
320 865
321 204
321 445
321 538
321 608
321 626
321 650
321 651
321 684
321 862
321 977
322 3
322 51
322 143
322 152
322 236
322 289
322 301
322 383
322 547
322 549
322 683
322 734
322 746
322 881
322 922
322 952
323 152
323 165
323 183
323 230
323 472
323 702
323 824
323 848
323 921
323 959
324 117
324 138
324 262
324 264
324 346
324 496
324 497
324 717
324 724
324 805
324 860
324 882
325 113
325 182
325 296
325 455
325 564
325 578
325 721
325 806
326 103
326 166
326 602
326 653
326 733
326 751
326 785
326 873
326 964
326 969
327 13
327 82
327 163
327 226
327 294
327 374
327 555
327 651
328 359
328 512
328 561
328 584
328 785
328 799
329 15
329 53
329 136
329 316
329 319
329 475
329 480
329 481
329 575
329 588
329 731
329 812
329 837
329 941
330 44
330 196
330 199
330 299
330 380
330 564
330 747
330 812
330 994
331 26
331 113
331 169
331 199
331 410
331 428
331 582
331 608
331 707
331 730
331 760
331 811
331 905
332 61
332 376
332 421
332 507
332 620
332 699
332 712
332 762
332 900
333 20
333 27
333 472
333 514
333 673
333 949
334 39
334 178
334 266
334 415
334 453
334 671
334 689
334 772
335 13
335 33
335 235
335 292
335 346
335 355
335 422
335 549
335 629
335 656
335 658
335 692
335 817
335 836
336 86
336 207
336 236
336 288
336 322
336 468
336 522
336 552
336 636
336 738
336 763
336 867
336 872
336 904
336 970
336 979
337 162
337 233
337 245
337 381
337 452
337 465
337 486
337 685
337 713
337 817
337 852
338 49
338 116
338 215
338 359
338 415
338 501
338 520
338 534
338 626
338 663
338 708
338 795
339 111
339 181
339 226
339 250
339 251
339 475
339 604
339 640
339 915
339 938
340 231
340 287
340 406
340 529
340 603
340 729
340 789
340 827
340 870
340 956
341 24
341 207
341 489
341 519
341 613
341 712
341 778
341 965
342 179
342 185
342 304
342 415
342 420
342 500
342 590
342 687
342 883
342 989
343 162
343 441
343 615
343 769
343 782
343 816
343 896
343 906
344 64
344 172
344 358
344 418
344 436
344 503
344 753
344 946
345 2
345 97
345 190
345 273
345 360
345 447
345 494
345 546
345 570
345 649
345 674
345 706
345 742
345 878
345 931
345 946
346 33
346 215
346 387
346 425
346 471
346 610
346 715
346 772
347 135
347 205
347 316
347 410
347 435
347 483
347 524
347 530
347 668
347 798
347 812
347 843
348 38
348 261
348 267
348 286
348 458
348 494
348 576
348 590
348 644
348 814
348 821
348 935
349 36
349 67
349 159
349 161
349 210
349 417
349 503
349 530
349 604
349 618
349 651
349 760
349 982
350 119
350 179
350 188
350 205
350 256
350 263
350 579
350 609
350 625
350 686
350 780
350 786
350 931
351 4
351 92
351 101
351 250
351 287
351 373
351 424
351 476
351 481
351 486
351 716
351 935
352 229
352 338
352 438
352 479
352 493
352 632
352 669
352 849
352 932
353 58
353 120
353 151
353 218
353 265
353 323
353 361
353 418
353 493
353 585
353 596
353 654
353 689
353 772
353 787
354 45
354 270
354 383
354 742
354 861
355 45
355 249
355 328
355 335
355 649
355 703
355 857
355 875
355 906
355 976
356 116
356 117
356 142
356 180
356 310
356 376
356 417
356 476
356 502
356 516
356 533
356 632
356 714
356 948
357 8
357 39
357 157
357 193
357 241
357 245
357 328
357 401
357 488
357 491
357 524
357 534
357 944
357 976
358 65
358 70
358 88
358 430
358 432
358 523
358 564
358 577
358 588
358 694
358 714
358 718
358 745
358 781
358 810
358 824
358 855
358 860
358 872
358 951
359 205
359 284
359 336
359 341
359 344
359 365
359 458
359 729
359 982
360 263
360 266
360 272
360 535
360 718
360 807
360 892
361 255
361 386
361 430
361 836
362 39
362 111
362 213
362 489
362 572
362 753
362 788
363 337
363 398
363 414
363 505
363 786
363 803
363 913
363 991
364 386
364 459
364 510
364 539
364 659
365 72
365 77
365 154
365 197
365 221
365 223
365 313
365 427
365 452
365 693
365 746
365 854
365 889
366 10
366 24
366 47
366 48
366 546
366 613
366 664
366 791
366 806
366 936
367 287
367 364
367 366
367 482
367 542
367 626
368 54
368 113
368 358
368 405
368 506
368 592
368 632
368 828
368 875
369 40
369 406
369 505
369 605
369 630
369 664
369 691
369 714
369 976
369 998
370 58
370 73
370 158
370 201
370 322
370 359
370 389
370 393
370 615
370 687
370 747
371 114
371 215
371 286
371 422
371 460
371 561
371 612
371 769
372 56
372 180
372 227
372 330
372 338
372 349
372 518
372 653
372 729
372 866
372 897
372 962
373 200
373 254
373 629
373 811
373 971
374 102
374 124
374 166
374 207
374 293
374 398
374 433
374 554
374 609
374 720
374 815
374 920
374 951
375 317
375 429
375 441
375 802
375 832
375 886
375 887
376 31
376 59
376 153
376 339
376 437
376 600
376 686
376 749
377 115
377 122
377 164
377 468
377 473
377 639
377 743
377 797
377 826
377 907
377 998
378 131
378 194
378 209
378 354
378 445
378 550
378 593
378 637
378 725
378 758
378 844
378 846
378 858
379 71
379 212
379 281
379 320
379 503
379 919
379 945
379 982
380 176
380 498
380 587
380 599
380 631
380 645
380 664
380 714
380 723
380 934
381 134
381 305
381 312
381 516
381 526
381 613
381 615
381 715
382 21
382 102
382 153
382 197
382 208
382 214
382 439
382 491
382 501
382 570
382 741
382 817
382 845
382 850
382 962
383 309
383 371
383 404
383 444
383 453
383 492
383 630
383 819
383 820
383 876
383 895
383 961
383 989
384 84
384 89
384 180
384 190
384 357
384 444
384 451
384 457
384 624
385 78
385 83
385 98
385 112
385 190
385 260
385 275
385 288
385 509
385 596
385 649
385 832
385 841
385 864
386 53
386 160
386 208
386 411
386 621
386 740
386 773
387 122
387 195
387 375
387 382
387 414
387 442
387 534
387 632
387 804
387 868
388 9
388 291
388 395
388 459
388 520
388 560
388 596
388 797
388 817
388 960
389 77
389 170
389 285
389 396
389 641
389 708
389 715
389 812
389 863
389 940
389 952
390 258
390 290
390 371
390 443
390 694
390 707
390 859
390 863
390 943
391 51
391 256
391 453
391 500
391 535
391 543
391 612
391 651
391 665
392 62
392 67
392 346
392 347
392 427
392 522
392 594
392 629
392 634
392 659
392 783
392 973
393 23
393 285
393 420
393 442
393 513
393 556
393 594
393 700
393 741
393 845
393 848
393 952
394 69
394 89
394 139
394 282
394 625
394 955
395 107
395 192
395 421
395 617
395 643
395 647
395 656
395 772
395 777
395 864
395 927
395 931
396 87
396 241
396 278
396 511
396 649
396 674
396 797
396 886
396 922
396 964
397 119
397 220
397 303
397 613
397 677
397 721
397 836
397 904
398 48
398 83
398 150
398 208
398 366
398 435
398 507
398 612
398 620
398 669
398 714
398 728
398 987
399 253
399 321
399 485
399 645
399 684
399 836
399 891
399 966
400 14
400 246
400 372
400 416
400 519
400 668
400 900
400 975
401 18
401 39
401 99
401 134
401 215
401 248
401 260
401 411
401 498
401 648
401 690
401 767
401 854
401 900
401 955
402 9
402 254
402 401
402 518
402 559
402 701
402 830
402 962
403 24
403 216
403 280
403 435
403 560
403 705
403 762
403 771
403 834
404 25
404 98
404 160
404 411
404 527
404 562
404 624
404 911
404 935
404 994
405 139
405 157
405 160
405 489
405 631
405 679
405 690
405 714
405 938
405 998
406 86
406 100
406 151
406 209
406 427
406 703
406 735
406 960
406 992
407 210
407 324
407 464
407 568
407 615
407 659
407 811
407 902
407 923
407 927
407 943
408 57
408 147
408 313
408 532
408 718
408 804
408 829
409 13
409 97
409 178
409 286
409 320
409 362
409 398
409 519
409 526
409 564
409 710
409 997
410 72
410 80
410 313
410 463
410 508
410 530
410 606
410 974
411 157
411 163
411 260
411 281
411 428
411 534
411 555
411 607
411 691
411 740
411 864
411 921
412 65
412 170
412 583
412 628
412 728
412 810
412 832
413 239
413 276
413 518
413 582
413 591
413 660
413 686
413 834
413 872
414 10
414 41
414 63
414 96
414 331
414 390
414 480
414 530
414 699
414 885
414 927
415 50
415 198
415 203
415 207
415 267
415 400
415 606
415 626
415 640
415 897
415 970
416 51
416 129
416 469
416 488
416 720
416 946
417 6
417 34
417 132
417 166
417 228
417 304
417 402
417 452
417 544
417 560
417 566
417 586
417 723
417 728
417 860
417 909
417 955
418 20
418 87
418 141
418 342
418 351
418 488
418 551
418 588
418 645
418 797
418 925
418 953
419 218
419 330
419 397
419 403
419 638
419 655
419 683
419 867
419 923
420 9
420 31
420 64
420 156
420 410
420 466
420 642
420 663
420 667
420 671
420 691
421 30
421 141
421 143
421 338
421 618
421 621
421 645
421 949
421 969
421 982
422 274
422 326
422 356
422 735
422 754
422 817
422 839
423 24
423 100
423 125
423 198
423 213
423 508
423 509
423 538
423 570
423 763
423 889
424 3
424 15
424 36
424 66
424 107
424 126
424 299
424 359
424 414
424 463
424 486
424 528
424 538
424 556
424 600
424 866
424 932
424 947
425 83
425 210
425 268
425 423
425 441
425 483
425 781
425 830
425 862
425 892
425 928
426 262
426 294
426 350
426 396
426 448
426 455
426 490
426 533
426 547
426 562
426 707
426 877
426 898
427 9
427 240
427 430
427 463
427 491
427 541
427 593
427 770
427 895
428 31
428 86
428 275
428 314
428 472
428 652
428 922
429 14
429 125
429 425
429 505
429 603
429 938
429 945
430 237
430 349
430 455
430 779
431 16
431 202
431 231
431 739
431 813
431 894
431 907
431 945
431 979
432 40
432 41
432 60
432 73
432 285
432 369
432 431
432 435
432 451
432 579
432 587
432 617
432 672
432 905
433 87
433 89
433 241
433 277
433 302
433 314
433 499
433 558
433 632
433 663
433 713
433 942
434 58
434 100
434 104
434 326
434 427
434 559
434 599
434 707
434 786
434 830
434 872
434 886
434 920
434 967
435 109
435 138
435 211
435 415
435 526
435 705
435 746
435 751
435 765
435 811
436 24
436 66
436 196
436 241
436 320
436 478
436 494
436 708
436 933
436 955
437 71
437 80
437 118
437 138
437 270
437 359
437 532
437 597
437 617
437 746
437 878
437 982
438 17
438 100
438 319
438 355
438 604
438 792
438 828
439 213
439 310
439 464
439 478
439 581
439 650
439 946
440 58
440 154
440 222
440 425
440 532
440 622
440 675
440 741
440 785
440 868
440 942
440 991
441 111
441 135
441 151
441 292
441 310
441 408
441 614
441 631
441 659
441 760
441 812
441 842
441 900
442 21
442 230
442 362
442 523
442 817
442 893
442 927
443 77
443 101
443 222
443 488
443 620
443 654
443 810
443 937
443 998
444 37
444 101
444 194
444 447
444 465
444 506
444 546
444 559
444 852
444 864
445 83
445 158
445 169
445 270
445 317
445 506
445 508
445 575
445 643
445 669
445 674
445 810
446 14
446 305
446 429
446 434
446 699
446 703
446 851
447 119
447 127
447 128
447 143
447 150
447 189
447 371
447 465
447 552
447 671
447 930
448 135
448 225
448 315
448 434
448 544
448 636
448 675
448 714
448 743
449 19
449 69
449 235
449 410
449 638
449 750
449 824
449 916
450 7
450 20
450 56
450 138
450 303
450 379
450 499
450 608
450 609
450 797
450 863
450 891
451 82
451 377
451 378
451 435
451 580
451 593
451 669
451 742
451 770
451 837
451 842
451 983
451 984
452 39
452 123
452 133
452 222
452 270
452 554
452 592
452 815
452 905
453 205
453 224
453 347
453 482
453 704
453 725
453 799
453 830
453 844
453 855
453 867
453 972
454 17
454 33
454 35
454 62
454 84
454 123
454 161
454 696
454 808
454 819
455 59
455 86
455 369
455 499
455 595
455 627
455 750
455 756
455 817
455 911
455 970
455 971
456 79
456 114
456 140
456 509
456 566
456 704
456 768
456 914
456 952
457 2
457 54
457 67
457 148
457 377
457 428
457 577
457 615
457 831
457 850
457 930
458 153
458 160
458 272
458 502
458 597
458 700
458 739
458 774
458 887
458 890
459 94
459 141
459 345
459 395
459 419
459 863
460 22
460 60
460 88
460 465
460 511
460 544
460 614
460 671
460 700
460 825
460 900
460 941
461 39
461 98
461 109
461 130
461 210
461 434
461 446
461 564
461 627
461 667
461 774
462 326
462 421
462 593
462 594
462 796
462 854
462 876
463 61
463 109
463 243
463 263
463 308
463 545
463 585
463 722
463 867
464 67
464 100
464 239
464 349
464 550
464 885
465 158
465 163
465 186
465 215
465 250
465 353
465 845
465 922
466 37
466 236
466 695
466 968
466 991
467 179
467 244
467 257
467 316
467 363
467 686
467 705
467 718
467 781
467 818
467 828
467 921
468 13
468 27
468 56
468 125
468 131
468 383
468 406
468 412
468 416
468 503
468 585
468 614
468 659
468 674
468 760
468 781
468 911
469 134
469 151
469 292
469 304
469 313
469 403
469 414
469 458
469 514
469 548
469 628
469 677
469 778
469 831
469 905
470 217
470 554
470 744
470 751
471 269
471 309
471 503
471 916
471 997
472 24
472 181
472 595
472 664
472 728
472 755
472 982
473 262
473 278
473 322
473 350
473 608
473 805
473 891
473 928
473 935
474 108
474 140
474 145
474 222
474 349
474 389
474 469
474 540
474 667
474 714
474 884
475 203
475 239
475 371
475 379
475 439
475 602
475 630
475 649
475 761
475 828
475 871
475 924
475 938
476 198
476 207
476 251
476 262
476 326
476 533
476 563
476 567
476 620
476 623
476 644
476 685
476 692
476 726
476 883
476 911
476 939
476 944
476 992
477 206
477 276
477 451
477 465
477 505
477 521
477 594
477 730
477 745
477 902
478 1
478 79
478 498
478 499
478 512
478 589
478 610
478 658
478 676
478 716
478 833
478 893
479 22
479 231
479 545
479 670
479 852
480 65
480 265
480 282
480 468
480 617
480 638
480 764
480 776
480 949
481 14
481 172
481 223
481 244
481 317
481 327
481 454
481 471
481 528
481 716
481 757
481 828
481 843
481 899
482 86
482 194
482 480
482 817
482 854
482 866
482 924
482 946
483 53
483 195
483 434
483 540
483 571
483 607
483 763
483 951
484 80
484 153
484 203
484 255
484 324
484 363
484 386
484 452
484 586
484 732
484 826
484 966
484 967
485 141
485 142
485 201
485 207
485 419
485 428
485 534
485 553
485 652
485 736
485 952
486 9
486 210
486 245
486 281
486 302
486 306
486 315
486 411
486 414
486 428
486 587
486 848
486 883
486 920
487 178
487 234
487 238
487 385
487 436
487 691
487 795
488 173
488 186
488 225
488 258
488 338
488 542
488 616
488 618
489 161
489 415
489 441
489 500
489 516
489 635
489 764
489 842
489 893
490 84
490 299
490 395
490 476
490 604
490 709
490 721
490 750
490 877
490 979
491 13
491 14
491 42
491 210
491 342
491 379
491 457
491 553
491 577
491 609
491 722
491 772
491 858
491 867
491 961
492 141
492 219
492 316
492 359
492 435
492 445
492 547
492 572
492 580
492 686
492 855
492 886
493 2
493 19
493 180
493 327
493 358
493 527
493 931
493 970
493 998
494 16
494 433
494 591
494 977
495 108
495 289
495 316
495 385
495 464
495 781
495 796
495 887
496 17
496 166
496 184
496 231
496 297
496 317
496 338
496 464
496 465
496 527
496 576
496 938
497 56
497 81
497 103
497 130
497 151
497 235
497 310
497 411
497 711
497 790
497 801
497 827
497 882
497 968
498 62
498 324
498 484
498 700
498 749
498 797
498 954
499 174
499 183
499 203
499 228
499 264
499 496
499 828
499 984
499 987
500 59
500 163
500 179
500 217
500 294
500 305
500 370
500 401
500 483
500 641
500 807
501 49
501 73
501 91
501 151
501 187
501 389
501 394
501 502
501 504
501 598
501 666
501 709
501 769
501 815
501 953
502 40
502 42
502 131
502 297
502 334
502 388
502 397
502 520
502 541
502 584
502 695
502 728
502 810
502 823
502 887
503 91
503 95
503 108
503 127
503 226
503 412
503 555
503 774
503 833
503 865
503 913
504 179
504 347
504 388
504 434
504 686
504 719
504 799
504 853
504 861
504 865
505 137
505 138
505 241
505 248
505 347
505 368
505 406
505 417
505 537
505 539
505 553
505 704
505 719
505 751
505 915
506 104
506 160
506 249
506 308
506 324
506 386
506 396
506 417
506 459
506 489
506 798
506 878
507 6
507 189
507 493
507 703
507 958
507 967
507 969
507 986
508 144
508 531
508 576
508 732
508 840
508 932
509 172
509 226
509 233
509 506
509 516
509 618
509 746
509 999
510 110
510 213
510 258
510 333
510 497
510 550
510 621
510 709
510 935
510 965
510 998
511 83
511 132
511 145
511 191
511 203
511 284
511 319
511 334
511 634
511 844
511 985
512 73
512 78
512 126
512 171
512 195
512 316
512 462
512 619
512 680
512 771
512 881
512 939
513 59
513 198
513 307
513 340
513 431
513 904
513 955
513 991
514 110
514 178
514 225
514 236
514 298
514 321
514 328
514 683
514 699
515 237
515 298
515 400
515 680
515 718
515 755
515 760
515 946
516 107
516 277
516 400
516 465
516 568
516 645
516 657
516 670
516 733
516 788
516 948
517 153
517 276
517 293
517 325
517 432
517 433
517 638
517 729
517 760
517 955
518 67
518 245
518 472
518 597
518 615
518 723
519 23
519 223
519 288
519 477
519 586
519 693
520 131
520 600
520 774
520 777
520 780
520 807
520 886
521 324
521 338
521 516
521 725
521 757
521 862
521 864
521 930
522 104
522 150
522 259
522 261
522 278
522 371
522 508
522 605
522 734
522 741
522 856
523 83
523 88
523 612
523 666
523 875
523 877
523 974
523 983
524 168
524 343
524 351
524 576
524 626
524 647
524 672
524 772
524 962
525 35
525 36
525 67
525 93
525 270
525 438
525 485
525 678
525 775
525 792
525 832
525 872
526 4
526 27
526 41
526 75
526 112
526 155
526 207
526 252
526 398
526 489
526 652
526 812
526 990
527 47
527 77
527 106
527 153
527 449
527 480
527 536
527 570
527 730
527 775
527 877
528 179
528 543
528 678
528 958
528 972
528 981
529 80
529 89
529 92
529 132
529 175
529 309
529 777
529 833
529 989
530 63
530 107
530 291
530 323
530 342
530 489
530 621
530 638
530 836
530 981
531 44
531 282
531 588
531 699
531 704
531 904
532 97
532 162
532 242
532 301
532 318
532 563
532 606
532 942
532 945
532 983
533 9
533 311
533 353
533 455
533 478
533 506
533 606
533 875
533 949
534 165
534 173
534 337
534 428
534 978
535 131
535 188
535 286
535 445
535 453
535 539
535 632
535 686
535 699
535 856
535 857
535 873
535 879
535 881
536 38
536 45
536 395
536 425
536 432
536 712
536 721
536 759
536 801
536 934
536 946
537 25
537 134
537 167
537 218
537 350
537 500
537 600
537 604
537 658
537 674
537 763
537 816
537 877
538 96
538 264
538 293
538 299
538 609
538 693
538 938
538 965
539 18
539 260
539 317
539 451
539 663
539 794
539 839
539 971
539 982
540 107
540 301
540 404
540 496
540 720
540 760
540 984
541 109
541 304
541 467
541 469
541 514
541 561
541 574
541 741
541 858
541 862
542 57
542 70
542 180
542 187
542 211
542 305
542 327
542 524
542 598
542 839
542 982
543 59
543 65
543 309
543 340
543 599
543 688
543 690
543 782
543 789
544 3
544 259
544 286
544 314
544 353
544 381
544 526
544 791
544 805
544 912
545 169
545 295
545 311
545 378
545 390
545 534
545 591
545 650
545 816
545 846
545 944
546 35
546 49
546 86
546 109
546 170
546 269
546 492
546 502
546 577
546 591
546 742
546 816
546 824
546 983
547 103
547 127
547 137
547 355
547 502
547 527
547 601
547 633
547 673
547 752
547 824
547 831
548 19
548 102
548 198
548 371
548 453
548 683
548 874
548 943
549 2
549 54
549 116
549 205
549 314
549 364
549 676
549 724
549 807
549 901
549 944
549 958
549 983
550 35
550 274
550 359
550 542
550 750
550 868
551 513
551 707
551 724
551 769
551 781
551 791
551 804
551 862
551 872
551 875
552 31
552 427
552 487
552 599
552 702
552 740
552 829
552 902
552 923
552 985
552 996
553 17
553 24
553 28
553 122
553 131
553 325
553 391
553 404
553 413
553 524
553 613
553 702
553 857
553 886
554 167
554 178
554 288
554 491
554 578
554 622
554 667
554 715
554 889
554 953
555 69
555 150
555 243
555 258
555 282
555 710
556 55
556 72
556 317
556 461
556 621
556 642
556 692
556 760
556 952
556 964
557 434
557 683
557 805
557 868
558 118
558 284
558 450
558 546
558 598
558 647
558 842
558 873
558 915
558 999
559 53
559 125
559 159
559 168
559 343
559 356
559 437
559 533
559 657
559 679
559 803
559 942
560 133
560 187
560 201
560 316
560 390
560 407
560 589
560 595
560 925
561 113
561 229
561 272
561 531
561 623
561 627
561 650
561 784
561 797
561 854
561 856
562 189
562 273
562 283
562 313
562 379
562 448
562 588
562 604
562 625
562 680
562 956
562 978
563 44
563 67
563 378
563 406
563 548
563 774
563 828
563 889
563 998
564 192
564 446
564 500
564 774
564 825
565 37
565 129
565 191
565 223
565 258
565 264
565 720
565 841
565 848
565 877
566 337
566 631
566 635
566 676
566 785
567 205
567 291
567 348
567 440
567 474
567 599
567 603
567 623
567 689
567 724
567 851
567 985
568 127
568 131
568 192
568 209
568 448
568 450
568 632
568 739
568 777
568 835
569 425
569 568
569 624
569 720
569 779
569 800
569 856
569 922
569 960
569 981
570 116
570 165
570 181
570 231
570 338
570 354
570 434
570 468
570 684
570 698
570 756
570 770
570 949
571 98
571 185
571 231
571 304
571 315
571 446
571 467
571 511
571 588
571 871
572 400
572 410
572 578
572 614
572 624
572 757
572 760
572 814
572 888
573 11
573 93
573 285
573 314
573 439
573 514
573 542
573 547
573 782
573 851
573 934
574 35
574 42
574 80
574 115
574 141
574 281
574 329
574 356
574 375
574 411
574 425
574 485
574 498
574 571
574 634
574 795
575 28
575 37
575 80
575 120
575 144
575 221
575 505
575 670
575 703
575 835
575 855
575 873
575 948
575 961
576 483
576 574
576 725
576 744
577 281
577 353
577 657
577 678
577 683
577 796
577 870
577 914
578 96
578 152
578 211
578 228
578 252
578 268
578 391
578 416
578 428
578 477
578 493
578 897
578 983
579 109
579 193
579 260
579 302
579 386
579 537
579 612
579 646
579 677
579 718
579 728
579 922
580 147
580 298
580 331
580 484
580 710
580 808
580 915
581 41
581 108
581 188
581 193
581 289
581 357
581 629
581 641
582 30
582 113
582 119
582 207
582 249
582 625
582 639
582 649
582 819
582 918
582 969
583 106
583 193
583 353
583 468
583 527
583 592
583 709
583 730
583 787
583 860
583 867
583 920
584 350
584 442
584 465
584 529
584 604
584 625
584 809
584 999
585 50
585 268
585 272
585 361
585 425
585 482
585 495
585 653
585 916
586 174
586 294
586 868
587 130
587 234
587 276
587 535
587 638
587 973
588 46
588 136
588 227
588 321
588 332
588 480
588 541
588 726
588 779
588 845
589 55
589 134
589 268
589 530
589 539
589 653
589 920
589 927
589 959
590 102
590 169
590 217
590 280
590 461
590 796
591 34
591 85
591 198
591 204
591 264
591 322
591 465
591 587
591 667
591 894
592 35
592 74
592 91
592 103
592 117
592 145
592 194
592 198
592 201
592 240
592 549
592 586
592 797
592 807
592 887
592 964
593 52
593 54
593 202
593 243
593 259
593 427
593 498
593 847
593 855
593 930
593 934
593 953
594 5
594 49
594 65
594 422
594 460
594 467
594 586
594 640
594 676
594 750
595 39
595 101
595 266
595 450
595 499
595 682
595 830
595 852
595 913
596 263
596 276
596 393
596 514
596 545
596 599
596 645
596 782
596 888
596 964
597 330
597 338
597 357
597 624
597 690
597 704
597 721
597 723
597 726
597 838
597 913
598 19
598 135
598 143
598 338
598 345
598 414
598 514
598 581
598 678
598 761
598 778
598 860
598 878
599 177
599 181
599 268
599 351
599 636
599 957
600 62
600 63
600 437
600 477
600 796
600 981
601 53
601 73
601 160
601 168
601 343
601 366
601 380
601 481
601 545
601 603
601 604
601 648
601 818
601 832
602 2
602 23
602 39
602 173
602 215
602 307
602 341
602 393
602 541
602 583
602 621
602 733
602 752
602 778
602 912
602 948
603 5
603 111
603 165
603 315
603 357
603 509
603 581
603 897
603 995
604 46
604 86
604 253
604 507
604 538
604 653
604 731
604 746
605 139
605 277
605 319
605 577
605 638
605 737
605 760
605 808
605 934
606 84
606 151
606 397
606 454
606 589
606 598
606 701
606 713
606 724
606 862
606 934
607 286
607 335
607 343
607 430
607 467
607 714
607 724
607 931
607 961
608 9
608 366
608 421
608 505
608 674
608 724
608 734
608 776
608 795
608 844
608 982
609 184
609 197
609 263
609 284
609 471
610 187
610 313
610 351
610 626
610 651
610 893
610 903
610 909
611 29
611 160
611 306
611 320
611 380
611 536
611 538
611 793
611 883
611 959
611 974
612 68
612 152
612 296
612 336
612 434
612 485
612 866
612 867
612 886
612 897
612 929
612 967
612 968
612 979
612 991
613 105
613 387
613 403
613 778
613 802
613 925
613 928
614 544
614 631
614 670
614 728
614 780
614 941
615 107
615 289
615 376
615 385
615 411
615 577
615 684
615 747
615 760
615 762
615 783
615 872
616 41
616 49
616 148
616 209
616 511
616 537
616 587
616 595
616 741
616 817
616 834
616 847
616 906
617 76
617 105
617 110
617 122
617 157
617 187
617 321
617 401
617 403
617 410
617 665
617 887
618 13
618 130
618 166
618 302
618 433
618 463
618 519
618 608
618 731
618 746
618 764
619 1
619 50
619 79
619 192
619 199
619 245
619 344
619 384
619 553
619 577
619 682
619 714
619 730
619 811
619 848
620 49
620 225
620 234
620 239
620 381
620 432
620 478
620 532
620 566
620 655
620 865
621 30
621 143
621 171
621 217
621 280
621 404
621 433
621 523
621 960
621 997
622 121
622 130
622 132
622 206
622 328
622 349
622 482
622 655
622 807
623 29
623 41
623 47
623 65
623 315
623 357
623 393
623 513
623 533
623 609
623 737
623 796
623 799
623 892
623 969
624 32
624 164
624 284
624 540
624 562
624 746
624 753
624 835
624 836
624 921
624 928
624 935
624 996
625 10
625 483
625 558
625 684
625 698
625 708
625 772
625 781
625 820
625 938
625 971
626 3
626 25
626 46
626 128
626 545
626 641
626 679
626 698
626 715
626 851
627 38
627 50
627 229
627 301
627 303
627 403
627 441
627 450
627 508
627 859
628 250
628 281
628 285
628 392
628 423
628 710
628 746
628 944
628 955
629 146
629 164
629 295
629 466
629 732
629 763
630 125
630 209
630 402
630 450
630 528
630 625
630 637
630 788
630 942
631 171
631 214
631 434
631 575
631 618
631 739
631 823
631 835
632 70
632 86
632 320
632 353
632 411
632 509
632 652
632 723
632 744
632 804
632 838
632 991
632 994
633 210
633 238
633 315
633 406
633 419
633 547
633 840
633 845
633 896
633 944
634 194
634 364
634 366
634 528
634 685
634 748
634 806
634 813
634 879
634 941
634 991
635 15
635 100
635 192
635 327
635 339
635 364
635 476
635 506
635 519
635 610
635 749
635 877
635 878
636 89
636 166
636 308
636 585
636 595
636 757
636 967
637 76
637 308
637 311
637 415
637 453
637 480
637 535
637 647
637 734
637 736
637 916
637 928
637 938
638 105
638 120
638 193
638 267
638 371
638 469
638 486
638 828
638 911
639 90
639 220
639 240
639 249
639 252
639 325
639 343
639 547
639 548
639 625
639 768
639 858
639 921
640 49
640 384
640 563
640 738
640 890
641 23
641 80
641 113
641 125
641 144
641 227
641 288
641 379
641 456
641 530
641 775
641 785
641 847
641 852
641 859
641 987
642 664
642 687
642 724
642 821
642 963
642 996
643 8
643 72
643 378
643 395
643 552
643 564
643 915
643 947
644 0
644 86
644 282
644 343
644 360
644 465
644 499
644 592
644 622
644 629
644 892
644 981
645 201
645 320
645 469
645 553
645 572
645 591
645 796
645 804
645 937
645 982
646 46
646 47
646 70
646 113
646 183
646 242
646 392
646 411
646 451
646 487
646 500
646 518
646 601
646 603
646 618
646 678
646 787
647 25
647 65
647 146
647 298
647 452
647 465
647 500
647 829
647 866
648 94
648 287
648 330
648 352
648 557
648 737
648 787
648 925
649 86
649 297
649 321
649 613
649 915
649 964
650 13
650 41
650 132
650 184
650 239
650 243
650 548
650 613
650 693
650 766
650 841
650 952
651 218
651 448
651 680
651 857
652 13
652 27
652 151
652 178
652 196
652 282
652 321
652 451
652 464
652 473
652 476
652 804
653 65
653 74
653 99
653 368
653 377
653 381
653 469
653 645
653 789
653 874
653 928
653 964
654 210
654 471
654 505
654 589
654 618
654 646
654 678
654 970
655 167
655 341
655 345
655 377
655 378
655 449
655 457
655 494
656 56
656 229
656 253
656 282
656 306
656 346
656 349
656 402
656 481
656 648
656 715
656 759
656 829
657 23
657 72
657 76
657 471
657 608
657 626
657 717
657 763
657 894
657 905
658 126
658 138
658 191
658 303
658 590
658 902
658 931
659 93
659 172
659 405
659 815
659 839
659 846
659 874
659 936
659 993
660 302
660 343
660 455
660 480
660 549
660 551
660 816
661 25
661 110
661 127
661 453
661 589
661 696
661 785
661 794
661 817
661 907
661 916
662 456
662 673
662 865
663 241
663 251
663 304
663 746
663 821
664 57
664 89
664 99
664 178
664 180
664 201
664 232
664 290
664 311
664 401
664 449
664 571
664 761
664 894
664 969
665 144
665 228
665 390
665 435
665 529
665 564
665 817
666 35
666 169
666 566
666 862
666 901
667 19
667 38
667 82
667 260
667 344
667 420
667 431
667 469
667 533
667 640
667 754
667 809
667 810
667 896
668 163
668 280
668 359
668 462
668 472
669 62
669 81
669 149
669 160
669 172
669 232
669 308
669 327
669 416
669 434
669 510
669 647
669 650
669 668
669 670
669 783
669 853
670 119
670 302
670 419
670 673
670 867
670 952
670 974
670 984
670 988
671 223
671 300
671 310
671 459
671 552
671 634
671 994
672 68
672 364
672 459
672 668
672 696
672 932
673 88
673 179
673 196
673 236
673 516
673 539
673 628
673 819
673 872
673 949
674 95
674 121
674 128
674 312
674 361
674 386
674 415
674 577
674 625
674 634
674 639
674 728
674 733
674 882
675 83
675 193
675 238
675 379
675 792
675 807
675 901
676 97
676 118
676 217
676 311
676 319
676 389
676 447
676 476
676 558
676 730
676 870
677 246
677 462
677 610
677 804
677 823
677 847
677 899
678 56
678 150
678 235
678 263
678 313
678 423
678 534
678 578
678 648
678 948
678 987
678 997
679 99
679 262
679 305
679 317
679 563
679 635
679 881
680 70
680 343
680 401
680 421
680 569
680 601
680 672
680 834
680 874
680 882
681 19
681 27
681 145
681 202
681 329
681 333
681 422
681 523
681 528
681 623
681 810
681 821
681 985
682 67
682 177
682 191
682 258
682 277
682 294
682 641
682 752
683 10
683 131
683 209
683 240
683 260
683 464
683 498
683 534
683 558
683 783
683 834
683 915
683 930
683 969
684 130
684 285
684 357
684 387
684 460
684 470
684 592
684 658
684 676
684 710
684 847
684 903
685 39
685 103
685 110
685 151
685 322
685 474
685 499
685 672
685 895
685 982
686 197
686 294
686 353
686 452
686 507
686 558
686 629
686 637
686 746
686 840
686 843
686 868
686 934
687 60
687 140
687 152
687 187
687 258
687 389
687 427
687 634
687 762
687 832
687 886
687 896
688 16
688 394
688 526
688 673
688 675
688 707
688 896
688 929
688 997
689 168
689 313
689 347
689 366
689 455
689 657
689 710
689 753
689 788
689 806
689 826
689 857
690 12
690 24
690 25
690 73
690 137
690 231
690 879
691 43
691 77
691 101
691 145
691 303
691 304
691 306
691 438
691 492
691 529
691 699
691 710
691 936
691 978
692 318
692 319
692 426
692 460
692 560
692 637
692 666
692 992
693 3
693 631
693 875
693 891
694 92
694 98
694 148
694 275
694 302
694 315
694 567
694 601
694 718
694 794
694 829
694 895
695 2
695 35
695 117
695 156
695 197
695 322
695 363
695 395
695 421
695 616
695 655
695 682
695 709
695 771
695 861
695 923
696 123
696 210
696 278
696 453
696 467
696 579
696 743
696 754
696 926
696 994
697 746
697 769
698 71
698 88
698 104
698 353
698 366
698 393
698 494
698 553
698 640
698 819
698 880
699 46
699 57
699 82
699 86
699 366
699 375
699 478
699 531
699 582
699 881
699 985
700 199
700 298
700 448
700 487
700 572
700 672
700 739
700 749
700 967
701 141
701 156
701 224
701 363
701 370
701 383
701 398
701 442
701 467
701 548
701 553
701 674
701 762
701 793
701 852
701 884
701 933
701 989
702 54
702 219
702 460
702 593
702 802
702 875
702 978
703 173
703 188
703 200
703 283
703 434
703 514
703 679
703 955
704 259
704 280
704 416
704 469
704 647
704 662
704 692
704 740
704 862
705 97
705 283
705 312
705 319
705 345
705 346
705 394
705 483
705 642
705 655
705 779
706 247
706 280
706 359
706 362
706 504
706 667
706 672
706 738
706 860
706 928
706 942
706 967
707 86
707 151
707 175
707 400
707 420
707 910
707 949
708 127
708 612
708 701
708 742
708 810
708 952
708 988
709 97
709 236
709 261
709 268
709 394
709 419
709 606
709 613
709 630
709 669
709 695
709 700
709 754
709 906
710 6
710 250
710 264
710 326
710 352
710 469
710 550
710 558
711 231
711 466
711 485
711 541
711 556
711 845
711 978
712 141
712 211
712 405
712 478
712 538
712 754
712 907
712 955
713 126
713 291
713 419
713 593
713 728
714 201
714 275
714 418
714 477
714 603
714 654
714 675
714 695
714 817
715 210
715 213
715 258
715 283
715 357
715 491
715 522
715 656
715 780
715 910
715 973
716 209
716 363
716 397
716 437
716 489
716 504
716 578
716 579
716 854
716 996
717 32
717 80
717 371
717 386
717 499
717 522
717 613
717 698
717 815
717 909
717 963
717 981
718 60
718 189
718 239
718 253
718 307
718 351
718 400
718 444
718 484
718 795
718 854
719 284
719 601
719 623
719 680
719 693
719 814
719 914
719 918
720 33
720 52
720 57
720 91
720 274
720 299
720 520
720 591
720 889
721 35
721 75
721 130
721 237
721 253
721 382
721 515
721 623
721 724
721 820
721 984
722 18
722 154
722 173
722 298
722 311
722 501
722 608
722 725
722 791
722 812
722 995
723 80
723 224
723 296
723 392
723 546
723 609
723 686
723 851
723 897
724 60
724 109
724 152
724 206
724 266
724 325
724 344
724 383
724 426
724 752
724 814
724 882
724 909
724 910
724 945
725 201
725 494
725 528
725 601
725 744
725 825
725 873
726 664
726 820
726 846
727 199
727 324
727 549
727 582
727 965
727 988
728 60
728 150
728 196
728 319
728 546
728 629
728 779
728 804
728 823
728 845
728 870
729 282
729 285
729 354
729 559
729 641
729 663
729 674
729 727
729 825
729 842
729 861
730 12
730 17
730 39
730 294
730 369
730 407
730 476
730 690
730 711
730 736
730 805
730 915
731 33
731 68
731 84
731 147
731 211
731 362
731 433
731 473
731 532
731 608
731 841
731 896
731 922
731 998
732 8
732 94
732 124
732 164
732 228
732 270
732 340
732 387
732 429
732 461
732 467
732 598
732 653
732 709
732 847
732 861
732 926
733 170
733 193
733 211
733 218
733 252
733 334
733 433
733 492
733 519
733 547
733 708
733 731
733 865
733 992
734 73
734 88
734 182
734 204
734 238
734 271
734 275
734 553
734 557
734 579
734 597
734 772
734 834
734 871
734 880
734 983
735 64
735 187
735 198
735 360
735 462
735 537
735 581
735 964
735 969
736 263
736 581
736 614
736 622
736 727
736 769
736 888
736 984
737 51
737 282
737 474
737 590
737 832
737 863
737 989
738 106
738 273
738 352
738 370
738 410
738 539
738 587
738 750
738 766
738 843
738 943
739 23
739 40
739 83
739 93
739 231
739 374
739 429
739 531
739 549
739 601
739 819
740 170
740 263
740 419
740 516
740 535
741 301
741 302
741 328
741 351
741 416
741 440
741 621
741 640
741 682
741 714
741 726
741 765
741 810
741 818
741 856
742 403
742 430
742 432
742 440
742 538
742 945
743 112
743 211
743 302
743 422
743 601
743 760
743 840
744 198
744 299
744 310
744 446
744 515
744 524
744 953
744 983
745 12
745 368
745 369
745 471
745 647
745 736
745 854
745 948
746 147
746 307
746 312
746 416
746 430
746 471
746 519
746 686
746 972
747 198
747 248
747 275
747 335
747 438
747 456
747 536
747 577
747 683
747 865
747 963
748 30
748 137
748 173
748 185
748 211
748 222
748 401
748 551
748 618
748 749
748 761
748 767
748 885
748 902
748 935
748 937
748 981
748 982
749 4
749 28
749 64
749 426
749 439
749 470
749 569
749 713
749 739
749 849
749 857
749 984
750 78
750 220
750 243
750 577
750 692
750 721
750 748
750 897
750 925
751 7
751 8
751 36
751 208
751 382
751 490
751 565
751 687
751 748
752 76
752 164
752 176
752 200
752 420
752 725
752 729
752 756
752 767
752 775
752 780
752 906
752 929
753 122
753 221
753 423
753 443
753 592
753 801
753 807
753 847
753 986
754 217
754 244
754 336
754 403
754 435
754 530
754 793
754 799
754 953
755 80
755 88
755 213
755 233
755 248
755 340
755 398
755 437
755 531
755 666
755 907
755 908
755 928
755 975
756 49
756 191
756 264
756 688
756 769
756 914
757 146
757 358
757 372
757 637
757 654
757 663
757 750
757 768
757 769
757 774
757 873
757 885
757 904
757 924
758 307
758 349
758 364
758 422
758 601
758 671
758 766
758 780
758 954
758 980
759 109
759 158
759 168
759 175
759 348
759 380
759 441
759 656
759 725
759 741
759 807
759 990
760 27
760 266
760 403
760 487
760 497
760 505
760 895
760 959
761 73
761 172
761 277
761 293
761 421
761 456
761 703
761 749
761 846
761 882
761 898
762 306
762 344
762 362
762 475
762 508
762 928
762 997
763 19
763 132
763 242
763 272
763 356
763 405
763 436
763 474
763 481
763 562
763 699
763 708
763 838
763 954
764 15
764 60
764 83
764 181
764 391
764 424
764 470
764 481
764 611
764 867
764 953
764 956
765 41
765 146
765 238
765 349
765 453
765 560
765 673
765 891
765 988
766 18
766 32
766 191
766 303
766 391
766 570
766 647
766 791
766 851
766 865
766 919
766 999
767 48
767 87
767 110
767 165
767 170
767 216
767 312
767 344
767 409
767 472
767 531
767 612
767 630
767 632
767 778
768 58
768 365
768 369
768 395
768 510
768 656
768 694
768 784
768 982
768 999
769 36
769 39
769 206
769 375
769 428
769 433
769 476
769 497
769 756
769 810
769 915
769 993
770 79
770 162
770 179
770 214
770 282
770 308
770 325
770 410
770 418
770 587
770 756
770 825
770 898
770 934
771 428
771 520
771 543
771 657
771 773
771 863
771 883
771 898
771 943
771 961
772 25
772 126
772 136
772 508
772 603
772 625
772 648
772 955
773 62
773 106
773 158
773 186
773 212
773 293
773 327
773 354
773 524
773 624
773 678
773 976
773 981
774 63
774 223
774 341
774 449
774 505
774 756
774 763
774 788
774 961
774 981
774 985
775 103
775 104
775 150
775 297
775 417
775 545
775 653
775 739
775 903
775 991
776 13
776 255
776 381
776 484
776 503
776 553
776 687
776 730
776 765
776 837
776 887
777 540
777 576
777 784
777 855
777 973
778 582
778 606
778 629
779 168
779 325
779 344
779 345
779 453
779 501
779 827
779 971
779 999
780 137
780 508
780 616
780 717
780 953
781 14
781 41
781 184
781 194
781 297
781 303
781 308
781 350
781 526
781 567
781 578
781 837
781 953
782 119
782 198
782 223
782 339
782 535
782 566
782 606
782 913
782 985
783 67
783 119
783 184
783 474
783 683
783 690
783 848
784 29
784 34
784 47
784 141
784 145
784 158
784 190
784 237
784 286
784 349
784 438
784 475
784 490
784 573
784 730
784 797
784 918
785 34
785 41
785 107
785 136
785 251
785 285
785 531
785 600
785 730
785 744
785 864
785 935
786 182
786 227
786 356
786 440
786 481
786 616
786 743
787 37
787 62
787 67
787 98
787 557
787 630
787 659
787 854
788 73
788 103
788 252
788 314
788 357
788 360
788 533
788 769
788 821
788 955
789 40
789 132
789 200
789 206
789 280
789 424
789 498
789 857
790 65
790 191
790 311
790 348
790 378
790 646
790 741
790 746
790 929
791 105
791 126
791 235
791 374
791 419
791 543
791 711
791 805
791 814
791 956
791 971
792 67
792 228
792 290
792 416
792 487
792 493
792 591
792 673
792 773
792 835
792 839
792 843
792 910
793 14
793 44
793 97
793 178
793 204
793 356
793 395
793 398
793 565
793 617
793 753
793 851
793 861
793 953
794 41
794 51
794 126
794 470
794 547
794 572
794 685
794 713
794 772
794 780
794 802
794 977
795 15
795 83
795 162
795 172
795 228
795 368
795 394
795 618
795 785
795 902
796 13
796 100
796 108
796 109
796 123
796 338
796 369
796 400
796 480
796 504
796 819
796 976
797 16
797 104
797 313
797 495
797 719
797 848
797 864
797 963
797 998
798 94
798 179
798 193
798 234
798 473
798 476
798 589
798 742
798 755
798 833
798 871
798 962
798 986
799 1
799 394
799 489
799 545
799 771
799 785
799 886
800 47
800 97
800 136
800 160
800 246
800 261
800 262
800 343
800 384
800 402
800 435
800 517
800 539
800 550
800 598
800 706
800 795
800 879
800 938
800 984
801 44
801 167
801 218
801 327
801 360
801 500
801 554
801 576
801 586
801 598
801 730
801 734
801 785
801 819
801 915
801 923
801 935
802 146
802 301
802 322
802 327
802 343
802 410
802 687
802 716
802 808
802 853
802 911
802 978
803 12
803 92
803 123
803 431
803 475
803 562
803 668
803 745
803 809
803 967
803 971
804 9
804 30
804 51
804 69
804 78
804 81
804 224
804 272
804 392
804 476
804 523
804 633
804 751
805 16
805 68
805 359
805 441
805 456
805 556
805 641
805 665
805 688
805 696
805 837
805 984
806 20
806 59
806 223
806 414
806 504
806 798
806 924
806 959
806 978
807 12
807 109
807 295
807 298
807 302
807 343
807 354
807 442
807 530
807 609
807 621
807 633
807 819
808 34
808 247
808 308
808 321
808 400
808 403
808 443
808 536
808 605
808 684
808 718
808 732
808 749
808 783
809 38
809 235
809 356
809 593
809 857
809 956
810 303
810 372
810 490
810 516
810 564
810 716
810 829
811 68
811 169
811 236
811 309
811 385
811 526
811 704
811 826
811 842
811 986
812 85
812 199
812 204
812 208
812 333
812 438
812 554
812 679
812 710
812 712
812 888
813 67
813 176
813 230
813 261
813 362
813 574
813 723
813 759
813 852
813 910
813 981
813 993
814 128
814 449
814 454
814 481
814 619
814 932
814 965
815 33
815 99
815 119
815 286
815 420
815 728
815 828
815 907
816 167
816 415
816 514
816 639
816 669
816 765
816 861
816 995
817 29
817 144
817 174
817 267
817 277
817 487
817 495
817 764
817 976
818 36
818 114
818 142
818 158
818 234
818 294
818 479
818 508
818 757
819 75
819 132
819 351
819 499
819 717
819 809
819 850
819 932
820 3
820 90
820 98
820 203
820 211
820 224
820 258
820 318
820 327
820 363
820 530
820 537
820 621
820 696
820 701
820 776
820 814
820 850
820 869
820 941
820 974
821 6
821 71
821 104
821 243
821 377
821 513
821 563
821 586
821 804
821 844
821 934
822 51
822 108
822 120
822 209
822 411
822 538
822 579
822 582
822 747
822 834
822 841
823 10
823 102
823 154
823 164
823 226
823 282
823 452
823 467
823 636
823 653
823 657
823 673
823 772
823 796
823 902
823 930
824 37
824 93
824 122
824 284
824 307
824 404
824 767
825 15
825 74
825 309
825 347
825 415
825 540
825 565
825 689
825 739
825 797
825 857
825 883
825 946
826 195
826 322
826 360
826 456
826 467
826 542
826 627
826 837
826 841
826 861
826 897
826 914
827 190
827 379
827 423
827 438
827 703
827 908
827 978
828 144
828 403
828 452
828 496
828 589
828 622
828 708
828 780
828 841
828 926
828 951
829 35
829 279
829 536
829 544
829 579
829 635
829 689
829 815
829 816
829 934
830 1
830 25
830 28
830 124
830 153
830 176
830 184
830 220
830 293
830 315
830 331
830 400
830 598
830 765
830 783
830 800
830 890
831 336
831 407
831 471
831 538
831 551
831 614
831 654
831 857
832 72
832 74
832 99
832 269
832 402
832 416
832 447
832 490
832 546
832 840
832 944
832 959
833 186
833 347
833 358
833 535
833 544
833 592
833 638
834 74
834 585
834 603
834 660
834 679
834 900
834 991
835 9
835 144
835 158
835 253
835 305
835 308
835 326
835 380
835 403
835 765
835 866
836 326
836 554
836 558
836 565
836 624
836 626
836 651
836 800
836 979
836 985
837 61
837 90
837 95
837 278
837 599
837 626
837 715
837 793
837 834
837 918
837 945
838 52
838 102
838 229
838 331
838 398
838 526
838 591
838 626
838 660
838 724
838 819
838 843
838 867
838 869
839 164
839 265
839 328
839 410
839 461
839 631
839 632
839 691
839 751
839 789
839 878
839 943
840 56
840 64
840 169
840 261
840 403
840 495
840 537
840 549
840 796
840 831
840 984
841 204
841 233
841 333
841 399
841 403
841 477
841 535
841 747
841 990
842 111
842 161
842 205
842 325
842 327
842 346
842 870
843 51
843 195
843 206
843 237
843 529
843 612
843 775
843 814
843 937
843 959
844 23
844 149
844 227
844 452
844 591
844 658
845 101
845 301
845 432
845 657
845 736
845 804
845 816
845 966
845 979
845 995
846 6
846 459
846 670
846 685
846 694
847 43
847 344
847 676
847 724
847 728
847 747
847 908
847 975
848 166
848 182
848 213
848 231
848 311
848 343
848 435
848 576
848 623
848 776
848 806
848 832
849 71
849 233
849 504
849 643
849 664
849 880
849 983
850 216
850 428
850 431
850 457
850 686
850 769
850 778
850 870
850 929
850 947
851 3
851 537
851 546
851 581
851 667
851 732
851 830
851 880
851 916
852 128
852 171
852 481
852 675
852 870
852 947
853 129
853 257
853 347
853 449
853 454
853 637
853 674
853 701
853 733
853 746
854 215
854 318
854 327
854 432
854 473
854 494
854 584
854 750
854 796
854 902
855 36
855 438
855 509
855 569
855 576
855 675
855 741
855 867
856 93
856 282
856 530
856 537
856 539
856 587
856 711
856 929
857 252
857 446
857 448
857 612
857 629
857 681
857 715
857 819
857 866
858 190
858 336
858 461
858 529
858 610
858 642
858 757
858 835
858 958
859 15
859 176
859 201
859 258
859 312
859 313
859 404
859 488
859 507
859 521
859 837
860 163
860 172
860 273
860 371
860 415
860 420
860 474
860 541
860 720
861 20
861 91
861 116
861 171
861 174
861 187
861 313
861 335
861 589
861 689
861 795
861 854
861 939
861 998
862 15
862 74
862 128
862 304
862 385
862 450
862 638
862 776
862 815
862 817
862 836
862 858
862 873
863 103
863 186
863 343
863 588
863 595
863 691
863 900
863 922
864 184
864 224
864 262
864 281
864 317
864 535
864 558
864 592
864 712
864 723
864 738
864 812
864 871
865 40
865 195
865 263
865 632
865 849
865 958
866 5
866 112
866 174
866 282
866 357
866 459
866 521
866 647
866 778
866 930
866 960
867 163
867 199
867 360
867 409
867 491
867 978
868 12
868 548
868 761
869 39
869 92
869 138
869 334
869 478
869 479
869 493
869 823
869 852
869 894
870 368
870 420
870 645
870 759
870 772
870 875
870 921
870 961
870 972
870 973
871 10
871 65
871 159
871 316
871 353
871 452
871 490
871 743
871 771
871 788
871 842
871 862
871 878
871 892
871 963
872 134
872 240
872 247
872 315
872 319
872 452
872 518
872 723
872 745
872 793
872 819
872 861
872 887
872 999
873 455
873 605
873 607
873 747
873 761
873 896
873 914
874 17
874 30
874 233
874 244
874 550
874 772
874 813
874 919
875 0
875 113
875 432
875 563
875 713
875 750
875 916
876 42
876 70
876 114
876 140
876 363
876 405
876 413
876 417
876 534
876 626
876 684
876 730
876 864
876 935
877 142
877 164
877 188
877 202
877 213
877 241
877 719
877 772
877 806
878 267
878 558
878 665
878 842
878 903
878 965
879 72
879 74
879 84
879 132
879 217
879 352
879 377
879 616
879 643
879 783
879 841
879 895
879 973
880 39
880 100
880 109
880 190
880 213
880 252
880 387
880 643
881 23
881 40
881 121
881 166
881 272
881 587
881 624
881 834
881 922
882 117
882 151
882 222
882 224
882 610
882 766
882 777
882 848
882 947
882 981
882 997
883 38
883 290
883 327
883 475
883 483
883 526
883 561
883 636
883 682
884 21
884 283
884 394
884 445
884 572
884 585
884 664
884 720
884 789
884 943
884 951
884 983
885 161
885 186
885 432
885 470
885 849
885 918
885 986
886 729
886 934
886 968
887 55
887 83
887 250
887 325
887 351
887 404
887 501
887 564
888 23
888 346
888 390
888 569
888 596
888 705
888 746
888 789
888 859
888 898
888 913
888 980
889 47
889 212
889 220
889 332
889 427
889 478
889 603
889 765
890 113
890 120
890 262
890 269
890 449
890 536
890 590
890 625
890 643
890 785
890 898
890 983
891 137
891 425
891 555
891 612
891 698
891 847
891 984
892 29
892 35
892 120
892 163
892 164
892 337
892 398
892 406
892 483
892 793
892 864
892 966
893 11
893 60
893 269
893 296
893 468
893 572
893 678
893 938
894 4
894 16
894 158
894 251
894 281
894 352
894 448
894 454
894 498
894 615
894 616
894 651
894 657
894 673
894 713
894 714
894 805
894 817
895 72
895 172
895 196
895 405
895 500
895 519
895 749
895 806
895 864
895 957
895 967
896 85
896 149
896 255
896 447
896 606
896 639
896 772
896 942
897 36
897 123
897 274
897 311
897 389
897 423
897 516
897 767
897 833
897 901
898 68
898 316
898 342
898 410
898 433
898 525
898 593
898 625
898 721
898 883
899 86
899 120
899 237
899 352
899 363
899 374
899 422
899 503
899 525
899 542
899 760
899 875
900 9
900 45
900 96
900 252
900 372
900 453
900 547
900 911
900 966
901 149
901 163
901 295
901 349
901 381
901 411
901 510
901 566
901 627
901 710
901 747
901 757
901 906
902 82
902 153
902 179
902 196
902 202
902 411
902 443
902 449
902 654
902 855
903 18
903 81
903 539
903 671
903 770
903 799
903 817
903 845
904 25
904 143
904 177
904 354
904 694
904 703
904 765
904 992
905 68
905 86
905 104
905 114
905 178
905 213
905 291
905 299
905 413
905 431
905 527
905 571
905 629
905 655
905 725
905 909
906 12
906 245
906 262
906 263
906 270
906 347
906 461
906 518
906 744
906 785
906 934
907 1
907 44
907 185
907 193
907 194
907 356
907 476
907 489
907 493
907 494
907 613
907 661
907 684
907 736
907 750
907 896
907 912
908 218
908 317
908 581
908 730
908 862
908 904
909 87
909 113
909 229
909 430
909 539
909 669
909 744
909 890
909 992
910 28
910 247
910 335
910 878
911 17
911 42
911 338
911 377
911 533
911 601
911 729
911 792
911 802
911 817
911 941
912 143
912 238
912 250
912 467
912 585
912 630
912 696
912 862
912 990
913 84
913 155
913 168
913 181
913 257
913 321
913 359
913 431
913 457
913 509
913 779
913 789
913 806
913 811
913 943
913 959
913 989
914 28
914 89
914 127
914 165
914 344
914 534
914 573
914 579
914 603
914 723
914 789
914 854
915 35
915 64
915 228
915 297
915 315
915 576
915 583
915 775
915 792
915 808
915 809
916 131
916 218
916 331
916 367
916 384
916 451
916 572
916 614
916 704
916 708
916 732
916 746
916 883
916 951
916 986
917 0
917 26
917 79
917 120
917 140
917 222
917 274
917 384
917 402
917 473
917 518
917 560
917 637
917 696
917 863
917 905
917 915
917 991
918 352
918 380
918 448
918 494
918 515
918 538
918 611
918 794
918 836
918 851
918 949
919 15
919 99
919 276
919 321
919 345
919 511
919 617
919 659
919 727
919 801
919 872
919 888
919 947
919 987
919 993
920 5
920 23
920 45
920 60
920 74
920 405
920 788
920 914
920 977
921 177
921 381
921 688
921 810
921 932
922 51
922 242
922 248
922 282
922 496
922 501
922 664
922 705
922 791
922 935
923 47
923 50
923 245
923 421
923 448
923 724
923 733
923 921
923 936
924 182
924 334
924 404
924 566
924 782
924 973
924 985
925 103
925 116
925 263
925 341
925 359
925 458
925 468
925 481
925 558
925 669
925 682
925 684
925 814
925 828
925 951
926 411
926 457
926 461
926 552
926 659
926 743
926 789
926 832
926 889
926 942
926 993
927 75
927 254
927 620
927 776
927 872
928 16
928 117
928 126
928 194
928 229
928 230
928 430
928 477
928 495
928 705
928 783
928 785
928 915
928 959
929 229
929 254
929 325
929 577
929 853
929 884
929 926
929 927
930 223
930 294
930 384
930 391
930 466
930 473
930 959
931 47
931 159
931 189
931 211
931 320
931 482
931 495
931 750
931 835
931 851
932 108
932 174
932 499
932 508
932 577
932 727
932 888
932 981
933 44
933 138
933 160
933 265
933 347
933 499
933 770
933 858
933 872
933 952
934 19
934 50
934 372
934 487
934 522
934 566
934 677
934 755
934 810
934 823
934 987
935 205
935 234
935 269
935 610
935 648
935 879
935 949
936 275
936 428
936 642
936 717
936 849
937 27
937 35
937 54
937 75
937 255
937 302
937 450
937 509
937 605
937 712
937 809
937 834
937 901
937 940
937 946
937 980
938 16
938 327
938 456
938 488
939 44
939 134
939 242
939 588
939 698
939 862
939 984
940 9
940 31
940 43
940 308
940 378
940 452
940 818
940 962
941 92
941 162
941 198
941 457
941 590
941 712
941 784
941 787
941 851
941 894
941 963
942 208
942 211
942 235
942 253
942 356
942 372
942 473
942 509
942 595
942 602
942 772
942 984
943 5
943 32
943 94
943 160
943 209
943 335
943 427
943 476
943 668
943 813
944 161
944 278
944 370
944 402
944 606
944 658
944 672
944 759
944 793
944 893
945 18
945 81
945 137
945 158
945 161
945 306
945 326
945 339
945 469
945 532
945 557
945 648
945 844
945 923
946 164
946 247
946 254
946 289
946 314
946 351
946 376
946 389
946 471
946 561
946 583
946 653
946 782
946 784
946 907
947 28
947 36
947 49
947 275
947 328
947 374
947 418
947 597
947 721
947 773
947 796
947 864
948 36
948 55
948 170
948 269
948 531
948 710
948 761
948 841
949 28
949 637
949 767
950 91
950 155
950 203
950 243
950 314
950 431
950 545
950 571
950 743
950 807
950 882
951 5
951 12
951 92
951 115
951 127
951 729
951 842
951 955
951 983
952 79
952 243
952 262
952 415
952 744
952 822
952 844
952 945
952 995
953 100
953 108
953 298
953 416
953 545
953 605
953 678
953 691
953 696
953 697
953 726
953 735
953 856
953 857
953 874
953 935
954 123
954 124
954 385
954 437
954 474
954 572
954 777
954 950
954 991
955 77
955 401
955 496
955 544
955 604
955 735
955 739
955 791
955 951
956 106
956 255
956 269
956 339
956 521
956 619
956 712
956 767
956 802
956 806
956 871
956 937
956 944
957 153
957 253
957 263
957 351
957 381
957 441
957 534
957 649
957 721
958 185
958 280
958 382
958 393
958 459
958 499
958 537
958 791
958 847
958 866
958 876
958 950
959 57
959 207
959 280
959 327
959 433
959 457
959 696
959 798
959 824
959 874
959 888
959 933
959 972
960 118
960 170
960 227
960 259
960 541
960 569
960 624
960 851
960 908
960 938
960 967
961 127
961 227
961 239
961 409
961 531
961 617
961 637
961 692
961 767
961 782
961 854
961 918
962 13
962 173
962 402
962 578
962 631
962 710
962 844
962 853
963 5
963 70
963 126
963 206
963 255
963 351
963 365
963 469
963 597
963 767
963 887
963 958
963 998
964 276
964 424
964 471
964 501
964 609
965 191
965 241
965 442
965 628
965 650
965 661
965 734
965 743
965 893
965 993
966 56
966 159
966 203
966 237
966 299
966 342
966 388
966 598
966 637
966 731
966 950
966 964
966 971
967 246
967 572
967 604
967 731
967 931
967 992
968 297
968 381
968 400
968 492
968 583
968 613
968 642
968 707
968 868
969 2
969 198
969 278
969 375
969 522
969 533
969 856
969 973
970 145
970 291
970 454
970 476
970 618
970 737
970 799
970 886
970 974
971 29
971 270
971 313
971 387
971 442
971 538
971 688
971 693
971 716
971 755
971 929
971 940
971 987
972 25
972 272
972 326
972 548
972 650
972 699
972 754
972 943
973 132
973 287
973 314
973 451
973 464
973 472
973 545
973 579
973 954
973 965
974 33
974 75
974 117
974 126
974 237
974 262
974 291
974 775
974 783
974 796
974 975
975 31
975 318
975 331
975 564
975 791
975 925
975 933
976 47
976 61
976 112
976 197
976 255
976 315
976 367
976 423
976 547
976 555
976 652
976 801
976 822
976 860
976 936
977 212
977 439
977 552
977 562
977 701
977 736
977 738
978 66
978 161
978 188
978 335
978 362
978 516
978 519
978 560
978 562
978 731
978 814
978 850
978 909
979 190
979 235
979 410
979 592
979 623
980 55
980 60
980 79
980 248
980 280
980 549
980 634
980 674
980 730
980 772
980 818
981 60
981 89
981 108
981 240
981 262
981 303
981 431
981 656
981 742
981 833
982 33
982 135
982 168
982 284
982 289
982 317
982 539
982 542
982 567
982 611
982 694
982 695
982 706
982 931
982 957
982 984
982 998
983 79
983 481
983 558
983 933
984 111
984 166
984 307
984 317
984 393
984 479
984 533
984 632
984 638
984 725
984 883
984 884
985 14
985 32
985 129
985 339
985 366
985 567
985 635
985 689
985 710
985 726
985 748
985 753
985 799
985 830
985 956
985 975
986 15
986 25
986 163
986 199
986 270
986 395
986 541
986 698
986 744
986 762
986 923
987 367
987 730
987 936
988 152
988 252
988 324
988 491
989 38
989 183
989 492
989 575
989 625
989 699
989 838
989 851
990 25
990 107
990 285
990 290
990 329
990 461
990 469
990 505
990 617
990 829
990 922
991 54
991 218
991 221
991 312
991 340
991 375
991 377
991 497
991 560
991 612
991 656
991 721
991 764
991 819
991 912
992 48
992 69
992 113
992 238
992 287
992 395
992 630
992 869
993 40
993 47
993 366
993 608
993 786
993 869
993 899
994 32
994 64
994 241
994 384
994 402
994 501
994 530
994 719
994 733
995 187
995 555
995 999
996 108
996 121
996 202
996 228
996 301
996 503
996 533
996 630
996 820
997 117
997 222
997 272
997 389
997 432
997 728
997 841
997 984
997 992
998 110
998 142
998 195
998 291
998 296
998 429
998 524
998 579
998 916
998 974
999 115
999 598
