0 41
0 161
0 162
0 252
0 432
0 624
0 708
0 859
0 862
0 926
0 982
1 69
1 97
1 124
1 313
1 383
1 463
1 586
1 631
2 31
2 85
2 180
2 246
2 290
2 310
2 530
2 562
2 670
2 694
2 742
2 862
2 863
2 886
2 899
3 10
3 125
3 278
3 395
3 560
3 613
3 624
3 663
3 770
3 797
3 865
3 892
3 980
4 109
4 254
4 349
4 375
4 389
4 502
4 566
4 985
5 57
5 88
5 186
5 230
5 403
5 524
5 712
5 811
5 853
5 867
6 94
6 122
6 323
6 339
6 379
6 614
6 710
6 807
6 873
6 939
7 17
7 53
7 84
7 164
7 473
7 491
7 661
7 821
7 991
8 3
8 296
8 424
8 489
8 510
8 667
8 962
9 240
9 323
9 579
9 635
9 660
9 880
10 127
10 130
10 491
10 702
10 704
10 753
10 777
10 997
11 191
11 251
11 262
11 407
11 411
11 506
11 684
11 802
11 965
11 991
12 55
12 623
12 898
13 69
13 165
13 444
13 616
13 650
13 715
13 837
13 908
13 956
14 42
14 138
14 164
14 234
14 399
14 528
14 640
14 705
14 720
14 722
14 757
14 814
14 959
14 994
15 4
15 124
15 127
15 430
15 549
15 574
15 622
15 644
15 775
15 965
15 973
16 2
16 132
16 160
16 178
16 503
17 23
17 68
17 267
17 298
17 546
17 612
17 667
17 671
17 743
17 895
17 930
17 985
17 994
18 110
18 199
18 224
18 242
18 427
18 463
18 676
18 813
18 859
18 988
19 77
19 166
19 180
19 222
19 225
19 393
19 485
19 486
19 495
19 570
19 840
20 234
20 312
20 526
20 586
20 648
20 807
20 852
21 431
21 481
21 559
21 733
21 899
21 984
22 21
22 40
22 77
22 337
22 406
22 497
22 585
22 694
22 958
23 104
23 307
23 419
23 534
23 590
23 612
23 944
23 967
24 2
24 19
24 25
24 75
24 100
24 110
24 134
24 143
24 221
24 249
24 287
24 382
24 404
24 621
24 689
24 912
24 916
24 933
24 976
25 1
25 190
25 272
25 301
25 309
25 458
25 465
25 505
25 795
25 849
25 871
25 994
26 40
26 526
26 552
26 609
26 794
26 818
26 977
27 29
27 104
27 150
27 225
27 320
27 397
27 447
27 470
27 548
27 612
27 776
28 60
28 97
28 134
28 295
28 300
28 466
29 63
29 147
29 154
29 314
29 315
29 548
29 721
29 792
29 822
30 13
30 162
30 516
30 669
30 765
30 895
31 128
31 315
31 625
31 789
31 850
31 857
31 862
31 921
32 148
32 180
32 229
32 260
32 358
32 477
32 504
32 518
32 650
32 653
32 717
32 721
32 818
33 71
33 178
33 184
33 489
33 589
33 668
33 710
33 756
33 897
33 907
33 927
34 35
34 48
34 198
34 242
34 292
34 339
34 714
35 8
35 104
35 133
35 193
35 226
35 256
35 274
35 399
35 455
35 635
36 54
36 64
36 85
36 89
36 153
36 181
36 198
36 225
36 226
36 593
36 665
36 684
36 772
36 955
37 7
37 76
37 278
37 345
37 354
37 583
37 698
37 755
37 834
37 841
38 70
38 81
38 154
38 185
38 235
38 422
38 493
38 502
38 591
38 767
39 143
39 200
39 433
39 843
39 898
39 967
40 247
40 345
40 356
40 384
40 391
40 392
40 430
40 451
40 554
40 999
41 90
41 156
41 224
41 364
41 675
41 768
41 953
42 170
42 220
42 240
42 272
42 341
42 353
42 490
42 538
43 162
43 502
43 508
43 598
43 620
43 656
43 746
43 750
43 817
43 917
44 88
44 132
44 206
44 264
44 276
44 385
44 399
44 522
44 563
44 567
44 593
44 665
44 810
44 866
45 8
45 43
45 358
45 454
45 641
45 732
45 898
46 60
46 102
46 127
46 243
46 309
46 410
46 453
46 467
46 667
46 696
46 765
46 823
46 838
46 840
46 912
46 970
46 989
46 991
47 86
47 250
47 262
47 319
47 375
47 499
47 591
47 737
47 985
48 8
48 80
48 103
48 124
48 132
48 194
48 237
48 247
48 447
48 596
48 641
49 6
49 126
49 152
49 166
49 428
49 495
49 567
49 581
49 595
49 648
49 717
49 844
49 936
50 93
50 169
50 305
50 327
50 457
50 550
50 667
50 752
50 753
50 805
50 850
50 913
50 949
50 953
50 970
51 33
51 103
51 214
51 241
51 261
51 621
51 635
51 644
51 782
52 5
52 34
52 84
52 306
52 417
52 450
52 737
52 903
52 911
53 220
53 277
53 311
53 455
53 576
53 890
54 123
54 235
54 397
54 469
54 632
54 697
54 969
55 5
55 83
55 137
55 252
55 254
55 396
55 445
55 496
55 728
55 880
55 976
55 987
56 91
56 183
56 198
56 308
56 400
56 451
56 681
57 6
57 18
57 93
57 142
57 273
57 345
57 525
57 752
57 880
58 196
58 327
58 336
58 468
58 717
59 4
59 76
59 141
59 293
59 451
59 467
59 497
59 585
59 690
59 853
59 927
60 81
60 174
60 221
61 77
61 94
61 117
61 153
61 357
61 489
61 616
61 859
62 37
62 352
62 388
62 514
62 620
62 745
63 16
63 100
63 110
63 265
63 408
63 581
63 597
63 666
63 952
63 973
64 48
64 151
64 209
64 221
64 240
64 288
64 607
65 54
65 103
65 115
65 142
65 261
65 274
65 297
65 326
65 517
65 541
65 544
65 769
66 258
66 459
66 514
66 563
66 797
66 887
67 6
67 42
67 160
67 201
67 381
67 420
67 481
67 574
67 588
67 682
67 734
67 740
67 957
68 1
68 89
68 110
68 216
68 399
68 452
68 538
68 728
68 736
68 786
69 101
69 108
69 138
69 173
69 439
69 683
69 806
69 891
69 903
69 912
70 78
70 130
70 174
70 278
70 290
70 294
70 295
70 308
70 453
70 553
70 592
70 734
70 773
70 782
70 787
70 849
71 73
71 82
71 136
71 159
71 211
71 654
71 721
71 737
71 963
71 996
72 130
72 131
72 416
72 633
72 800
73 280
73 335
73 341
73 612
73 623
73 624
73 728
73 803
73 843
73 861
73 864
73 982
74 114
74 372
74 409
74 455
74 527
74 750
74 762
74 889
74 909
75 67
75 153
75 181
75 577
75 635
75 764
75 877
76 6
76 48
76 58
76 406
76 421
76 494
76 549
76 553
76 584
76 626
76 797
77 192
77 219
77 323
77 508
77 580
77 632
77 834
77 994
78 14
78 108
78 255
78 260
78 276
78 359
78 441
78 472
78 477
78 523
78 708
78 746
78 897
79 18
79 119
79 126
79 208
79 245
79 287
79 740
79 829
80 18
80 24
80 76
80 101
80 133
80 430
80 497
80 705
80 772
80 794
80 837
80 927
80 979
80 990
81 17
81 98
81 409
81 410
81 617
81 795
82 121
82 183
82 389
82 468
82 479
82 601
82 779
82 968
83 68
83 70
83 117
83 221
83 226
83 466
83 735
84 98
84 130
84 133
84 177
84 239
84 331
84 395
84 580
84 590
84 610
84 785
84 802
85 2
85 7
85 17
85 73
85 186
85 264
85 364
85 525
85 593
85 637
85 671
85 693
85 703
85 728
85 842
85 849
85 999
86 1
86 63
86 72
86 153
86 184
86 265
86 437
86 648
86 699
86 785
86 856
86 890
86 989
87 113
87 120
87 189
87 218
87 270
87 316
87 336
87 489
87 599
87 715
87 740
87 770
87 780
88 105
88 110
88 164
88 196
88 321
88 526
88 552
88 620
88 881
88 887
88 937
88 946
89 18
89 215
89 243
89 455
89 512
89 575
89 585
89 594
89 642
89 654
89 667
89 843
89 856
89 880
89 935
90 68
90 273
90 316
90 375
90 400
90 506
90 599
90 675
90 724
90 883
90 907
91 63
91 126
91 354
91 429
91 537
91 562
91 845
91 857
91 860
91 886
91 909
92 18
92 111
92 143
92 151
92 217
92 366
92 380
92 512
92 519
92 839
92 968
93 2
93 11
93 32
93 298
93 313
93 450
93 522
93 738
93 853
93 957
94 22
94 421
94 609
94 656
94 891
94 958
94 996
95 38
95 48
95 89
95 96
95 211
95 364
95 499
95 768
95 886
95 910
96 143
96 145
96 322
96 342
96 484
96 975
96 984
97 109
97 171
97 252
97 417
97 463
97 490
97 664
97 766
97 809
97 863
98 4
98 170
98 177
98 416
98 460
98 465
98 524
98 545
98 708
98 815
98 924
99 53
99 94
99 379
99 466
99 522
99 566
99 636
99 700
99 853
99 906
99 975
100 263
100 445
100 464
100 508
100 528
100 903
101 4
101 69
101 79
101 201
101 263
101 323
101 421
101 436
101 532
101 647
101 714
101 736
101 878
101 953
102 0
102 202
102 399
102 416
102 480
102 604
102 683
102 752
103 160
103 241
103 268
103 279
103 358
103 399
103 752
104 63
104 317
104 364
104 389
104 458
104 743
104 782
104 952
105 28
105 65
105 79
105 331
105 549
105 717
105 801
105 805
105 809
105 817
105 821
105 966
106 100
106 206
106 270
106 344
106 391
106 736
106 756
106 811
106 823
107 81
107 429
107 495
107 674
107 721
107 861
107 997
108 44
108 171
108 483
108 637
108 773
108 932
108 980
109 7
109 28
109 71
109 113
109 141
109 156
109 348
109 423
109 462
109 510
109 528
109 564
109 628
109 803
109 900
109 985
109 999
110 51
110 407
110 794
111 192
111 332
111 380
111 451
111 521
111 525
111 574
111 613
111 831
111 895
112 49
112 137
112 147
112 190
112 335
112 553
112 558
112 613
112 642
112 669
112 715
112 759
112 831
112 854
113 118
113 268
113 370
113 568
113 640
113 753
113 810
113 820
113 874
113 883
113 959
113 991
114 17
114 124
114 235
114 281
114 332
114 586
114 769
114 789
114 800
115 197
115 213
115 235
115 291
115 396
115 459
115 536
115 684
115 818
115 831
115 833
115 909
115 932
116 61
116 67
116 159
116 183
116 246
116 555
116 625
116 626
116 746
116 944
117 112
117 116
117 152
117 176
117 194
117 310
117 380
117 434
117 624
117 652
117 693
117 964
118 49
118 228
118 270
118 347
118 501
118 793
118 821
118 935
118 970
119 38
119 207
119 356
119 480
119 509
119 683
119 719
119 875
119 922
119 989
120 173
120 190
120 208
120 255
120 283
120 525
120 599
120 707
120 735
120 868
120 952
120 978
120 985
121 39
121 50
121 258
121 310
121 589
121 839
121 863
121 867
121 924
121 986
122 158
122 179
122 337
122 558
122 581
122 584
122 993
123 284
123 336
123 453
123 455
123 503
123 599
123 690
123 764
123 769
123 796
123 802
123 811
124 8
124 159
124 191
124 210
124 753
124 814
124 940
125 121
125 160
125 261
125 607
125 683
125 715
125 916
126 296
126 341
126 429
126 453
126 638
126 646
126 666
126 741
126 934
127 109
127 225
127 323
127 439
127 685
127 698
127 719
127 851
127 896
128 30
128 155
128 243
128 248
128 362
128 520
128 537
128 543
128 554
128 604
128 627
128 634
128 701
129 251
129 253
129 357
129 402
129 643
129 689
129 759
129 761
129 836
129 892
129 899
130 153
130 163
130 371
130 388
130 418
130 464
130 483
130 549
130 567
130 648
130 830
130 883
130 913
131 133
131 405
131 408
131 604
131 625
131 741
131 753
131 823
131 907
132 223
132 586
132 608
132 740
132 956
132 992
133 182
133 219
133 257
133 343
133 430
133 589
133 711
133 800
133 839
133 879
134 5
134 60
134 311
134 435
134 579
134 631
134 949
135 37
135 453
135 559
135 581
135 649
135 770
135 871
135 966
136 117
136 135
136 170
136 221
136 238
136 338
136 377
136 401
136 507
136 663
136 828
137 128
137 270
137 401
137 422
137 594
137 708
137 750
137 951
137 969
138 160
138 230
138 272
138 291
138 328
138 408
138 423
138 430
138 449
138 876
139 237
139 260
139 295
139 370
139 508
139 973
140 142
140 228
140 243
140 728
140 787
140 836
140 865
140 894
140 996
141 37
141 123
141 151
141 156
141 177
141 334
141 421
141 630
141 784
141 814
141 869
141 895
141 913
142 47
142 209
142 459
142 470
142 489
142 680
142 912
143 226
143 299
143 399
143 422
143 606
143 650
143 667
143 699
143 710
143 806
143 848
143 884
143 961
144 108
144 160
144 426
144 430
144 440
144 629
144 709
144 728
144 776
145 201
145 245
145 360
145 365
145 419
145 676
145 870
146 1
146 192
146 255
146 256
146 303
146 368
146 526
146 631
146 897
146 908
146 920
147 25
147 207
147 236
147 333
147 389
147 460
147 537
147 581
148 46
148 94
148 261
148 328
148 466
148 481
148 499
148 710
148 711
148 725
148 858
148 919
149 147
149 186
149 266
149 327
149 346
149 591
149 758
149 837
149 856
149 912
149 948
149 975
150 4
150 186
150 378
150 503
150 642
150 838
150 925
151 3
151 36
151 233
151 258
151 265
151 291
151 381
151 485
151 612
151 710
151 714
151 745
151 793
151 797
151 927
151 986
152 45
152 90
152 237
152 567
152 952
153 161
153 185
153 228
153 243
153 338
153 390
153 811
153 835
154 139
154 377
154 482
154 522
154 754
154 776
154 781
154 848
154 987
155 196
155 209
155 333
155 496
155 654
155 824
155 877
156 179
156 256
156 295
156 318
156 323
156 345
156 881
156 958
156 992
157 188
157 340
157 369
157 820
157 852
157 944
158 138
158 142
158 243
158 271
158 301
158 425
158 444
158 569
158 618
158 683
158 803
158 870
158 918
159 148
159 163
159 348
159 585
159 660
159 836
160 97
160 270
160 370
160 377
160 561
160 759
160 828
161 368
161 614
161 669
161 676
161 716
161 902
162 12
162 13
162 236
162 298
162 528
162 600
162 724
162 734
162 758
162 824
162 868
162 871
162 886
162 983
163 171
163 538
163 545
163 808
163 835
163 940
163 946
163 980
164 203
164 211
164 271
164 283
164 449
164 605
164 645
164 711
164 734
164 992
165 45
165 58
165 99
165 177
165 471
165 547
165 784
165 823
166 213
166 498
166 549
166 596
166 904
166 967
167 149
167 178
167 205
167 385
167 482
167 525
167 558
167 695
167 928
167 956
167 978
168 8
168 45
168 77
168 87
168 120
168 194
168 271
168 302
168 383
168 504
168 513
168 547
168 712
168 907
169 72
169 325
169 355
169 530
169 872
169 963
170 54
170 112
170 230
170 273
170 395
170 434
170 504
170 546
170 647
170 669
170 708
170 832
170 927
171 96
171 175
171 194
171 388
171 392
171 514
171 952
172 70
172 114
172 282
172 366
172 369
172 544
172 682
172 743
172 811
172 925
173 38
173 277
173 299
173 541
173 600
173 624
173 941
174 25
174 29
174 72
174 450
174 480
174 598
174 693
174 715
174 742
175 21
175 269
175 360
175 587
175 678
175 823
175 869
176 7
176 19
176 144
176 240
176 333
176 390
176 395
176 555
176 584
176 738
176 896
176 960
177 0
177 30
177 154
177 313
177 330
177 422
177 443
177 650
177 729
177 770
178 177
178 195
178 328
178 548
178 615
178 629
178 659
178 757
178 775
178 843
178 912
178 938
179 72
179 74
179 177
179 221
179 228
179 234
179 329
179 634
179 700
179 785
179 891
179 964
179 985
179 998
180 10
180 75
180 103
180 312
180 439
180 607
180 631
180 755
180 999
181 81
181 164
181 191
181 299
181 342
181 391
181 673
181 697
181 723
181 816
181 960
182 4
182 57
182 124
182 236
182 268
182 348
182 393
182 425
182 932
182 952
182 976
182 998
183 191
183 228
183 717
183 777
183 891
183 945
184 107
184 238
184 396
184 515
184 576
184 632
184 693
184 786
184 884
185 73
185 75
185 99
185 140
185 159
185 163
185 193
185 237
185 357
185 604
185 633
185 684
185 761
185 797
185 944
186 7
186 171
186 301
186 381
186 402
186 427
186 433
186 440
186 570
186 579
186 583
186 625
186 895
186 944
187 67
187 74
187 164
187 229
187 345
187 420
187 513
187 752
187 785
187 880
188 17
188 135
188 200
188 297
188 454
188 549
188 644
188 818
189 5
189 31
189 42
189 80
189 208
189 451
189 511
189 519
189 520
189 699
190 97
190 402
190 561
190 566
190 673
190 917
191 25
191 367
191 384
191 407
191 408
191 413
191 566
191 634
191 641
191 642
191 687
191 708
191 835
191 868
191 952
191 962
192 201
192 279
192 399
192 414
192 538
192 595
192 856
192 992
193 46
193 198
193 331
193 336
193 383
193 557
193 666
193 706
193 735
193 785
193 844
193 896
194 67
194 239
194 241
194 476
194 526
194 573
194 625
194 626
194 627
194 919
194 968
195 82
195 85
195 88
195 170
195 329
195 347
195 566
195 636
195 679
195 750
195 755
195 920
196 11
196 50
196 52
196 57
196 300
196 345
196 565
196 591
196 883
196 893
196 995
197 40
197 51
197 91
197 116
197 128
197 188
197 435
197 456
197 505
197 719
197 827
197 836
197 912
198 16
198 48
198 68
198 575
198 672
198 691
199 195
199 256
199 310
199 419
199 650
199 656
199 695
199 939
199 951
199 965
200 1
200 56
200 128
200 378
200 382
200 508
200 565
200 645
200 741
200 804
201 45
201 99
201 136
201 317
201 344
201 446
201 503
201 629
201 747
201 775
202 84
202 89
202 184
202 197
202 216
202 258
202 285
202 406
202 475
202 723
202 840
202 866
202 941
202 977
203 169
203 227
203 249
203 255
203 399
203 469
203 476
203 502
203 654
203 709
203 725
203 736
203 765
203 837
203 955
204 63
204 83
204 99
204 151
204 223
204 310
204 398
204 445
204 460
204 477
204 585
204 777
204 795
204 802
204 839
204 882
204 895
205 9
205 72
205 174
205 192
205 434
205 502
205 537
205 547
205 620
205 669
205 694
205 711
206 94
206 217
206 360
206 480
206 520
206 529
206 615
206 648
206 678
206 757
206 780
207 174
207 201
207 202
207 252
207 420
207 481
207 517
207 718
207 772
207 954
208 12
208 40
208 47
208 174
208 298
208 433
208 512
208 657
208 859
208 920
209 10
209 237
209 245
209 625
209 626
209 674
209 949
209 972
210 41
210 131
210 158
210 178
210 206
210 426
210 796
210 950
210 969
211 143
211 269
211 423
211 441
211 508
211 586
211 765
212 89
212 92
212 119
212 160
212 262
212 320
212 635
212 707
212 764
213 287
213 352
213 435
213 583
213 719
213 813
213 830
214 17
214 43
214 178
214 310
214 353
214 470
214 484
214 724
214 755
214 757
214 759
214 763
215 18
215 119
215 154
215 357
215 363
215 705
215 789
215 902
216 64
216 143
216 192
216 309
216 338
216 460
216 532
216 695
216 720
216 743
216 754
216 779
216 894
216 949
216 971
217 347
217 381
217 494
217 637
217 750
217 823
217 924
217 945
217 980
217 982
218 27
218 84
218 111
218 314
218 496
218 562
218 705
218 851
218 905
219 108
219 138
219 210
219 274
219 322
219 337
219 383
219 459
219 590
219 592
219 805
219 870
219 882
220 33
220 88
220 324
220 335
220 344
220 361
220 527
220 573
221 73
221 85
221 91
221 256
221 266
221 487
221 657
221 671
221 683
221 773
221 907
221 936
221 985
222 246
222 263
222 270
222 327
222 359
222 405
222 418
222 474
222 518
222 530
222 555
222 581
222 709
222 721
222 799
222 833
222 858
223 40
223 110
223 195
223 349
223 361
223 530
223 594
223 631
223 687
223 769
223 832
223 865
224 2
224 30
224 206
224 417
224 470
224 478
224 504
224 707
224 723
224 770
224 772
224 813
224 946
224 967
225 11
225 33
225 40
225 117
225 188
225 197
225 212
225 228
225 288
225 334
225 598
225 792
225 900
225 917
225 930
225 937
225 942
226 88
226 116
226 180
226 186
226 305
226 348
226 527
226 558
226 563
226 602
226 605
226 676
226 681
226 699
226 928
227 55
227 109
227 315
227 348
227 380
227 399
227 400
227 568
227 710
227 945
228 268
228 332
228 366
228 517
228 661
228 829
228 952
229 76
229 80
229 458
229 511
229 613
229 645
229 834
229 909
230 9
230 71
230 308
230 400
230 419
230 437
231 195
231 279
231 292
231 831
231 939
231 953
231 991
232 100
232 114
232 404
232 483
232 713
232 715
232 820
232 870
233 58
233 59
233 65
233 235
233 260
233 580
233 664
233 856
233 885
233 948
234 130
234 453
234 556
234 892
235 38
235 222
235 422
235 444
235 575
235 902
235 908
235 935
236 44
236 69
236 241
236 307
236 390
236 462
236 481
236 483
236 559
236 618
236 721
236 785
237 24
237 267
237 424
237 460
237 706
237 945
238 85
238 117
238 278
238 540
238 876
238 893
238 924
239 202
239 311
239 365
239 383
239 395
239 401
239 476
239 564
239 619
239 664
239 842
239 922
239 990
240 121
240 156
240 591
240 620
240 663
240 687
240 752
241 224
241 332
241 350
241 688
241 799
241 945
242 6
242 157
242 409
242 429
242 501
242 546
242 586
242 596
242 824
242 858
242 914
242 919
243 6
243 74
243 151
243 345
243 472
243 609
243 763
243 935
243 957
243 981
243 990
244 10
244 94
244 198
244 225
244 434
244 533
244 577
244 613
244 688
244 764
244 791
245 16
245 218
245 409
245 462
245 567
245 622
245 747
245 932
246 7
246 70
246 270
246 293
246 340
246 380
246 438
246 883
247 182
247 504
247 533
247 668
247 837
248 29
248 54
248 185
248 261
248 766
248 844
248 887
248 888
248 914
248 940
249 15
249 77
249 226
249 633
249 671
249 694
249 806
249 961
250 84
250 227
250 317
250 424
250 530
250 847
250 862
251 14
251 50
251 130
251 133
251 358
251 612
251 684
251 849
251 901
252 17
252 268
252 285
252 355
252 544
252 561
252 628
252 648
252 724
253 105
253 309
253 525
253 532
253 661
253 665
253 723
253 959
254 3
254 12
254 202
254 293
254 387
254 510
254 553
254 585
254 735
254 747
254 763
254 928
255 46
255 183
255 232
255 568
255 592
255 649
255 739
255 794
255 812
256 135
256 181
256 522
256 806
257 50
257 320
257 498
257 539
257 540
257 620
257 783
257 961
257 977
258 17
258 75
258 103
258 198
258 335
258 353
258 366
258 408
258 422
258 459
258 680
258 718
258 844
258 867
258 886
258 902
259 349
259 522
259 565
259 577
259 793
259 799
259 831
259 849
259 940
260 117
260 161
260 166
260 175
260 208
260 580
260 593
260 611
260 811
260 893
260 972
261 117
261 137
261 191
261 262
261 446
261 451
261 494
261 722
261 841
261 938
262 457
262 504
262 512
262 639
262 658
262 663
262 788
263 88
263 194
263 218
263 264
263 289
263 306
263 512
263 688
263 857
263 944
263 967
264 27
264 218
264 224
264 330
264 524
264 572
264 689
264 692
264 738
264 763
264 842
264 873
264 904
265 54
265 70
265 247
265 255
265 323
265 394
265 407
265 528
265 647
265 861
265 897
265 930
265 936
266 116
266 232
266 280
266 408
266 453
266 544
266 870
266 894
266 933
266 959
266 967
267 186
267 327
267 337
267 465
267 482
267 624
267 646
267 656
267 714
267 771
267 790
267 984
268 77
268 158
268 170
268 361
268 411
268 582
268 604
268 629
268 649
268 944
269 290
269 365
269 425
269 524
269 579
269 721
269 737
269 744
269 960
270 121
270 261
270 446
270 638
270 713
270 773
270 899
270 993
271 196
271 206
271 315
271 521
271 563
271 571
271 690
271 950
271 951
272 293
272 368
272 395
272 425
272 509
272 514
272 908
272 951
272 985
273 127
273 402
273 418
273 443
273 459
273 516
273 548
273 648
273 696
273 728
273 730
273 738
273 818
273 847
273 868
274 55
274 152
274 169
274 375
274 548
274 880
275 126
275 138
275 194
275 212
275 280
275 290
275 392
275 431
275 853
276 58
276 64
276 103
276 221
276 285
276 326
276 388
276 397
276 465
276 474
276 580
276 647
276 685
276 879
276 957
276 979
277 9
277 49
277 69
277 119
277 276
277 463
277 627
277 660
277 813
277 889
277 897
277 937
277 965
278 11
278 29
278 190
278 383
278 391
278 739
278 850
278 968
279 1
279 64
279 241
279 267
279 353
279 515
279 645
279 735
279 767
279 943
280 4
280 97
280 149
280 307
280 335
280 345
280 393
280 588
280 924
281 121
281 366
281 375
281 393
281 415
281 431
281 459
281 477
281 633
281 790
282 126
282 166
282 187
282 189
282 262
282 265
282 308
282 317
282 373
282 647
282 844
282 982
283 98
283 156
283 191
283 267
283 425
283 443
283 448
283 502
283 861
283 875
284 82
284 86
284 492
284 705
284 784
285 112
285 136
285 246
285 320
285 322
285 461
285 482
285 517
285 604
285 653
285 709
286 246
286 377
286 602
286 651
286 657
287 143
287 289
287 433
287 631
288 72
288 85
288 90
288 385
288 425
288 437
288 493
288 532
288 842
288 944
289 408
289 488
289 625
289 635
289 687
289 844
289 923
290 16
290 31
290 133
290 195
290 425
290 476
290 580
290 710
290 722
290 935
290 957
291 26
291 113
291 165
291 181
291 460
291 809
291 976
292 357
292 406
292 471
292 519
292 545
292 866
293 11
293 34
293 74
293 161
293 364
293 489
293 550
293 598
293 641
293 660
293 724
293 834
293 844
294 73
294 102
294 297
294 314
294 395
294 408
294 615
294 927
295 147
295 366
295 439
295 615
295 739
295 748
295 901
295 915
295 955
296 67
296 488
296 580
296 679
296 730
296 864
296 879
296 917
296 933
297 55
297 182
297 189
297 232
297 360
297 491
297 633
297 764
297 784
297 858
297 964
298 88
298 119
298 185
298 360
298 474
298 613
298 796
298 953
299 12
299 306
299 326
299 434
299 471
299 500
299 595
299 862
299 887
299 981
300 90
300 132
300 136
300 167
300 459
300 536
300 809
300 838
300 890
300 903
300 912
300 960
301 430
301 441
301 530
301 980
301 992
302 109
302 188
302 215
302 281
302 314
302 324
302 425
302 520
302 575
302 706
302 744
302 767
302 850
303 49
303 231
303 243
303 286
303 311
303 382
303 576
303 629
303 635
303 873
304 11
304 122
304 377
304 388
304 452
304 460
304 675
304 703
304 717
304 785
304 839
304 876
304 901
304 998
305 8
305 23
305 24
305 79
305 125
305 256
305 300
305 495
305 534
305 560
305 568
305 611
305 615
305 627
305 733
305 834
305 898
305 916
306 69
306 205
306 239
306 260
306 326
306 344
306 394
306 522
306 530
306 816
306 884
306 917
306 982
307 81
307 197
307 246
307 289
307 293
307 397
307 402
307 481
308 73
308 217
308 352
308 364
308 408
308 456
308 585
308 634
308 735
308 802
308 970
309 137
309 203
309 250
309 280
309 339
309 425
309 486
309 493
309 617
309 638
309 690
310 37
310 95
310 197
310 248
310 272
310 377
310 387
310 398
310 400
310 423
310 537
310 634
310 806
310 820
310 893
310 936
311 12
311 19
311 49
311 85
311 86
311 187
311 249
311 424
311 629
311 817
311 943
312 55
312 108
312 113
312 246
312 284
312 371
312 384
312 435
312 517
312 524
312 688
312 784
312 942
312 976
313 64
313 69
313 89
313 305
313 533
313 572
313 601
313 609
314 57
314 297
314 392
314 400
314 427
314 437
314 443
314 613
315 6
315 384
315 564
315 710
315 748
315 852
315 902
316 93
316 222
316 279
316 314
316 323
316 382
316 621
316 729
316 812
316 922
316 939
317 14
317 62
317 149
317 288
317 301
317 318
317 350
317 554
317 678
317 769
317 866
318 54
318 89
318 107
318 203
318 313
318 737
318 776
318 808
318 810
318 919
318 979
319 89
319 393
319 403
319 464
319 538
319 597
319 680
319 705
319 912
320 90
320 142
320 443
320 627
320 842
320 965
321 154
321 176
321 772
321 928
321 967
321 985
322 163
322 178
322 404
322 551
322 575
322 622
322 716
322 829
322 855
322 932
323 23
323 195
323 419
323 427
323 504
323 606
323 709
323 764
323 803
323 836
323 852
323 861
323 961
323 979
324 111
324 163
324 232
324 619
324 682
324 731
324 809
324 833
324 883
325 82
325 129
325 152
325 304
325 339
325 484
325 594
325 640
325 875
326 138
326 380
326 399
326 401
326 403
326 532
326 613
326 806
326 926
326 994
327 396
327 477
327 481
327 581
327 616
327 644
327 783
328 174
328 181
328 222
328 263
328 350
328 387
328 452
328 522
328 526
328 624
328 642
328 660
328 719
328 811
328 842
328 957
329 1
329 79
329 148
329 212
329 434
329 551
329 627
329 769
329 963
330 24
330 26
330 256
330 275
330 317
330 456
330 587
330 870
330 978
331 74
331 242
331 486
331 508
331 816
331 950
332 12
332 16
332 72
332 173
332 246
332 346
332 578
332 701
332 879
332 913
332 953
332 981
333 51
333 52
333 86
333 110
333 206
333 225
333 396
333 418
333 534
333 637
333 701
334 3
334 212
334 412
334 424
334 483
334 514
334 542
334 582
334 869
334 946
334 992
335 88
335 230
335 269
335 331
335 484
335 559
335 920
336 0
336 514
336 524
336 755
336 861
336 886
336 926
336 996
337 110
337 273
337 290
337 422
337 466
337 509
337 659
337 739
337 861
338 8
338 254
338 257
338 327
338 328
338 769
339 7
339 65
339 102
339 145
339 351
339 398
339 485
339 493
339 521
339 714
339 739
339 750
340 44
340 67
340 146
340 245
340 344
340 732
340 852
340 885
340 900
340 996
341 110
341 137
341 167
341 284
341 360
341 366
341 373
341 449
341 503
341 592
341 724
341 881
341 920
341 996
342 76
342 220
342 281
342 296
342 462
342 479
342 559
342 606
342 646
342 705
343 63
343 67
343 291
343 458
343 552
343 685
343 825
343 874
343 945
344 250
344 283
344 605
344 633
344 825
344 886
344 985
345 53
345 92
345 122
345 144
345 219
345 278
345 405
345 422
345 424
345 502
345 552
345 561
345 574
345 618
345 662
345 705
345 779
345 859
346 43
346 52
346 65
346 256
346 345
346 717
346 767
346 801
346 847
346 901
346 945
347 14
347 42
347 199
347 330
347 432
347 569
347 602
347 701
347 755
347 759
347 888
348 119
348 335
348 458
348 561
348 567
348 741
348 823
348 935
349 76
349 102
349 137
349 228
349 365
349 487
349 587
349 599
349 761
349 764
349 840
349 857
349 870
350 109
350 163
350 397
350 563
350 605
351 137
351 140
351 302
351 313
351 548
351 582
351 621
351 646
351 745
351 746
352 198
352 231
352 274
352 452
352 711
352 777
352 873
353 51
353 234
353 428
353 522
353 606
353 659
353 666
353 719
353 800
353 815
353 823
353 950
353 981
354 211
354 512
354 576
354 682
354 737
354 773
354 783
354 798
354 984
355 145
355 150
355 233
355 294
355 407
355 424
355 461
355 464
355 658
355 667
355 683
355 760
355 968
356 156
356 198
356 268
356 363
356 379
356 609
356 768
356 954
356 956
357 104
357 372
357 413
357 463
357 606
357 625
357 647
357 943
357 949
358 116
358 182
358 213
358 743
358 755
358 823
358 866
358 979
359 13
359 61
359 103
359 202
359 370
359 375
359 405
359 423
359 498
359 659
359 904
359 920
359 938
360 2
360 93
360 100
360 252
360 294
360 378
360 416
360 468
360 549
360 640
360 781
360 872
361 112
361 117
361 189
361 230
361 455
361 510
361 512
361 524
361 655
362 19
362 209
362 404
362 471
362 507
362 518
362 567
362 748
362 763
362 786
362 792
362 851
362 940
363 29
363 47
363 100
363 203
363 306
363 337
363 350
363 426
363 594
363 611
363 627
363 644
363 707
363 759
363 806
363 822
363 881
364 21
364 165
364 237
364 261
364 294
364 344
364 447
364 540
364 631
364 745
365 142
365 215
365 275
365 433
365 495
365 554
365 619
365 911
365 999
366 32
366 134
366 183
366 210
366 227
366 283
366 791
366 968
366 986
367 52
367 83
367 336
367 365
367 431
367 515
367 597
367 822
367 947
368 25
368 94
368 255
368 264
368 362
368 390
368 412
368 457
368 483
368 492
368 531
368 763
368 807
369 17
369 51
369 225
369 264
369 336
369 357
369 596
369 686
369 711
369 751
369 877
369 964
369 984
370 282
370 392
370 403
370 429
370 445
370 579
370 591
370 742
370 785
370 979
371 24
371 90
371 92
371 441
371 767
371 825
371 842
371 871
372 62
372 248
372 471
372 553
372 659
372 943
372 993
373 79
373 257
373 261
373 270
373 297
373 312
373 468
373 523
373 693
373 697
373 781
373 804
373 915
373 916
373 948
373 978
374 22
374 82
374 215
374 240
374 283
374 349
374 357
374 368
374 389
374 416
374 804
374 820
374 859
374 932
375 91
375 399
375 424
375 569
375 650
375 658
375 671
375 739
375 752
375 921
375 970
376 4
376 5
376 226
376 272
376 394
376 430
376 482
376 495
376 497
376 501
376 553
376 560
376 589
376 607
376 703
376 899
376 967
377 82
377 110
377 122
377 170
377 242
377 458
377 563
377 660
377 726
377 740
377 989
378 104
378 302
378 350
378 486
378 662
378 732
378 816
378 934
378 950
379 22
379 167
379 246
379 336
379 461
379 490
379 530
379 651
379 759
379 773
379 892
379 908
379 922
379 990
380 217
380 238
380 240
380 573
380 582
380 668
380 701
380 952
381 128
381 170
381 245
381 636
381 994
381 997
382 66
382 243
382 329
382 427
382 462
382 472
382 646
382 671
382 812
382 924
382 957
383 28
383 82
383 117
383 169
383 222
383 282
383 301
383 422
383 609
383 644
383 675
383 677
383 806
383 850
383 863
384 8
384 136
384 138
384 272
384 331
384 472
384 512
384 649
384 659
384 812
384 929
385 34
385 319
385 488
385 500
385 847
385 869
385 988
385 993
386 20
386 83
386 417
386 515
386 669
386 842
386 887
386 891
386 986
387 121
387 182
387 203
387 247
387 650
387 715
387 815
387 829
387 838
387 873
387 998
388 278
388 371
388 382
388 422
388 572
388 615
388 757
388 882
388 909
389 19
389 37
389 45
389 132
389 434
389 537
389 705
389 826
390 31
390 172
390 259
390 489
390 537
390 686
390 695
390 701
390 709
390 717
390 758
390 776
390 907
390 938
391 33
391 100
391 173
391 237
391 344
391 362
391 401
391 447
391 606
391 610
391 695
391 802
391 881
391 901
391 945
391 947
391 950
391 953
392 248
392 263
392 375
392 453
392 497
392 520
392 721
392 908
393 301
393 347
393 375
393 391
393 597
393 624
393 716
393 749
393 786
393 791
393 920
394 11
394 29
394 267
394 309
394 339
394 402
394 630
394 720
394 840
394 879
395 1
395 22
395 41
395 155
395 459
395 508
395 644
396 68
396 174
396 318
396 377
396 460
396 466
396 546
396 734
396 984
397 54
397 65
397 163
397 180
397 232
397 408
397 662
397 676
397 794
397 828
398 1
398 85
398 263
398 399
398 401
398 404
398 476
398 499
398 674
398 792
398 884
398 886
399 253
399 259
399 501
399 602
399 619
399 807
400 68
400 75
400 354
400 599
400 840
401 180
401 287
401 369
401 627
401 636
401 743
401 795
401 911
402 220
402 302
402 393
402 467
402 487
402 550
402 572
402 865
402 989
403 6
403 231
403 273
403 371
403 482
403 629
403 631
403 900
403 925
403 949
404 10
404 83
404 84
404 172
404 188
404 195
404 402
404 562
404 572
404 940
405 97
405 127
405 178
405 349
405 515
405 662
405 826
406 27
406 276
406 351
406 385
406 623
406 777
406 841
406 891
407 131
407 421
407 442
407 460
407 520
407 580
407 637
407 643
407 819
407 933
407 954
408 48
408 486
408 504
408 540
408 623
408 673
408 903
408 991
409 245
409 419
409 472
409 504
409 514
409 584
409 625
409 867
410 248
410 349
410 366
410 507
410 512
410 583
410 614
410 618
410 647
410 651
410 756
410 798
410 921
411 231
411 259
411 342
411 410
411 471
411 542
411 592
411 610
411 611
411 699
411 784
411 832
412 36
412 44
412 89
412 268
412 724
412 777
412 858
412 955
413 181
413 378
413 539
413 563
413 578
413 744
413 818
413 918
413 922
413 926
413 961
414 249
414 345
414 410
414 448
414 648
414 658
414 705
414 803
414 966
415 63
415 210
415 322
415 644
415 692
415 828
415 865
416 49
416 65
416 111
416 198
416 354
416 434
416 491
416 551
416 628
416 798
416 889
416 895
416 913
417 124
417 175
417 396
417 428
417 447
417 655
417 675
417 715
417 892
417 912
418 27
418 78
418 164
418 255
418 379
418 592
418 674
418 681
418 949
418 972
419 154
419 184
419 194
419 226
419 234
419 334
419 672
419 687
419 689
419 705
419 776
419 816
419 886
420 67
420 202
420 254
420 302
420 330
420 358
420 551
420 585
420 633
420 671
420 693
420 717
420 807
420 871
420 883
420 956
421 135
421 160
421 216
421 311
421 337
421 473
421 502
421 503
421 629
421 724
421 739
421 757
421 859
421 916
421 976
421 995
422 139
422 227
422 229
422 362
422 383
422 441
422 456
422 560
422 566
422 627
422 803
422 877
422 984
423 81
423 98
423 126
423 173
423 181
423 215
423 362
423 368
423 370
423 449
423 610
423 770
423 854
423 861
423 916
424 44
424 129
424 372
424 592
424 706
424 708
424 719
424 839
425 54
425 63
425 279
425 322
425 418
425 431
425 497
425 594
425 637
425 946
425 951
425 962
426 26
426 97
426 123
426 148
426 547
426 570
426 576
426 609
426 856
426 885
426 953
427 38
427 176
427 179
427 200
427 452
427 521
427 651
427 790
427 880
427 904
427 993
428 150
428 342
428 620
428 689
428 803
429 29
429 36
429 80
429 179
429 246
429 517
429 551
429 687
429 760
429 957
430 612
430 616
431 464
431 547
431 555
431 588
431 661
431 662
431 816
431 973
432 197
432 226
432 238
432 243
432 280
432 361
432 459
432 675
432 786
433 42
433 141
433 173
433 262
433 296
433 504
433 579
433 643
433 718
433 788
434 277
434 496
434 876
434 881
434 895
434 898
434 987
435 112
435 207
435 506
435 999
436 6
436 40
436 117
436 125
436 140
436 650
436 684
436 862
436 966
437 218
437 282
437 293
437 477
437 592
437 785
437 857
437 906
437 907
438 358
438 478
438 479
438 544
438 592
438 648
438 666
438 678
438 818
438 932
439 169
439 204
439 219
439 265
439 454
439 726
439 738
439 807
439 820
440 98
440 133
440 213
440 781
440 820
440 859
440 972
441 27
441 109
441 274
441 296
441 302
441 699
441 725
441 793
441 808
442 91
442 151
442 155
442 278
442 368
442 484
442 510
442 538
442 760
442 854
442 943
443 242
443 260
443 267
443 361
443 379
443 490
443 761
443 805
443 844
444 26
444 96
444 109
444 119
444 138
444 199
444 447
444 465
444 569
444 721
444 913
444 926
445 49
445 88
445 96
445 169
445 318
445 345
445 454
445 499
445 608
445 769
445 803
445 812
445 968
446 34
446 100
446 187
446 373
446 402
446 450
446 570
446 662
446 801
446 895
446 915
446 997
447 119
447 170
447 229
447 296
447 359
447 400
447 414
447 421
447 451
447 471
447 525
447 575
447 592
447 761
447 922
447 951
448 139
448 198
448 208
448 217
448 236
448 241
448 299
448 318
448 370
448 471
449 25
449 109
449 300
449 376
449 395
449 409
449 445
449 488
449 491
449 549
449 570
449 626
449 639
449 652
449 746
449 835
449 843
449 923
450 40
450 70
450 170
450 208
450 355
450 429
450 664
450 673
450 728
451 56
451 123
451 243
451 312
451 343
451 707
451 790
451 839
451 950
451 956
451 960
451 980
452 290
452 434
452 458
452 473
452 535
452 755
452 892
453 73
453 153
453 199
453 305
453 322
453 452
453 536
453 574
453 594
453 982
454 164
454 219
454 601
454 763
454 793
454 818
454 908
455 170
455 215
455 338
455 348
455 483
455 698
455 819
455 892
456 195
456 289
456 480
456 583
456 590
456 623
456 684
456 739
456 826
456 853
457 83
457 221
457 319
457 617
457 685
457 798
457 806
457 870
458 121
458 159
458 322
458 361
458 493
458 605
458 685
458 818
458 827
458 999
459 74
459 438
459 509
460 28
460 41
460 164
460 194
460 242
460 246
460 248
460 335
460 684
460 685
460 748
460 828
460 836
460 919
461 131
461 147
461 152
461 262
461 359
461 365
461 534
461 643
461 666
461 745
461 746
461 767
461 880
462 49
462 82
462 100
462 119
462 171
462 282
462 294
462 667
462 692
462 779
462 863
463 230
463 547
463 886
463 918
463 996
464 289
464 352
464 467
464 506
464 532
464 630
464 642
464 704
464 789
464 966
465 88
465 336
465 410
465 547
465 748
465 847
465 922
466 28
466 154
466 643
466 708
466 746
466 800
466 832
466 928
467 119
467 174
467 332
467 361
467 399
467 538
467 783
467 834
467 894
467 930
467 940
467 943
467 980
468 34
468 125
468 491
468 498
468 512
468 543
468 548
468 568
468 693
468 737
468 777
468 887
469 42
469 126
469 215
469 521
469 897
469 927
470 94
470 343
470 383
470 402
470 625
470 705
470 761
470 812
470 866
470 896
471 83
471 222
471 349
471 771
471 815
472 122
472 362
472 540
472 542
472 714
472 888
472 968
473 76
473 82
473 288
473 477
473 561
473 582
473 597
473 615
473 802
473 812
473 864
473 955
473 980
474 41
474 200
474 304
474 422
474 507
474 587
474 620
474 869
474 885
475 17
475 45
475 62
475 155
475 159
475 165
475 188
475 229
475 246
475 289
475 356
475 474
475 532
475 776
475 952
476 10
476 48
476 237
476 451
476 479
476 659
476 697
476 726
476 729
476 763
476 765
476 882
477 38
477 128
477 169
477 239
477 242
477 268
477 273
477 366
477 387
477 409
477 475
477 594
477 716
477 778
478 11
478 167
478 255
478 372
478 376
478 610
478 808
478 996
479 54
479 338
479 364
479 383
479 386
479 404
479 485
479 588
479 808
479 871
480 196
480 270
480 333
480 341
480 790
480 892
481 156
481 170
481 278
481 442
481 669
481 800
481 943
482 149
482 244
482 317
482 377
482 390
482 399
482 581
482 645
482 709
482 736
482 763
482 766
482 879
482 902
483 84
483 201
483 206
483 281
483 348
483 378
483 403
483 431
483 466
483 494
483 519
483 591
483 784
483 827
484 16
484 87
484 104
484 141
484 163
484 345
484 418
484 432
484 447
484 526
484 599
484 650
484 674
484 749
485 96
485 170
485 191
485 197
485 324
485 355
485 410
485 650
486 13
486 106
486 198
486 205
486 377
486 388
486 443
486 503
486 671
486 868
486 889
486 912
487 168
487 703
487 798
487 819
487 861
487 890
487 959
488 27
488 65
488 188
488 270
488 271
488 323
488 364
488 530
488 791
488 805
488 885
488 900
489 16
489 44
489 67
489 230
489 268
489 473
489 672
489 797
489 976
490 157
490 186
490 245
490 307
490 471
490 546
490 724
490 774
490 782
490 974
490 983
491 107
491 146
491 394
491 427
491 612
491 787
491 947
492 13
492 103
492 129
492 252
492 737
492 803
492 804
492 901
492 909
492 920
493 92
493 234
493 267
493 385
493 430
493 446
493 920
494 74
494 188
494 356
494 374
494 498
494 550
494 673
494 819
494 913
494 933
495 0
495 49
495 135
495 166
495 170
495 230
495 246
495 301
495 321
495 323
495 408
495 435
495 500
495 564
495 972
496 75
496 146
496 291
496 391
496 544
496 909
496 996
497 345
497 732
497 792
497 936
497 998
498 180
498 275
498 291
498 337
498 614
498 909
498 948
499 63
499 95
499 283
499 360
499 407
499 466
499 568
499 922
500 91
500 323
500 386
500 406
500 459
500 475
500 607
500 629
500 699
500 709
500 882
500 890
500 965
501 38
501 200
501 326
501 417
501 463
501 476
501 478
501 639
501 662
501 714
501 824
501 834
501 863
501 869
502 50
502 111
502 245
502 360
502 471
502 647
502 727
502 744
502 893
502 956
503 8
503 313
503 460
503 508
503 552
503 611
503 655
503 667
503 734
503 737
503 815
503 862
503 877
503 905
504 155
504 219
504 346
504 399
504 414
504 452
504 522
504 577
504 925
505 130
505 217
505 345
505 537
505 576
505 626
505 672
506 17
506 75
506 599
506 677
506 700
506 760
506 807
506 910
507 182
507 198
507 228
507 303
507 433
507 494
507 546
507 635
507 783
507 907
507 915
507 946
507 974
508 38
508 135
508 143
508 163
508 234
508 480
508 512
508 751
508 754
508 829
508 975
508 976
509 50
509 95
509 250
509 253
509 259
509 295
509 435
509 500
509 851
509 970
510 87
510 138
510 162
510 201
510 214
510 381
510 386
510 432
510 496
510 593
510 619
510 725
510 769
510 973
511 52
511 118
511 267
511 388
511 412
511 522
511 531
511 706
512 153
512 155
512 173
512 235
512 442
512 491
512 569
512 602
512 908
513 62
513 177
513 195
513 346
513 356
513 627
513 746
513 762
513 898
514 138
514 155
514 326
514 579
514 603
514 631
514 767
514 818
514 878
514 935
515 122
515 135
515 167
515 289
515 432
515 433
515 511
515 580
515 681
515 801
515 808
515 878
515 973
516 127
516 219
516 268
516 529
516 545
516 547
516 604
517 18
517 59
517 71
517 180
517 242
517 463
517 743
517 765
517 805
517 809
517 908
518 12
518 37
518 118
518 121
518 133
518 313
518 314
518 337
518 350
518 612
518 937
519 43
519 149
519 196
519 209
519 669
519 832
520 64
520 303
520 387
520 504
520 556
520 643
520 665
520 669
520 771
521 105
521 225
521 245
521 369
521 583
521 617
521 796
521 885
522 93
522 383
522 439
522 512
522 562
522 606
522 622
522 761
522 906
522 957
523 17
523 20
523 94
523 143
523 173
523 358
523 390
523 449
523 542
523 564
523 862
524 55
524 116
524 256
524 423
524 431
524 628
524 887
524 963
524 971
525 275
525 327
525 404
525 530
525 695
525 806
525 839
525 882
525 956
526 68
526 145
526 206
526 424
526 437
526 454
526 564
526 580
526 634
526 661
526 690
526 823
526 896
527 39
527 65
527 182
527 345
527 356
527 453
527 496
527 619
527 755
527 852
527 888
527 987
528 82
528 618
528 696
528 799
528 950
529 221
529 282
529 430
529 479
529 515
529 666
529 763
529 977
530 2
530 78
530 121
530 125
530 322
530 657
530 707
530 786
530 909
530 963
530 976
531 15
531 35
531 193
531 352
531 359
531 410
531 452
531 459
531 468
531 533
531 542
531 763
531 782
531 786
531 872
532 59
532 248
532 267
532 362
532 389
532 550
532 554
532 586
532 648
532 793
532 858
532 960
532 969
533 211
533 237
533 468
533 518
533 798
533 832
534 43
534 114
534 193
534 409
534 648
534 762
534 849
534 957
534 991
535 10
535 32
535 106
535 320
535 409
535 466
535 593
535 601
535 662
535 670
535 745
536 421
536 469
536 501
536 540
536 664
536 718
536 768
536 772
536 899
536 907
536 950
536 969
537 275
537 416
537 517
537 629
537 999
538 14
538 199
538 414
538 600
538 675
538 753
538 920
538 973
538 975
539 62
539 304
539 627
539 645
539 733
539 791
540 48
540 121
540 242
540 462
540 495
540 582
540 683
540 686
540 805
540 944
541 68
541 156
541 239
541 313
541 500
541 587
541 600
541 651
541 838
541 868
542 199
542 274
542 341
542 345
542 419
542 628
542 847
542 964
542 986
543 33
543 57
543 117
543 208
543 307
543 391
543 538
543 557
543 566
543 802
543 803
543 885
543 947
543 981
544 45
544 382
544 397
544 427
544 553
544 596
544 611
544 673
544 773
544 906
545 31
545 229
545 245
545 428
545 447
545 973
545 974
546 39
546 169
546 212
546 378
546 672
546 875
546 930
547 30
547 86
547 153
547 176
547 216
547 247
547 272
547 343
547 346
547 420
547 427
547 438
547 534
547 602
547 956
547 970
548 115
548 228
548 353
548 441
548 444
548 449
548 483
548 557
548 614
548 635
548 680
548 742
548 787
549 11
549 49
549 110
549 502
549 590
549 629
549 722
549 877
550 113
550 203
550 213
550 367
550 437
550 465
550 468
550 936
551 344
551 382
551 836
551 850
552 146
552 243
552 329
552 442
552 560
552 692
552 749
552 804
553 189
553 303
553 537
553 592
553 593
553 600
553 702
553 709
553 886
553 916
553 972
554 60
554 220
554 246
554 551
554 590
554 615
554 636
554 748
554 822
554 838
554 862
554 888
554 909
554 928
554 976
555 76
555 101
555 211
555 306
555 352
555 500
555 665
555 826
555 885
556 8
556 59
556 131
556 146
556 147
556 332
556 685
556 780
556 803
556 849
556 879
556 882
556 890
556 940
556 985
556 987
557 78
557 442
557 896
557 965
557 972
558 64
558 167
558 376
558 563
558 565
558 714
558 939
558 987
559 250
559 359
559 361
559 395
559 435
559 626
559 986
560 98
560 320
560 445
560 519
560 545
560 574
560 620
560 733
560 805
560 895
560 939
561 232
561 341
561 603
562 10
562 25
562 71
562 190
562 220
562 289
562 304
562 330
562 692
562 712
562 789
562 798
562 960
562 991
563 19
563 128
563 152
563 223
563 355
563 382
563 567
563 685
563 724
563 774
563 805
563 819
563 934
564 20
564 193
564 330
564 339
564 343
564 346
564 436
564 442
564 477
564 634
564 753
564 763
564 829
564 885
565 208
565 331
565 416
565 522
565 562
565 597
565 812
565 894
565 943
566 28
566 93
566 211
566 417
566 547
566 746
566 900
567 39
567 130
567 157
567 201
567 294
567 340
567 378
567 495
567 534
567 564
567 587
567 648
567 714
567 771
567 869
568 14
568 52
568 172
568 176
568 262
568 328
568 377
568 543
568 977
569 106
569 118
569 134
569 188
569 198
569 343
569 390
569 509
569 518
569 593
569 763
569 880
569 890
570 91
570 375
570 453
570 565
570 575
570 670
571 82
571 108
571 237
571 366
571 416
571 439
571 461
571 752
571 796
571 994
572 131
572 152
572 174
572 242
572 269
572 342
572 345
572 361
572 429
572 478
572 638
572 773
573 106
573 111
573 254
573 300
573 310
573 434
573 458
573 485
573 615
573 647
573 746
573 759
574 8
574 128
574 236
574 304
574 325
574 500
574 628
574 746
574 902
575 5
575 89
575 203
575 220
575 299
575 300
575 504
575 525
575 637
575 665
575 739
575 997
576 15
576 40
576 81
576 727
576 783
576 814
576 967
577 186
577 255
577 318
577 349
577 391
577 477
577 540
577 588
577 615
577 745
577 784
577 930
577 933
577 990
578 34
578 118
578 176
578 571
578 649
578 903
578 952
579 418
579 481
579 545
579 633
579 793
579 938
579 968
580 866
580 924
580 981
581 200
581 318
581 357
581 387
581 880
581 950
581 996
582 13
582 84
582 166
582 643
582 689
582 800
582 819
582 885
582 970
582 982
583 8
583 64
583 335
583 339
583 343
583 461
583 469
583 530
583 573
583 675
583 868
584 244
584 374
584 420
584 620
584 782
584 805
584 849
584 881
584 933
585 0
585 173
585 199
585 223
585 285
585 572
585 652
585 714
586 54
586 229
586 373
586 397
586 420
586 527
586 551
586 813
587 106
587 186
587 405
587 427
587 473
587 494
587 500
587 708
588 86
588 112
588 164
588 517
588 557
588 598
588 643
588 726
588 839
588 903
588 924
589 127
589 231
589 232
589 272
589 400
589 486
589 553
589 621
589 688
589 755
589 807
589 919
590 185
590 282
590 452
590 465
590 510
590 564
590 631
590 738
590 786
590 866
591 80
591 85
591 110
591 157
591 386
591 655
591 661
592 155
592 220
592 391
592 496
592 770
592 855
592 865
592 929
592 982
593 0
593 36
593 102
593 147
593 263
593 319
593 343
593 499
593 562
593 708
593 726
593 802
593 821
593 832
593 975
594 86
594 610
594 715
594 802
595 104
595 140
595 148
595 150
595 601
595 888
595 901
595 921
596 29
596 143
596 228
596 445
596 535
596 633
596 663
596 735
596 823
596 906
597 92
597 142
597 479
597 861
598 316
598 379
598 399
598 434
598 629
598 638
598 824
598 875
598 906
598 935
599 371
599 374
599 382
599 407
599 464
599 569
599 593
599 700
599 788
599 932
599 999
600 40
600 174
600 223
600 238
600 241
600 275
600 305
600 453
600 605
600 710
600 786
600 845
600 958
601 392
601 416
601 529
601 615
601 811
601 843
601 922
601 927
602 79
602 299
602 379
602 448
602 502
602 663
602 748
602 877
602 904
602 962
603 80
603 155
603 199
603 326
603 425
603 501
603 725
603 757
603 840
603 843
604 48
604 118
604 210
604 449
604 475
604 507
604 639
604 769
604 825
604 987
605 14
605 216
605 801
605 837
606 70
606 94
606 325
606 339
606 454
606 774
606 933
607 205
607 235
607 426
607 779
607 867
607 972
607 995
607 996
607 999
608 44
608 114
608 137
608 291
608 336
608 436
608 484
608 605
608 683
608 725
608 726
608 770
608 865
608 885
608 888
608 989
609 19
609 84
609 111
609 325
609 348
609 455
609 479
609 541
609 651
609 682
609 697
609 747
610 104
610 107
610 236
610 335
610 338
610 592
610 596
610 636
610 894
610 916
610 965
610 979
611 69
611 142
611 302
611 434
611 463
611 468
611 541
611 627
611 661
611 768
611 973
612 101
612 151
612 316
612 594
612 642
612 666
612 820
612 844
612 986
613 68
613 102
613 187
613 196
613 692
613 694
613 949
613 987
614 45
614 451
614 462
614 699
615 174
615 240
615 473
615 558
615 621
615 667
615 804
615 864
615 875
615 932
616 24
616 50
616 119
616 126
616 182
616 186
616 219
616 314
616 567
616 626
616 664
616 728
616 830
616 923
616 953
616 958
617 77
617 224
617 283
617 291
617 321
617 380
617 654
617 834
617 861
617 991
618 81
618 88
618 166
618 170
618 255
618 270
618 323
618 459
618 489
618 532
618 536
618 609
618 878
618 964
618 992
619 29
619 44
619 50
619 183
619 373
619 386
619 397
619 425
619 426
619 527
619 550
619 784
619 818
619 888
620 28
620 294
620 370
620 509
620 659
620 778
620 857
620 878
621 18
621 240
621 307
621 341
621 346
621 397
621 545
621 629
621 753
621 824
621 948
622 35
622 84
622 310
622 360
622 374
622 511
622 544
622 731
622 782
622 849
623 30
623 75
623 92
623 163
623 352
623 596
623 734
623 947
623 996
624 117
624 261
624 269
624 433
624 502
624 628
624 697
624 770
624 811
624 865
624 996
625 40
625 68
625 273
625 319
625 358
625 531
625 574
625 779
626 94
626 162
626 224
626 300
626 301
626 330
626 677
627 1
627 39
627 368
627 617
627 889
627 903
627 924
627 952
628 183
628 426
628 577
628 603
629 78
629 364
629 504
629 516
629 807
630 399
630 655
630 725
630 975
631 140
631 315
631 370
631 588
631 618
631 623
631 771
631 835
631 917
631 966
632 117
632 333
632 413
632 600
632 640
632 656
632 689
632 781
632 941
632 956
632 968
633 201
633 757
633 840
633 959
634 1
634 14
634 62
634 206
634 236
634 286
634 296
634 297
634 304
634 406
634 477
634 483
634 675
634 845
634 902
635 73
635 118
635 273
635 306
635 623
635 728
635 753
635 855
635 892
635 908
636 205
636 252
636 556
637 62
637 100
637 134
637 346
637 368
637 374
637 629
637 678
637 773
637 889
637 896
638 8
638 66
638 73
638 165
638 310
638 746
638 806
638 944
639 20
639 203
639 210
639 257
639 318
639 411
639 457
639 471
639 678
639 749
639 950
639 968
640 303
640 536
640 623
640 779
640 961
640 971
640 998
641 69
641 111
641 244
641 305
641 372
641 409
641 537
641 555
641 637
641 651
641 668
641 735
641 814
642 195
642 268
642 272
642 297
642 306
642 796
642 898
642 914
642 933
643 88
643 481
643 482
643 489
643 596
643 689
643 757
643 822
644 5
644 39
644 199
644 338
644 529
644 540
644 553
644 564
644 827
644 838
644 840
644 917
645 18
645 26
645 43
645 67
645 84
645 104
645 169
645 290
645 303
645 549
645 577
645 654
645 730
645 863
645 911
646 16
646 151
646 161
646 169
646 301
646 450
646 455
646 559
646 569
646 606
646 624
646 649
646 783
646 846
646 894
646 921
646 965
647 22
647 120
647 179
647 192
647 340
647 452
647 684
647 694
647 699
647 716
647 885
648 16
648 71
648 220
648 253
648 371
648 421
648 472
648 612
648 866
649 90
649 105
649 339
649 368
649 403
649 797
649 801
649 819
649 957
650 172
650 402
650 615
650 685
650 767
650 773
650 795
650 880
651 43
651 113
651 126
651 272
651 314
651 316
651 340
651 462
651 551
651 563
651 657
651 680
651 715
651 765
651 795
651 821
651 978
651 996
652 105
652 128
652 301
652 342
652 381
652 401
652 418
652 543
652 658
652 821
652 858
653 2
653 62
653 155
653 394
653 539
653 764
653 807
653 981
654 156
654 359
654 403
654 407
654 541
654 635
654 677
654 865
655 148
655 314
655 391
655 402
655 456
655 459
655 521
655 538
655 579
655 611
655 873
656 79
656 148
656 211
656 345
656 552
656 633
656 641
656 881
656 968
657 99
657 309
657 460
657 568
657 595
657 652
657 718
657 891
658 79
658 184
658 211
658 241
658 460
658 462
658 733
658 855
658 865
659 178
659 268
659 568
659 625
659 769
659 857
660 145
660 166
660 250
660 259
660 306
660 331
660 337
660 448
660 625
660 867
661 17
661 20
661 71
661 98
661 105
661 226
661 237
661 286
661 422
661 519
661 682
661 716
661 795
661 821
661 837
661 910
661 947
661 993
662 22
662 79
662 119
662 185
662 258
662 289
662 337
662 490
662 883
662 992
663 3
663 100
663 182
663 351
663 590
663 667
663 669
663 771
663 892
663 980
664 323
664 420
664 553
664 638
664 680
664 848
664 944
665 141
665 179
665 611
665 729
665 742
665 782
665 802
665 876
665 895
666 90
666 159
666 271
666 517
666 587
666 686
666 848
666 934
666 944
667 129
667 176
667 291
667 421
667 607
667 830
667 854
668 103
668 346
668 349
668 388
668 475
668 489
668 534
668 550
668 552
668 570
668 686
668 751
668 800
668 807
668 812
668 905
669 342
669 370
669 469
669 758
669 941
669 998
670 33
670 172
670 211
670 229
670 280
670 419
670 496
670 525
670 543
670 600
670 747
670 780
670 874
670 994
671 32
671 207
671 220
671 277
671 284
671 302
671 321
671 453
671 456
671 517
671 575
671 625
671 702
671 818
671 947
672 27
672 73
672 193
672 385
672 442
672 480
672 486
672 519
672 604
672 764
672 775
672 822
673 38
673 80
673 231
673 248
673 366
673 610
673 654
673 675
673 863
673 881
673 925
674 107
674 159
674 246
674 316
674 394
674 422
674 525
674 561
674 626
674 706
674 779
675 5
675 168
675 180
675 183
675 225
675 425
675 699
675 912
675 988
676 20
676 113
676 119
676 452
676 506
676 522
676 701
676 705
676 773
676 970
676 987
677 55
677 229
677 748
677 827
677 832
678 53
678 61
678 100
678 535
678 732
678 769
678 865
679 190
679 199
679 257
679 296
679 305
679 314
679 578
679 787
679 937
680 101
680 152
680 380
680 765
680 884
681 105
681 115
681 135
681 138
681 146
681 238
681 398
681 515
681 702
681 722
681 731
681 916
682 5
682 58
682 111
682 113
682 118
682 132
682 254
682 288
682 516
682 622
682 845
682 924
682 973
683 144
683 177
683 230
683 434
683 516
683 593
683 594
683 660
683 783
683 874
683 965
684 128
684 201
684 253
684 314
684 493
684 552
684 555
684 614
684 688
684 777
684 820
684 899
684 904
685 25
685 74
685 237
685 318
685 360
685 386
685 443
685 551
685 755
685 914
685 921
686 67
686 217
686 262
686 503
686 617
686 644
686 674
686 718
686 773
686 811
686 822
686 868
686 948
687 77
687 241
687 263
687 288
687 502
687 678
687 708
687 887
688 126
688 139
688 310
688 533
688 625
688 715
688 770
688 852
688 989
689 209
689 303
689 310
689 514
689 576
689 694
689 749
690 562
690 563
690 600
690 761
690 947
691 28
691 245
691 270
691 446
691 450
691 475
691 555
691 573
691 601
691 639
691 643
691 895
692 111
692 435
692 643
692 807
693 152
693 157
693 281
693 383
693 767
693 778
693 946
694 316
694 333
694 470
694 560
694 755
694 782
694 783
694 957
694 960
695 219
695 343
695 367
695 505
695 572
695 584
695 618
695 665
695 715
695 788
695 875
695 953
695 987
696 113
696 337
696 765
696 990
696 992
697 286
697 485
697 533
697 543
697 692
697 771
697 838
698 317
698 386
698 425
698 426
698 442
698 528
698 645
698 759
698 841
698 853
698 854
698 927
699 336
699 350
699 384
699 429
699 483
699 485
699 492
699 638
699 768
700 125
700 197
700 266
700 309
700 493
700 632
700 714
701 14
701 85
701 126
701 198
701 311
701 337
701 403
701 467
701 526
701 748
701 762
701 901
701 903
701 946
702 300
702 410
702 439
702 628
702 662
702 787
703 172
703 242
703 360
703 605
703 683
703 778
703 846
703 863
704 166
704 204
704 217
704 461
704 532
704 540
705 234
705 624
705 627
705 824
705 843
705 893
705 940
706 55
706 228
706 429
706 617
706 624
706 635
706 676
706 703
706 756
706 761
706 928
706 938
707 28
707 186
707 258
707 260
707 402
707 565
707 631
707 671
707 877
707 965
707 979
708 96
708 167
708 182
708 207
708 268
708 312
708 404
708 485
708 497
708 514
708 526
708 606
708 624
708 696
708 823
708 847
708 868
708 945
709 13
709 40
709 91
709 286
709 316
709 462
709 485
709 728
709 758
709 805
709 844
709 845
710 7
710 419
710 442
710 484
710 487
710 565
710 668
710 801
711 119
711 149
711 176
711 344
711 767
711 873
711 925
712 36
712 43
712 78
712 85
712 347
712 787
712 822
712 865
713 177
713 228
713 314
713 518
713 540
713 631
713 825
713 874
713 888
713 987
714 71
714 84
714 198
714 336
714 408
714 520
714 578
714 658
714 662
714 733
714 741
714 800
714 835
714 883
714 924
714 968
714 996
715 62
715 119
715 209
715 211
715 243
715 319
715 382
715 473
715 532
715 566
716 56
716 69
716 171
716 230
716 307
716 311
716 480
716 549
716 744
716 813
716 915
716 942
717 187
717 296
717 434
717 536
717 747
717 888
718 122
718 206
718 320
718 382
718 521
718 543
718 566
718 641
718 666
718 810
718 915
718 937
718 960
718 988
719 4
719 99
719 202
719 210
719 216
719 287
719 330
719 336
719 463
719 546
719 630
719 635
719 739
719 923
719 952
719 977
720 15
720 194
720 271
720 292
720 370
720 376
720 657
720 668
720 694
720 725
720 730
720 808
720 841
720 925
720 994
721 2
721 9
721 26
721 245
721 356
721 673
722 55
722 148
722 241
722 365
722 396
722 461
722 729
722 733
722 746
722 756
723 55
723 58
723 88
723 109
723 236
723 295
723 322
723 409
723 641
723 667
723 790
723 894
723 902
723 966
724 67
724 96
724 329
724 368
724 448
724 474
724 499
724 595
724 650
724 660
724 748
725 51
725 206
725 622
725 630
725 647
725 868
725 914
725 915
725 938
726 68
726 76
726 79
726 84
726 333
726 399
726 476
726 718
726 777
726 853
726 909
726 960
727 7
727 19
727 34
727 91
727 254
727 276
727 367
727 443
727 471
727 659
727 710
727 831
727 851
727 870
728 128
728 244
728 342
728 569
728 668
728 738
728 927
729 111
729 114
729 161
729 237
729 289
729 420
729 542
729 602
729 623
729 755
729 896
729 899
729 987
729 998
730 9
730 90
730 328
730 490
730 630
731 97
731 107
731 112
731 227
731 295
731 325
731 370
731 454
731 640
731 872
732 59
732 82
732 350
732 550
732 637
732 671
732 854
732 883
732 895
732 996
733 165
733 236
733 324
733 435
733 480
733 505
733 602
733 824
733 889
734 60
734 426
734 462
734 516
734 572
734 585
734 590
734 910
735 142
735 372
735 494
735 722
735 790
735 914
735 933
735 964
736 18
736 78
736 174
736 218
736 314
736 317
736 492
736 946
736 979
737 49
737 51
737 187
737 199
737 223
737 453
737 468
737 504
737 539
737 578
737 721
737 725
737 734
737 794
737 855
738 37
738 40
738 46
738 96
738 203
738 459
738 567
738 729
738 822
738 831
738 927
739 24
739 58
739 121
739 231
739 399
739 498
739 518
739 626
739 640
739 654
739 724
739 781
739 861
739 877
739 946
740 99
740 187
740 398
740 574
740 641
740 716
740 742
741 255
741 281
741 399
741 411
741 462
741 530
741 660
741 724
741 726
741 803
741 815
741 865
741 907
742 0
742 139
742 234
742 325
742 388
742 804
742 849
742 862
743 41
743 96
743 134
743 185
743 295
743 330
743 438
743 444
743 549
743 992
744 220
744 397
744 435
744 479
744 495
744 608
744 631
744 646
744 812
745 104
745 216
745 309
745 475
745 617
745 677
745 734
746 19
746 34
746 145
746 262
746 363
746 663
746 772
746 811
746 917
746 938
747 300
747 392
747 442
747 566
747 600
747 691
747 694
747 786
747 808
747 821
747 824
747 978
748 229
748 683
748 758
748 786
748 789
749 38
749 46
749 153
749 157
749 167
749 169
749 173
749 307
749 523
749 596
749 638
749 733
749 755
749 795
749 827
749 860
749 870
750 37
750 355
750 452
750 506
750 521
750 597
750 684
750 896
750 962
750 969
751 37
751 69
751 252
751 435
751 534
751 670
751 734
751 748
751 806
751 828
751 902
752 112
752 228
752 304
752 396
752 529
752 541
752 551
752 722
752 907
752 932
753 79
753 130
753 254
753 260
753 274
753 339
753 443
753 507
753 511
753 535
753 630
753 637
753 849
753 926
753 946
754 46
754 83
754 199
754 295
754 482
754 713
754 814
754 875
755 298
755 452
755 549
755 725
755 823
756 197
756 246
756 268
756 341
756 349
756 368
756 431
756 450
756 453
756 621
756 805
756 807
756 852
756 946
756 979
757 16
757 137
757 296
757 314
757 556
757 559
757 623
757 691
757 714
757 726
757 728
757 800
757 817
757 880
758 45
758 239
758 380
758 452
758 645
758 701
758 851
758 999
759 229
759 241
759 321
759 695
759 775
759 810
759 871
760 3
760 4
760 90
760 231
760 261
760 299
760 336
760 351
760 423
760 679
760 725
760 745
760 843
760 947
761 15
761 198
761 203
761 204
761 238
761 310
761 413
761 541
761 642
761 669
761 703
761 735
761 973
761 985
762 53
762 353
762 464
762 501
762 665
762 683
762 734
762 905
762 984
763 104
763 190
763 356
763 440
763 445
763 486
763 636
763 861
763 890
763 916
763 947
763 992
764 146
764 250
764 265
764 525
764 620
764 623
764 765
764 774
764 996
765 193
765 204
765 222
765 390
765 429
765 543
765 566
765 768
765 922
765 945
765 961
766 10
766 27
766 95
766 139
766 218
766 457
766 576
766 725
766 922
766 951
767 106
767 240
767 310
767 431
767 530
767 717
767 762
767 873
768 69
768 176
768 219
768 476
768 498
768 500
768 526
768 622
768 658
768 670
768 776
768 816
769 223
769 319
769 474
769 652
769 659
769 694
770 58
770 235
770 441
770 894
770 987
771 368
771 521
771 623
772 54
772 94
772 168
772 219
772 298
772 424
772 439
772 466
772 596
772 797
772 935
772 965
773 30
773 50
773 291
773 321
773 340
773 407
773 616
773 700
773 735
773 836
773 877
773 882
773 959
773 969
774 146
774 220
774 385
774 542
774 742
774 753
774 766
774 905
774 941
775 8
775 97
775 160
775 236
775 239
775 384
775 583
775 618
775 643
775 784
775 832
775 842
775 968
776 192
776 233
776 262
776 286
776 313
776 355
776 452
776 482
776 486
776 557
776 575
776 702
776 769
776 827
776 935
776 947
777 128
777 318
777 319
777 367
777 505
777 764
777 850
777 940
777 953
778 20
778 217
778 308
778 416
778 455
778 478
778 505
778 684
778 719
778 732
778 785
778 820
778 926
779 79
779 290
779 293
779 645
779 784
779 794
779 860
779 911
780 136
780 187
780 273
780 610
780 709
780 820
780 829
780 833
780 852
780 984
781 249
781 266
781 353
781 394
781 443
781 499
781 548
781 606
781 729
781 809
781 829
781 971
782 76
782 282
782 488
782 519
782 586
783 270
783 282
783 299
783 506
783 601
783 769
783 854
783 875
783 904
783 975
784 6
784 184
784 190
784 360
784 369
784 452
784 509
784 529
784 631
784 867
784 997
785 324
785 477
785 640
785 641
785 679
785 749
785 761
785 762
785 838
785 904
785 958
785 966
786 95
786 117
786 205
786 290
786 308
786 311
786 614
786 672
786 795
786 917
787 142
787 207
787 296
787 299
787 453
787 461
787 536
787 657
787 695
787 713
787 889
787 972
788 96
788 167
788 313
788 377
788 494
788 711
788 914
788 948
789 132
789 226
789 358
789 369
789 448
789 591
789 640
789 776
789 788
789 890
789 938
790 106
790 115
790 150
790 315
790 349
790 406
790 445
790 680
790 683
790 851
790 868
791 36
791 48
791 176
791 273
791 377
791 503
791 589
791 698
791 848
792 160
792 498
792 621
792 728
792 980
793 5
793 116
793 277
793 295
793 299
793 349
793 383
793 468
793 471
793 674
793 717
793 746
793 889
793 920
794 92
794 100
794 148
794 155
794 181
794 218
794 239
794 571
794 601
794 749
794 787
794 877
795 5
795 412
795 461
795 498
795 560
795 771
795 871
795 913
795 930
795 957
796 56
796 94
796 152
796 170
796 197
796 217
796 227
796 579
796 604
796 663
796 712
796 901
796 962
797 206
797 273
797 295
797 390
797 432
797 674
797 689
797 763
797 773
797 844
797 897
797 917
797 997
798 20
798 174
798 211
798 214
798 343
798 650
798 674
798 694
798 710
798 726
798 728
798 866
798 883
798 940
799 124
799 167
799 518
799 703
799 714
799 775
799 778
801 97
801 146
801 148
801 176
801 272
801 404
801 494
801 547
801 564
801 567
801 654
801 732
802 135
802 285
802 415
802 445
802 535
802 563
802 573
802 656
802 662
802 718
803 37
803 53
803 167
803 304
803 423
803 468
803 663
803 672
803 693
803 701
803 786
804 279
804 290
804 338
804 348
804 403
804 429
804 721
804 730
804 732
804 798
804 806
804 813
804 820
804 897
804 911
804 952
805 176
805 295
805 325
805 339
805 580
805 602
805 624
805 658
805 772
805 850
806 39
806 151
806 353
806 487
806 567
806 584
806 740
807 73
807 174
807 191
807 192
807 278
807 291
807 317
807 353
807 371
807 480
807 766
807 791
807 802
807 846
807 871
807 939
807 975
808 137
808 306
808 619
808 642
808 820
809 31
809 39
809 104
809 215
809 498
809 568
809 633
809 749
809 784
809 822
809 872
809 903
810 145
810 195
810 285
810 546
810 771
810 866
810 912
810 932
810 981
811 268
811 300
811 313
811 317
811 324
811 351
811 404
811 600
811 798
811 892
811 985
812 33
812 42
812 132
812 245
812 490
812 557
812 612
812 737
812 864
812 881
812 883
813 127
813 175
813 244
813 266
813 294
813 410
813 450
813 468
813 645
813 877
814 42
814 384
814 399
814 438
814 497
814 730
814 898
814 913
814 942
815 356
815 455
815 537
815 662
815 678
815 751
815 856
815 860
815 871
816 311
816 536
816 659
816 670
816 736
816 771
816 884
816 908
816 995
817 178
817 222
817 292
817 319
817 320
817 324
817 395
817 567
817 628
817 638
817 651
817 654
817 753
817 761
817 902
817 992
818 27
818 198
818 267
818 279
818 300
818 318
818 366
818 486
818 507
818 715
818 718
818 888
818 894
819 234
819 250
819 260
819 696
819 704
820 46
820 223
820 261
820 627
820 850
820 900
820 915
821 53
821 99
821 196
821 222
821 608
821 756
822 34
822 65
822 100
822 269
822 304
822 414
822 575
822 611
823 50
823 186
823 210
823 218
823 249
823 304
823 320
823 404
823 453
823 621
823 674
823 744
823 780
823 883
823 974
823 996
824 78
824 231
824 280
824 358
824 376
824 463
824 861
825 162
825 218
825 256
825 304
825 311
825 546
825 569
825 667
825 818
826 318
826 399
826 421
826 842
826 903
826 940
826 961
827 41
827 178
827 563
827 724
827 725
827 862
827 874
828 81
828 111
828 116
828 200
828 323
828 325
828 477
828 549
828 583
828 647
828 786
828 840
828 867
829 89
829 110
829 179
829 305
829 425
829 477
829 536
829 544
829 608
829 837
829 959
829 986
830 23
830 34
830 41
830 144
830 168
830 301
830 318
830 349
830 431
830 588
830 605
830 698
830 702
830 762
830 839
830 900
831 13
831 77
831 84
831 210
831 548
831 587
831 631
831 684
831 854
832 112
832 313
832 475
832 532
832 666
832 693
832 738
832 747
832 763
832 829
833 61
833 104
833 133
833 177
833 352
833 410
833 419
833 427
833 760
833 840
833 905
834 42
834 65
834 89
834 142
834 148
834 175
834 399
834 537
834 623
834 638
834 759
834 805
834 815
834 920
835 688
835 745
835 759
835 950
836 524
836 626
836 776
836 778
836 850
837 29
837 117
837 125
837 203
837 326
837 411
837 558
837 785
837 990
838 96
838 116
838 287
838 312
838 357
838 438
838 460
838 485
838 659
838 747
838 807
838 907
839 86
839 196
839 248
839 289
839 309
839 344
839 370
839 392
839 532
839 535
839 770
839 779
839 780
840 156
840 421
840 478
840 553
840 611
840 735
840 788
840 880
840 935
840 952
841 68
841 69
841 88
841 137
841 259
841 268
841 778
841 910
842 158
842 372
842 415
842 473
842 490
842 606
842 677
842 705
842 756
842 858
842 914
842 948
843 151
843 281
843 363
843 376
843 568
843 702
843 743
843 780
844 120
844 180
844 263
844 310
844 341
844 847
844 863
844 873
845 31
845 278
845 453
845 454
845 672
845 738
845 780
845 853
845 872
845 957
845 984
846 149
846 507
846 518
846 524
846 529
846 550
846 574
846 607
846 865
847 7
847 17
847 23
847 26
847 76
847 92
847 153
847 395
847 426
847 687
847 822
847 844
848 131
848 135
848 266
848 285
848 286
848 372
848 397
848 528
848 581
848 619
848 698
849 178
849 241
849 413
849 450
849 464
849 504
849 563
849 597
849 648
850 73
850 269
850 273
850 415
850 423
850 463
850 563
850 670
850 691
850 929
850 959
851 2
851 31
851 225
851 355
851 389
851 566
851 864
851 927
851 946
852 71
852 207
852 328
852 360
852 452
852 729
852 798
852 928
852 956
852 988
853 189
853 209
853 286
853 319
853 476
853 486
853 532
853 656
853 823
853 969
854 67
854 284
854 315
854 406
854 588
854 647
854 722
854 724
854 827
854 880
854 997
855 110
855 331
855 400
855 409
855 456
855 465
855 513
855 564
855 638
855 651
855 713
855 869
855 927
855 967
856 207
856 526
856 561
856 647
856 739
856 820
856 838
856 892
857 386
857 405
857 717
857 796
857 838
857 951
858 74
858 87
858 141
858 192
858 253
858 267
858 462
858 485
858 503
858 659
858 660
858 791
858 795
858 832
859 133
859 151
859 231
859 254
859 283
859 349
859 400
859 417
859 621
859 868
860 2
860 25
860 42
860 288
860 365
860 382
860 413
860 516
860 800
860 812
860 941
861 80
861 109
861 160
861 403
861 414
861 621
861 676
861 816
862 40
862 78
862 80
862 176
862 218
862 284
862 349
862 387
862 480
862 523
862 652
862 738
862 791
862 860
862 914
862 918
862 994
863 46
863 214
863 235
863 292
863 319
863 354
863 514
863 911
863 998
864 12
864 22
864 58
864 144
864 238
864 263
864 269
864 682
864 695
865 254
865 618
865 636
865 697
865 700
865 801
865 828
866 52
866 166
866 231
866 261
866 273
866 291
866 348
866 381
866 527
866 613
866 661
866 698
866 717
866 730
866 833
867 19
867 36
867 302
867 337
867 775
867 776
867 883
868 87
868 276
868 314
868 434
868 471
868 484
868 562
868 682
868 960
868 979
869 0
869 30
869 84
869 119
869 177
869 448
869 536
869 646
869 675
869 779
869 832
869 985
870 103
870 231
870 329
870 335
870 373
870 443
870 550
870 629
870 721
870 767
870 826
870 928
870 944
870 990
871 78
871 141
871 162
871 264
871 532
871 543
871 583
871 715
871 792
871 896
871 926
872 54
872 134
872 153
872 225
872 470
872 498
872 543
872 548
872 869
872 943
873 42
873 290
873 330
873 384
873 416
873 508
873 563
873 619
873 654
873 658
873 697
873 918
873 922
874 105
874 142
874 148
874 173
874 245
874 799
874 945
875 79
875 154
875 420
875 458
875 521
875 725
875 729
875 927
876 37
876 128
876 282
876 290
876 307
876 326
876 444
876 475
876 491
876 596
876 736
876 767
876 799
877 51
877 266
877 299
877 515
877 960
878 19
878 161
878 174
878 375
878 377
878 416
878 497
878 545
878 665
878 758
878 875
878 967
879 441
879 501
879 629
879 783
879 791
879 896
879 926
879 973
880 145
880 188
880 243
880 451
880 469
880 484
880 542
880 552
880 587
880 603
880 622
880 738
881 8
881 90
881 123
881 571
881 657
881 660
881 733
881 889
881 914
882 68
882 76
882 190
882 268
882 584
882 675
882 716
882 958
883 34
883 263
883 393
883 396
883 547
883 670
883 697
883 699
883 730
884 14
884 44
884 65
884 130
884 279
884 313
884 643
884 799
884 848
884 851
884 936
884 957
885 27
885 55
885 174
885 451
885 744
885 746
885 748
886 107
886 358
886 682
886 783
886 793
887 46
887 60
887 108
887 140
887 198
887 259
887 392
887 621
887 926
887 963
887 983
888 41
888 74
888 532
888 617
888 655
888 772
888 782
888 943
889 218
889 245
889 295
889 524
889 606
889 771
889 813
889 830
889 927
890 2
890 61
890 236
890 323
890 414
890 529
890 545
890 569
890 684
890 774
890 824
890 837
890 924
891 104
891 125
891 379
891 467
891 537
891 577
891 855
891 867
891 946
892 123
892 243
892 542
892 661
892 771
892 939
892 959
893 197
893 207
893 263
893 323
893 585
893 638
893 716
893 731
893 769
893 805
893 845
893 851
893 977
894 51
894 116
894 121
894 227
894 286
894 357
894 410
894 718
894 721
894 771
894 851
894 991
895 11
895 39
895 80
895 110
895 142
895 258
895 311
895 333
895 401
895 419
895 466
895 643
895 732
895 781
895 810
895 908
895 915
896 174
896 180
896 182
896 215
896 282
896 489
896 527
896 631
896 665
896 692
896 733
896 831
897 66
897 149
897 311
897 445
897 722
898 299
898 319
898 324
898 374
898 479
898 480
898 500
898 641
898 856
898 947
899 97
899 267
899 414
899 465
899 655
899 777
899 794
899 913
899 928
899 951
900 305
900 386
900 450
900 711
900 907
900 943
900 953
901 86
901 195
901 196
901 234
901 310
901 334
901 377
901 387
901 526
901 544
901 593
901 608
901 763
901 844
901 874
902 30
902 48
902 50
902 354
902 390
902 490
902 538
902 565
902 670
902 689
902 813
902 904
902 921
902 996
902 999
903 408
903 525
903 541
903 610
903 618
903 724
903 874
903 923
903 953
904 27
904 120
904 167
904 170
904 194
904 309
904 533
904 789
904 826
904 896
904 937
904 979
905 91
905 131
905 494
905 533
905 599
905 646
905 751
905 812
905 834
906 74
906 97
906 129
906 130
906 138
906 190
906 414
906 495
906 586
906 879
906 980
907 59
907 105
907 125
907 167
907 381
907 470
907 821
907 892
907 975
908 69
908 301
908 389
908 392
908 430
908 457
908 487
908 497
908 500
908 516
908 557
908 581
908 616
908 814
908 850
908 926
908 947
909 148
909 197
909 225
909 269
909 519
909 585
909 590
909 614
909 764
909 789
909 807
909 929
909 988
910 145
910 280
910 365
910 514
910 738
910 863
910 881
910 996
911 57
911 97
911 482
911 703
911 837
911 922
912 85
912 152
912 383
912 463
912 737
912 822
912 872
912 903
912 999
913 57
913 76
913 135
913 141
913 189
913 385
913 480
913 626
913 735
913 805
913 855
913 926
913 940
913 955
914 150
914 380
914 411
914 448
914 540
914 583
914 585
914 732
915 72
915 80
915 196
915 209
915 392
915 457
915 681
915 758
915 794
915 904
916 157
916 167
916 299
916 356
916 551
916 555
916 621
916 677
916 793
917 20
917 24
917 137
917 499
917 536
917 607
917 766
917 885
917 985
918 7
918 180
918 420
918 580
918 645
918 716
918 962
918 973
919 5
919 232
919 343
919 389
919 500
919 516
919 561
919 661
919 758
919 795
919 849
920 301
920 388
920 505
920 517
920 562
920 574
920 694
920 992
921 209
921 277
921 305
921 307
921 333
921 894
922 6
922 209
922 560
922 798
922 823
922 898
923 92
923 96
923 442
923 904
923 968
924 148
924 330
924 355
924 400
924 413
924 444
924 602
924 747
924 942
924 979
925 85
925 112
925 162
925 497
925 628
925 697
925 732
925 995
926 220
926 228
926 247
926 263
926 327
926 377
926 411
926 517
926 607
926 768
927 30
927 50
927 105
927 151
927 340
927 354
927 611
927 790
928 56
928 266
928 487
928 524
928 536
928 566
928 714
928 765
928 878
928 880
929 130
929 157
929 383
929 476
929 934
929 993
930 39
930 133
930 157
930 160
930 170
930 382
930 387
930 557
930 593
930 734
930 781
930 809
930 837
930 871
931 232
931 324
931 454
931 600
931 603
931 653
931 695
931 784
931 913
931 924
932 70
932 212
932 261
932 338
932 367
932 499
932 708
932 905
932 994
933 62
933 64
933 214
933 227
933 302
933 379
933 508
933 607
933 627
933 664
933 766
933 773
933 776
934 22
934 64
934 185
934 247
934 293
934 657
934 849
935 185
935 525
935 550
935 616
935 627
935 664
935 716
935 776
935 792
935 997
936 4
936 9
936 99
936 123
936 234
936 264
936 272
936 328
936 331
936 454
936 551
936 569
936 579
936 620
936 627
936 672
936 691
936 700
936 843
937 95
937 102
937 177
937 205
937 207
937 286
937 291
937 354
937 363
937 470
937 704
937 748
937 821
937 867
938 72
938 129
938 149
938 179
938 201
938 207
938 562
938 579
938 619
938 647
938 722
938 811
938 913
938 927
938 981
939 133
939 140
939 205
939 684
939 723
939 813
939 893
939 994
940 255
940 266
940 278
940 343
940 702
940 868
940 972
941 66
941 130
941 148
941 356
941 614
941 644
941 703
941 785
941 925
942 97
942 217
942 350
942 741
942 849
942 941
942 975
943 85
943 132
943 217
943 253
943 262
943 439
943 472
943 474
943 488
943 512
943 542
943 742
943 745
943 773
944 268
944 559
944 617
944 639
944 661
944 726
945 143
945 165
945 254
945 363
945 412
945 577
945 604
945 676
945 835
946 135
946 201
946 278
946 339
946 363
946 492
946 525
946 546
946 685
946 747
946 894
947 40
947 60
947 72
947 307
947 481
947 502
947 649
947 673
947 689
947 780
947 988
948 150
948 251
948 309
948 343
948 388
948 419
948 471
948 813
948 838
948 926
949 69
949 90
949 532
949 639
949 723
949 744
950 27
950 29
950 57
950 151
950 301
950 317
950 533
950 997
951 27
951 226
951 342
951 422
951 672
951 683
951 724
951 737
951 738
952 177
952 298
952 350
952 355
952 400
952 428
952 441
952 475
952 685
952 960
953 118
953 241
953 269
953 358
953 511
953 575
953 614
953 783
953 832
953 859
954 26
954 36
954 43
954 212
954 260
954 374
954 543
954 644
954 737
954 903
955 223
955 320
955 423
955 496
955 558
955 769
955 810
955 887
955 914
955 975
955 998
956 6
956 167
956 259
956 339
956 443
956 607
956 671
956 779
956 784
956 875
956 921
957 8
957 112
957 138
957 150
957 215
957 490
957 585
957 751
957 786
957 804
957 849
957 881
958 110
958 272
958 329
958 471
958 479
958 586
958 697
958 745
958 807
959 54
959 94
959 235
959 279
959 318
959 334
959 361
959 427
959 529
959 642
959 645
959 673
959 866
959 965
959 974
959 985
960 53
960 96
960 187
960 193
960 218
960 356
960 366
960 915
960 973
961 306
961 329
961 398
961 533
961 724
962 31
962 185
962 237
962 271
962 299
962 461
962 472
962 480
962 488
962 563
962 586
962 599
962 666
962 742
962 810
962 950
963 104
963 107
963 325
963 424
963 432
963 507
963 518
963 663
963 665
963 669
963 743
963 854
964 25
964 113
964 139
964 150
964 161
964 316
964 378
964 567
964 686
964 786
964 849
964 866
965 11
965 147
965 175
965 283
965 330
965 335
965 423
965 433
965 457
965 573
965 600
965 704
965 758
965 805
965 861
965 931
966 42
966 182
966 224
966 363
966 458
966 496
966 626
967 100
967 109
967 129
967 343
967 746
967 818
968 347
968 436
968 460
968 469
968 614
968 619
968 687
968 954
969 263
969 363
969 596
969 650
969 671
970 57
970 72
970 139
970 160
970 503
970 556
970 648
970 671
970 737
971 8
971 187
971 502
971 785
971 832
971 844
971 917
971 940
971 975
971 985
971 987
971 995
972 99
972 359
972 394
972 479
972 687
972 780
973 60
973 87
973 166
973 176
973 306
973 843
973 869
974 74
974 219
974 386
974 819
974 823
975 378
975 532
975 912
976 116
976 191
976 236
976 411
976 520
976 921
977 18
977 483
977 869
977 912
977 928
977 963
977 987
978 112
978 137
978 150
978 216
978 245
978 269
978 281
978 466
978 522
978 551
978 764
978 875
978 942
979 41
979 96
979 106
979 110
979 338
979 410
979 448
979 500
979 714
979 728
980 75
980 133
980 543
980 657
980 753
980 862
981 136
981 257
981 443
981 502
981 858
981 903
982 38
982 210
982 255
982 290
982 337
982 349
982 428
982 439
982 469
982 497
982 623
982 634
982 717
982 732
982 754
982 940
982 945
983 116
983 157
983 202
983 264
983 494
983 548
983 571
983 629
984 35
984 81
984 89
984 123
984 205
984 227
984 531
984 572
984 707
984 753
984 800
984 911
984 913
984 939
985 136
985 237
985 238
985 251
985 259
985 331
985 446
985 619
985 640
985 644
985 669
985 781
985 933
985 942
985 964
986 81
986 96
986 119
986 132
986 134
986 240
986 266
986 331
986 969
987 16
987 130
987 232
987 279
987 418
987 648
987 745
987 766
987 785
987 797
987 872
987 913
988 355
988 414
988 474
988 480
988 544
988 588
988 795
988 963
988 970
989 105
989 279
989 530
989 645
989 870
990 195
990 307
990 409
990 532
990 717
990 792
990 811
991 11
991 66
991 195
991 232
991 278
991 488
991 573
991 767
991 919
991 955
992 88
992 138
992 266
992 347
992 369
992 877
992 951
993 128
993 166
993 294
993 429
993 633
993 886
993 945
994 16
994 103
994 198
994 206
994 311
994 320
994 479
994 546
994 696
994 704
994 957
995 5
995 207
995 394
995 435
995 595
995 664
995 710
995 746
995 890
995 920
995 943
996 65
996 290
996 303
996 336
996 561
996 578
996 586
996 631
996 764
996 821
996 971
996 982
997 11
997 22
997 23
997 348
997 465
997 609
997 749
998 274
998 296
998 329
998 337
998 527
998 577
998 848
998 880
999 27
999 457
999 526
999 603
999 765
999 817
999 827
999 865
999 898
999 993
