0 26
0 113
0 670
0 999
1 74
1 77
1 288
1 326
1 358
1 436
1 679
1 695
1 763
1 803
1 843
1 847
1 866
1 881
1 926
2 99
2 133
2 142
2 373
2 497
3 247
3 374
3 418
3 758
4 5
4 35
4 208
4 253
4 265
4 440
4 463
4 478
4 559
4 598
4 649
4 673
5 65
5 122
5 208
5 377
5 450
5 470
5 502
5 639
5 676
5 711
5 743
5 993
6 59
6 436
6 477
6 644
6 702
6 766
6 834
7 60
7 164
7 213
7 324
7 346
7 413
7 482
7 522
7 573
7 645
7 715
7 765
7 940
7 964
7 994
8 46
8 106
8 162
8 199
8 203
8 205
8 265
8 562
8 930
8 952
9 212
9 253
9 502
9 617
9 662
9 904
10 0
10 51
10 96
10 263
10 564
10 617
10 667
10 713
10 725
10 826
10 940
11 192
11 313
11 335
11 369
11 391
11 459
11 541
11 663
11 822
11 876
11 894
12 203
12 396
12 489
12 569
12 729
12 815
12 919
12 949
13 1
13 154
13 172
13 355
13 417
13 511
13 658
13 864
13 875
14 183
14 200
14 456
14 509
14 573
14 608
14 640
14 793
14 891
14 942
15 118
15 177
15 208
15 240
15 279
15 306
15 483
15 609
15 619
15 632
15 667
15 811
15 927
15 939
15 961
16 6
16 38
16 655
16 709
16 786
16 828
16 950
16 969
17 244
17 483
17 499
17 529
17 558
17 689
17 856
17 869
17 956
18 22
18 55
18 90
18 197
18 215
18 410
18 485
18 487
18 537
18 647
18 722
18 778
18 844
18 849
18 857
19 52
19 103
19 192
19 197
19 214
19 290
19 350
19 419
19 445
19 465
19 467
19 608
19 741
19 761
19 828
19 850
19 913
19 977
19 978
20 129
20 135
20 174
20 295
20 307
20 391
20 456
20 464
20 563
20 751
20 882
20 905
20 974
21 7
21 227
21 238
21 270
21 291
21 354
21 368
21 528
21 570
21 965
21 995
22 149
22 303
22 462
22 488
22 587
22 713
22 906
22 971
23 225
23 259
23 273
23 351
23 451
23 454
23 461
23 496
23 595
23 701
23 726
23 733
23 767
23 802
23 951
24 264
24 275
24 302
24 456
24 591
24 594
24 628
24 712
24 862
24 878
24 977
25 205
25 209
25 336
25 375
25 695
25 716
25 882
26 327
26 413
26 472
26 546
26 630
26 721
26 750
26 759
26 783
26 863
26 903
26 942
27 22
27 79
27 125
27 227
27 278
27 317
27 324
27 348
27 399
27 627
27 725
27 826
27 960
28 31
28 69
28 127
28 326
28 336
28 493
28 710
28 758
28 836
28 899
28 902
28 952
29 5
29 12
29 27
29 183
29 225
29 736
29 899
29 910
29 937
30 91
30 159
30 181
30 216
30 220
30 541
30 567
30 808
30 904
30 963
31 71
31 178
31 179
31 220
31 268
31 360
31 397
31 404
31 600
31 756
31 766
31 890
31 900
32 3
32 180
32 239
32 324
32 329
32 338
32 380
32 407
32 473
32 674
32 705
32 719
32 754
32 759
33 31
33 78
33 104
33 165
33 200
33 318
33 649
33 677
33 863
33 866
33 992
34 530
34 750
34 868
34 969
35 177
35 192
35 515
35 519
35 615
35 779
35 822
35 916
36 9
36 42
36 121
36 234
36 278
36 338
36 386
36 396
36 581
36 642
36 767
36 802
36 872
36 955
37 90
37 105
37 189
37 357
37 439
37 562
37 584
37 708
37 740
37 803
37 889
38 71
38 87
38 128
38 353
38 667
38 833
38 896
38 981
39 27
39 151
39 245
39 247
39 251
39 418
39 426
39 440
39 500
39 577
39 666
39 677
39 882
39 990
40 84
40 92
40 391
40 626
40 650
40 695
40 942
41 56
41 66
41 206
41 209
41 285
41 294
41 300
41 328
41 419
41 829
42 85
42 329
42 374
42 480
42 538
42 612
42 613
42 647
42 955
42 989
43 134
43 320
43 361
43 382
43 509
43 612
43 763
43 794
43 819
43 883
44 69
44 85
44 405
44 517
44 564
44 594
44 630
44 649
44 672
44 760
45 220
45 311
45 468
45 525
45 579
45 669
45 949
46 376
46 493
46 540
46 567
46 644
46 729
46 765
46 818
46 872
47 65
47 99
47 202
47 325
47 457
47 565
47 721
47 755
47 762
47 789
47 803
47 894
47 897
47 925
48 82
48 378
48 414
48 419
48 502
48 642
48 694
48 749
48 783
49 210
49 356
49 438
49 763
49 831
49 858
49 908
49 931
49 958
49 963
50 201
50 357
50 447
50 617
50 654
50 970
51 36
51 103
51 177
51 290
51 490
51 706
51 825
51 854
51 893
52 21
52 116
52 152
52 201
52 219
52 352
52 462
52 572
52 798
52 902
53 14
53 146
53 170
53 219
53 239
53 414
53 427
53 468
53 575
53 595
53 661
53 948
54 84
54 116
54 202
54 256
54 311
54 488
54 623
54 661
54 914
55 60
55 268
55 277
55 361
55 457
55 494
55 809
55 821
55 870
55 971
55 998
56 76
56 335
56 454
56 689
56 707
56 788
56 831
56 896
56 992
57 68
57 129
57 166
57 879
57 927
58 6
58 13
58 84
58 86
58 202
58 324
58 358
58 496
58 543
58 575
58 622
58 673
58 729
58 815
58 997
59 204
59 271
59 276
59 401
59 794
59 847
59 924
59 958
59 971
60 10
60 239
60 649
60 718
61 189
61 409
61 475
61 505
61 703
61 751
61 786
61 818
61 852
62 126
62 391
62 457
62 690
62 726
62 831
62 846
62 929
62 930
62 943
62 975
63 42
63 96
63 122
63 145
63 216
63 333
63 512
63 521
63 794
63 837
63 917
63 945
64 84
64 112
64 234
64 291
64 363
64 373
64 438
64 449
64 470
64 494
64 589
64 702
64 960
65 66
65 203
65 245
65 348
65 561
65 568
65 675
65 719
65 963
66 57
66 94
66 186
66 214
66 260
66 461
66 521
66 723
66 771
67 1
67 25
67 39
67 337
67 410
67 415
67 443
67 540
67 821
68 613
68 640
68 838
69 15
69 261
69 419
69 595
69 622
69 969
70 180
70 187
70 298
70 427
70 622
70 724
70 851
71 21
71 54
71 58
71 126
71 160
71 418
71 446
71 495
71 610
71 647
71 703
71 959
71 993
72 25
72 47
72 110
72 258
72 473
72 490
72 597
72 633
72 744
72 764
73 242
73 316
73 568
73 592
73 874
73 923
74 272
74 354
74 357
74 514
74 563
74 581
74 680
74 698
74 971
75 12
75 88
75 137
75 388
75 423
75 545
75 604
75 626
75 857
75 867
75 959
76 24
76 197
76 235
76 269
76 305
76 401
76 756
76 758
76 917
77 70
77 82
77 233
77 276
77 278
77 754
77 785
77 792
77 890
77 996
78 140
78 180
78 239
78 243
78 704
78 928
79 100
79 141
79 260
79 482
79 509
79 829
79 899
80 10
80 93
80 100
80 252
80 291
80 358
80 406
80 409
80 609
80 680
80 736
80 809
80 828
80 846
80 955
81 106
81 262
81 267
81 285
81 453
81 471
81 762
81 840
81 843
81 895
82 37
82 273
82 281
82 320
82 468
82 489
82 576
82 578
82 737
82 957
83 6
83 49
83 78
83 189
83 225
83 291
83 347
83 624
83 733
84 305
84 336
84 493
84 536
84 539
84 760
84 773
84 836
84 926
84 942
85 11
85 440
85 468
85 503
85 560
85 625
85 835
85 955
86 143
86 229
86 343
86 702
86 728
86 730
86 961
86 973
87 154
87 191
87 223
87 312
87 411
87 492
87 750
87 928
87 934
87 973
87 978
88 1
88 9
88 219
88 288
88 392
88 861
88 892
88 957
89 94
89 373
89 410
89 490
89 759
89 881
89 965
89 985
90 50
90 68
90 305
90 485
90 537
90 624
90 738
90 740
90 767
90 807
90 947
90 977
90 995
91 10
91 104
91 122
91 192
91 237
91 349
91 365
91 445
91 490
91 760
91 814
91 831
91 896
91 925
91 999
92 32
92 99
92 179
92 317
92 360
92 490
92 674
92 762
92 900
93 56
93 75
93 276
93 366
93 598
93 656
93 775
93 985
94 63
94 118
94 364
94 382
94 658
94 697
94 876
94 973
94 975
94 996
95 24
95 165
95 226
95 287
95 639
95 692
95 797
95 858
95 863
95 894
95 907
95 955
96 266
96 384
96 574
97 101
97 248
97 453
97 487
97 504
97 653
97 779
97 895
97 916
98 16
98 70
98 151
98 159
98 212
98 285
98 344
98 667
98 683
98 780
99 135
99 143
99 249
99 256
99 332
99 354
99 394
99 632
99 681
99 711
99 876
99 900
100 286
100 323
100 335
100 421
100 500
100 590
100 651
100 696
100 760
100 832
100 900
101 77
101 119
101 166
101 248
101 417
101 487
101 640
101 716
101 745
101 912
102 78
102 178
102 197
102 251
102 608
102 823
103 774
103 792
103 838
103 865
103 874
103 881
104 9
104 230
104 582
104 590
104 626
105 140
105 163
105 165
105 178
105 262
105 405
105 500
105 706
105 716
105 837
105 912
105 921
105 985
106 13
106 460
106 510
106 715
106 794
106 822
106 850
106 958
106 961
107 34
107 69
107 220
107 314
107 348
107 396
107 514
107 590
107 648
107 658
107 966
108 250
108 487
108 696
108 700
108 980
109 538
109 606
109 653
109 732
109 875
109 942
109 970
110 176
110 198
110 292
110 294
110 390
110 454
110 509
110 800
110 940
110 984
111 203
111 234
111 266
111 333
111 346
111 874
112 244
112 269
112 407
112 490
112 610
112 741
112 863
112 926
113 164
113 234
113 403
113 474
113 687
113 733
113 921
114 46
114 220
114 249
114 326
114 471
114 638
114 667
114 770
114 837
115 42
115 49
115 152
115 316
115 348
115 450
115 489
115 560
115 739
115 750
115 764
115 915
115 995
116 108
116 559
116 659
116 664
116 705
116 709
116 719
116 990
117 341
117 415
117 743
117 769
117 802
117 985
118 41
118 59
118 151
118 251
118 298
118 360
118 400
118 633
118 783
118 792
118 811
118 890
118 961
119 5
119 269
119 336
119 398
119 418
119 514
119 656
119 664
119 743
119 790
119 825
119 922
120 11
120 26
120 42
120 46
120 55
120 135
120 266
120 271
120 376
120 647
120 909
121 131
121 190
121 212
121 213
121 453
121 457
121 533
121 566
121 925
121 963
122 146
122 409
122 429
122 660
122 712
122 802
122 837
122 845
123 78
123 297
123 338
123 430
123 607
123 849
123 850
123 916
124 109
124 128
124 154
124 172
124 225
124 253
124 528
124 662
124 670
124 683
124 693
124 737
124 777
124 852
124 939
125 112
125 180
125 216
125 333
125 645
125 669
125 715
125 887
126 65
126 105
126 108
126 117
126 234
126 311
126 322
126 393
126 517
126 611
126 857
126 887
126 912
127 26
127 92
127 134
127 198
127 241
127 324
127 341
127 487
127 506
127 519
127 640
127 644
127 677
127 721
127 783
128 60
128 91
128 230
128 329
128 450
128 517
128 522
128 556
128 911
128 925
129 2
129 63
129 156
129 322
129 340
129 544
129 552
129 558
129 586
129 588
129 736
129 845
130 4
130 11
130 256
130 583
130 684
130 860
130 871
130 895
131 44
131 96
131 120
131 227
131 415
131 510
131 547
131 559
131 571
131 616
131 677
131 686
131 692
131 792
132 112
132 145
132 171
132 211
132 439
132 551
132 581
132 693
132 822
133 0
133 8
133 24
133 93
133 99
133 101
133 292
133 518
133 763
133 781
133 809
134 133
134 162
134 310
134 322
134 327
134 348
134 417
134 474
134 685
134 878
134 896
134 934
135 14
135 94
135 108
135 189
135 205
135 233
135 249
135 259
135 292
135 338
135 440
135 617
135 743
135 969
136 301
136 374
136 413
136 592
136 661
136 717
136 772
137 22
137 142
137 437
137 439
137 580
137 680
137 885
138 213
138 224
138 251
138 259
138 294
138 335
138 658
138 791
138 796
139 31
139 34
139 50
139 52
139 128
139 142
139 170
139 437
139 502
139 784
139 973
140 410
140 426
140 489
140 632
140 883
140 926
140 970
141 5
141 408
141 541
141 692
142 6
142 253
142 296
142 618
142 624
143 29
143 40
143 52
143 125
143 174
143 175
143 292
143 455
143 553
143 583
143 631
143 944
144 40
144 134
144 293
144 335
144 343
144 486
144 591
144 655
144 765
144 809
144 846
144 928
144 985
144 986
145 52
145 135
145 142
145 185
145 242
145 400
145 473
145 544
145 554
145 946
146 265
146 442
146 874
146 919
146 957
147 20
147 183
147 429
147 448
147 610
147 640
147 710
147 719
147 792
147 828
147 858
147 902
147 906
147 943
148 172
148 194
148 339
148 470
148 554
148 580
148 627
148 648
148 679
148 879
148 996
149 114
149 129
149 236
149 287
149 561
149 570
149 603
149 738
149 821
149 874
149 917
149 972
150 92
150 223
150 333
150 350
150 476
150 479
150 482
150 606
150 743
150 877
150 883
150 928
151 170
151 369
151 378
151 410
151 527
151 573
151 744
151 747
151 756
151 861
151 869
151 892
152 73
152 140
152 307
152 439
152 525
152 567
152 632
152 634
152 697
152 751
152 763
152 904
152 922
152 987
152 990
152 991
152 992
153 38
153 90
153 116
153 276
153 464
154 17
154 30
154 281
154 518
154 621
154 741
154 774
154 839
155 100
155 198
155 342
155 566
155 747
155 871
155 909
155 927
155 973
156 61
156 162
156 295
156 376
156 384
156 711
157 46
157 99
157 191
157 248
157 251
157 258
157 286
157 318
157 335
157 393
157 505
157 548
157 823
158 136
158 173
158 422
158 546
158 697
158 732
158 859
158 929
159 6
159 71
159 139
159 175
159 180
159 187
159 226
159 296
159 310
159 330
159 345
159 361
159 461
159 618
159 621
159 701
159 708
159 757
159 771
159 866
159 873
159 876
160 31
160 71
160 147
160 227
160 257
160 311
160 469
160 491
160 603
160 673
160 742
160 923
160 945
160 996
161 27
161 92
161 285
161 308
161 381
161 442
161 639
161 721
161 978
162 21
162 115
162 160
162 193
162 290
162 302
162 358
162 392
162 407
162 570
162 623
162 724
162 763
162 832
162 981
163 24
163 125
163 157
163 240
163 504
163 528
163 663
163 852
163 917
164 0
164 150
164 159
164 183
164 203
164 433
164 436
164 450
164 574
164 627
164 890
164 894
164 913
165 19
165 24
165 47
165 71
165 109
165 180
165 187
165 204
165 296
165 320
165 414
165 428
165 436
165 554
165 634
165 684
165 867
165 872
165 968
165 993
166 168
166 540
166 687
166 695
166 776
166 780
166 910
167 80
167 223
167 385
167 387
167 449
167 467
167 554
167 557
167 843
167 877
167 908
167 952
168 88
168 210
168 396
168 535
168 563
168 698
168 732
168 777
168 915
169 164
169 250
169 300
169 424
169 491
169 703
169 749
169 995
170 166
170 201
170 392
170 555
170 559
170 573
170 856
171 35
171 74
171 96
171 156
171 188
171 212
171 583
171 584
171 598
171 627
171 645
171 695
171 823
172 98
172 106
172 149
172 156
172 176
172 456
172 489
172 632
172 652
172 868
172 952
173 279
173 371
173 641
173 656
173 666
173 751
173 984
174 59
174 112
174 168
174 216
174 293
174 414
174 466
174 551
174 637
174 638
174 804
174 979
175 134
175 234
175 485
175 601
175 711
175 742
175 896
175 925
175 995
176 27
176 164
176 271
176 333
176 416
176 487
176 607
176 716
176 844
176 996
177 61
177 89
177 173
177 378
177 408
177 428
177 573
177 645
177 653
177 704
177 948
178 156
178 200
178 281
178 286
178 295
178 513
178 671
178 683
178 728
178 913
178 939
179 260
179 411
179 412
179 419
179 442
179 470
179 540
179 630
179 833
179 871
179 877
179 895
180 89
180 100
180 223
180 256
180 291
180 302
180 327
180 367
180 425
180 613
180 661
180 868
181 212
181 418
181 532
181 551
181 839
181 855
181 868
181 871
181 908
181 937
182 76
182 83
182 146
182 173
182 260
182 272
182 281
182 299
182 386
182 438
182 581
182 658
182 686
182 748
182 952
183 105
183 205
183 210
183 606
184 25
184 29
184 293
184 301
184 427
184 596
184 652
184 665
184 797
184 864
184 997
185 260
185 410
185 505
185 523
185 714
185 785
185 805
185 870
185 936
186 259
186 286
186 376
186 452
186 944
187 70
187 87
187 144
187 183
187 314
187 456
187 605
187 684
187 880
187 887
187 904
187 923
188 33
188 96
188 276
188 324
188 423
188 504
188 510
188 511
188 515
188 526
189 28
189 130
189 199
189 204
189 286
189 363
189 481
189 551
189 564
189 572
189 639
189 641
189 681
189 946
190 9
190 94
190 135
190 370
190 375
190 481
190 484
190 822
190 899
191 13
191 30
191 60
191 127
191 159
191 176
191 185
191 296
191 359
191 454
191 518
191 539
191 570
191 636
191 687
191 711
191 836
191 849
192 16
192 31
192 44
192 49
192 181
192 191
192 227
192 346
192 511
192 756
192 845
192 910
192 935
192 961
193 136
193 251
193 291
193 672
193 691
193 856
193 857
193 858
193 942
194 310
194 363
194 637
194 743
194 795
194 820
194 884
194 950
195 69
195 254
195 426
195 474
195 488
195 616
195 663
196 70
196 241
196 286
196 414
196 464
196 617
196 641
196 822
196 942
197 34
197 136
197 311
197 337
197 404
197 477
197 693
197 733
197 749
197 817
197 911
198 72
198 242
198 411
198 442
198 465
198 496
198 588
198 711
198 748
198 799
198 830
198 900
198 959
199 78
199 130
199 259
199 306
199 322
199 330
199 657
199 714
199 768
199 807
200 31
200 93
200 158
200 167
200 225
200 253
200 269
200 433
200 447
200 478
200 502
200 585
200 926
200 972
201 65
201 627
201 758
201 839
201 940
201 987
202 188
202 272
202 427
202 488
202 502
202 538
202 755
202 787
202 821
202 917
203 10
203 57
203 213
203 265
203 303
203 352
203 689
203 698
203 717
203 828
203 922
204 165
204 192
204 420
204 467
204 657
204 744
204 816
204 994
205 218
205 592
205 635
205 708
205 906
205 936
206 44
206 70
206 125
206 174
206 240
206 373
206 503
206 598
206 877
206 982
207 3
207 23
207 40
207 131
207 212
207 237
207 383
207 475
207 529
207 566
207 569
207 640
207 649
207 652
207 900
207 928
207 975
208 34
208 577
208 708
208 766
208 816
208 999
209 52
209 66
209 264
209 318
209 562
209 567
209 759
209 974
210 293
210 371
210 402
210 407
210 466
210 478
210 682
210 688
210 763
210 857
210 905
210 933
210 991
211 47
211 95
211 163
211 254
211 264
211 333
211 356
211 779
211 789
212 295
212 303
212 394
212 525
212 664
212 736
212 845
212 889
213 10
213 49
213 80
213 140
213 145
213 245
213 331
213 335
213 417
213 668
213 669
213 728
213 845
213 929
213 952
214 364
214 525
214 679
214 843
215 207
215 804
215 843
215 891
216 87
216 236
216 280
216 344
216 349
216 392
216 502
216 556
216 602
216 800
216 852
216 859
216 946
217 209
217 361
217 393
217 430
217 504
217 540
217 577
217 578
217 589
217 628
217 668
217 754
217 873
218 329
218 434
218 442
218 571
218 673
218 775
218 801
219 8
219 161
219 174
219 230
219 320
219 378
219 410
219 496
219 583
219 673
219 774
219 879
219 948
219 962
220 41
220 89
220 132
220 252
220 288
220 412
220 504
220 542
220 696
220 700
220 813
221 222
221 403
221 506
222 592
222 661
222 777
222 826
222 849
223 20
223 202
223 283
223 519
223 570
223 628
223 713
223 996
224 111
224 159
224 195
224 321
224 339
224 366
224 471
224 472
224 535
224 565
224 786
224 804
224 867
225 90
225 152
225 553
225 689
225 879
225 939
226 47
226 139
226 173
226 228
226 455
226 497
226 502
226 789
226 838
226 858
226 864
226 873
226 913
226 952
227 95
227 99
227 141
227 144
227 461
227 469
227 631
227 667
227 736
227 765
227 771
227 878
227 917
228 4
228 37
228 170
228 332
228 348
228 637
228 760
228 831
228 889
228 934
229 312
229 692
229 736
229 751
229 961
229 963
230 58
230 180
230 334
230 361
230 383
230 384
230 475
230 553
230 555
230 577
230 758
230 777
230 838
230 877
230 908
231 54
231 121
231 314
231 428
231 441
231 484
231 586
231 606
231 678
231 821
231 899
232 63
232 170
232 363
232 484
232 727
232 756
232 757
233 5
233 207
233 375
233 378
233 384
233 417
233 536
233 605
233 732
233 868
233 884
234 151
234 205
234 530
234 618
234 717
234 740
234 742
234 879
235 154
235 278
235 466
235 542
235 578
235 684
235 854
235 871
235 925
236 244
236 309
236 322
236 391
236 392
236 396
236 433
236 496
236 595
236 664
236 716
236 758
236 889
236 894
237 101
237 217
237 225
237 380
237 388
237 668
238 164
238 326
238 500
238 783
238 814
238 830
238 864
238 904
239 76
239 133
239 142
239 226
239 354
239 409
239 522
239 538
239 549
239 867
239 892
239 910
239 982
240 173
240 206
240 230
240 428
240 452
240 458
240 548
240 793
240 935
241 164
241 170
241 199
241 213
241 230
241 256
241 294
241 334
241 352
241 900
241 961
242 86
242 105
242 140
242 322
242 374
242 397
242 403
242 662
242 737
242 751
242 825
242 840
242 959
243 351
243 418
243 444
243 505
243 511
243 517
243 717
243 731
243 797
244 82
244 152
244 200
244 251
244 293
244 360
244 576
244 849
244 850
245 83
245 84
245 182
245 196
245 271
245 288
245 445
245 469
245 480
245 514
245 578
245 710
245 876
245 903
246 27
246 36
246 65
246 97
246 126
246 338
246 473
246 496
246 514
246 594
246 689
246 882
246 970
247 24
247 50
247 162
247 179
247 196
247 406
247 493
247 621
247 628
247 757
247 835
247 942
247 974
248 100
248 596
248 612
248 741
248 971
248 991
249 87
249 301
249 370
249 674
249 920
249 921
250 99
250 127
250 223
250 299
250 446
250 477
250 618
250 743
250 822
250 982
251 108
251 120
251 167
251 346
251 359
251 381
251 402
251 406
251 503
251 591
251 671
251 897
251 943
251 998
252 18
252 115
252 296
252 297
252 302
252 401
252 581
252 738
252 768
252 798
252 828
253 71
253 85
253 177
253 249
253 308
253 619
253 810
253 869
253 881
253 884
253 885
253 930
254 16
254 82
254 172
254 200
254 274
254 407
254 555
254 565
254 588
254 596
254 606
254 638
254 664
254 673
254 905
255 30
255 171
255 202
255 256
255 549
255 553
255 672
255 737
255 874
255 904
256 268
256 455
256 560
256 618
256 648
256 684
256 975
257 113
257 238
257 430
257 459
257 563
257 581
257 694
257 956
258 212
258 486
258 819
258 877
258 950
258 985
259 19
259 39
259 117
259 136
259 237
259 394
259 538
259 540
259 581
259 610
259 789
259 812
259 901
260 53
260 56
260 128
260 190
260 227
260 424
260 584
260 595
260 619
260 635
260 783
260 972
260 983
261 70
261 214
261 504
261 539
261 569
261 606
261 641
261 698
261 796
261 812
262 208
262 233
262 247
262 384
262 420
262 537
262 716
262 758
262 783
262 932
262 966
263 158
263 200
263 335
263 413
263 429
263 699
263 713
263 741
263 941
264 137
264 187
264 217
264 245
264 419
264 442
264 492
264 547
264 840
264 844
264 851
264 910
264 958
265 201
265 385
265 585
265 999
266 240
266 291
266 351
266 432
266 440
266 542
266 551
266 635
266 659
266 666
266 797
266 851
266 959
266 972
267 10
267 43
267 203
267 220
267 312
267 502
267 561
267 632
267 786
267 872
267 974
268 124
268 151
268 163
268 357
268 497
268 532
268 628
268 631
268 701
268 728
268 778
268 798
268 806
268 816
268 834
268 847
268 863
268 930
269 29
269 126
269 287
269 484
269 513
269 827
269 834
270 67
270 82
270 130
270 145
270 227
270 306
270 343
270 351
270 363
270 604
270 645
270 724
270 803
271 72
271 222
271 757
272 3
272 146
272 617
272 656
272 752
272 757
272 921
272 963
272 977
273 29
273 158
273 247
273 418
273 618
273 715
273 738
273 774
273 905
273 934
274 55
274 62
274 255
274 424
274 451
274 456
274 469
274 486
274 547
274 556
274 575
274 741
274 813
274 844
274 882
275 68
275 97
275 155
275 352
275 386
275 572
275 595
275 662
275 854
275 972
276 27
276 237
276 238
276 242
276 651
276 809
276 965
277 137
277 180
277 199
277 280
277 337
277 385
277 441
277 453
277 586
277 591
277 599
277 611
277 667
277 711
277 722
277 752
277 765
277 769
277 803
277 983
278 120
278 286
278 347
278 475
278 605
278 770
278 921
278 979
279 370
279 385
279 439
279 508
279 683
279 717
279 721
280 38
280 154
280 207
280 250
280 295
280 316
280 328
280 610
280 622
280 636
280 956
281 160
281 176
281 203
281 360
281 391
281 458
281 526
281 547
281 569
281 589
281 714
281 945
281 952
281 963
282 7
282 10
282 330
282 547
282 587
282 613
282 615
282 703
282 732
282 851
282 915
282 951
283 87
283 290
283 355
283 505
283 563
283 662
283 719
283 747
283 834
284 137
284 186
284 396
284 405
284 562
284 690
284 715
284 830
284 833
284 849
284 939
284 971
285 73
285 80
285 139
285 211
285 221
285 278
285 295
285 468
285 594
285 597
285 686
285 765
285 800
285 944
286 66
286 109
286 115
286 209
286 341
286 511
287 34
287 60
287 192
287 213
287 216
287 305
287 314
287 479
287 726
287 765
287 813
287 842
287 891
287 923
288 45
288 67
288 192
288 295
288 644
288 799
288 880
289 56
289 268
289 364
289 366
289 384
289 568
289 597
289 618
289 696
289 735
289 842
290 18
290 81
290 343
290 490
290 587
290 630
290 647
290 738
291 58
291 126
291 298
291 321
291 538
291 551
291 772
291 802
291 854
291 897
292 61
292 389
292 496
292 595
292 708
292 817
292 825
292 931
293 98
293 240
293 304
293 454
293 570
293 679
293 751
293 761
294 352
294 447
294 553
294 620
294 702
294 714
294 848
294 964
295 179
295 274
295 285
295 314
295 351
295 603
295 722
295 758
295 881
295 918
295 956
296 183
296 198
296 232
296 258
296 365
296 444
296 448
296 716
296 729
296 753
296 817
296 850
296 876
296 929
296 941
297 45
297 77
297 162
297 267
297 608
297 686
297 707
297 738
297 764
297 888
298 244
298 260
298 270
298 344
298 353
298 412
298 443
298 518
298 597
298 655
298 772
299 11
299 94
299 127
299 137
299 189
299 384
299 462
299 603
299 670
299 704
299 977
300 18
300 75
300 138
300 160
300 180
300 291
300 338
300 433
300 805
300 877
301 78
301 154
301 196
301 243
301 272
301 474
301 546
301 962
302 55
302 257
302 375
302 454
302 459
302 518
302 636
302 730
302 755
302 880
302 965
302 975
303 26
303 158
303 160
303 174
303 269
303 353
303 476
303 544
303 556
303 607
303 806
303 850
303 866
303 907
303 987
303 995
304 0
304 111
304 204
304 230
304 310
304 332
304 675
304 756
304 917
304 921
304 952
304 994
305 89
305 98
305 100
305 235
305 431
305 458
305 515
305 526
305 580
305 664
305 767
305 787
305 822
305 853
305 877
306 17
306 39
306 149
306 388
306 430
306 477
306 518
306 601
306 778
306 780
306 923
307 9
307 47
307 155
307 241
307 519
307 652
307 878
307 892
307 933
308 68
308 74
308 102
308 181
308 292
308 363
308 372
308 393
308 500
308 711
308 793
308 891
308 926
308 949
308 974
309 83
309 130
309 162
309 266
309 368
309 472
309 475
309 484
309 606
309 623
309 632
309 667
309 687
309 805
309 858
309 976
310 26
310 130
310 172
310 199
310 224
310 374
310 402
310 472
310 512
310 532
310 562
310 787
310 845
310 865
310 884
310 890
310 948
310 966
311 221
311 414
311 464
311 470
311 615
311 623
311 759
311 813
311 888
312 19
312 26
312 37
312 40
312 53
312 85
312 157
312 219
312 242
312 288
312 337
312 567
312 743
312 838
312 913
313 169
313 278
313 302
313 403
313 437
313 533
313 668
313 877
314 362
314 522
314 746
314 817
315 266
315 341
315 512
315 539
315 600
315 612
315 871
315 894
315 901
315 910
316 89
316 168
316 191
316 207
316 241
316 342
316 364
316 395
316 401
316 522
316 528
316 580
316 728
316 781
316 875
316 965
317 3
317 13
317 36
317 70
317 112
317 134
317 136
317 231
317 351
317 399
317 522
317 621
317 794
317 927
318 126
318 176
318 257
318 282
318 618
318 695
318 697
318 770
318 815
319 115
319 308
319 329
319 417
319 429
319 547
319 671
319 757
319 941
320 4
320 85
320 97
320 109
320 282
320 353
320 469
320 542
320 685
320 714
320 916
321 143
321 320
321 389
321 584
321 636
321 664
321 773
321 832
321 880
322 72
322 122
322 140
322 177
322 280
322 317
322 447
322 604
322 623
322 730
322 747
322 827
322 888
323 23
323 81
323 110
323 282
323 406
323 439
323 451
323 651
323 781
324 110
324 240
324 306
324 585
324 678
324 869
325 72
325 129
325 161
325 337
325 695
325 732
325 760
325 808
325 900
325 956
326 163
326 357
326 415
326 488
326 656
326 657
326 844
327 60
327 192
327 241
327 264
327 271
327 348
327 363
327 378
327 464
327 550
327 582
327 648
327 802
327 925
327 940
327 992
328 44
328 77
328 81
328 129
328 148
328 314
328 327
328 492
328 606
328 630
328 656
328 710
328 769
328 788
328 938
329 59
329 206
329 342
329 366
329 389
329 394
329 445
329 554
329 742
329 830
330 60
330 101
330 132
330 272
330 339
330 404
330 503
330 533
330 632
330 847
330 918
330 992
331 36
331 276
331 315
331 334
331 481
331 541
331 555
331 636
331 650
331 661
331 694
331 727
331 736
331 744
331 885
332 54
332 88
332 134
332 184
332 226
332 334
332 365
332 492
332 502
332 608
333 84
333 520
333 756
333 832
333 882
333 924
334 79
334 85
334 139
334 203
334 220
334 329
334 414
334 434
334 567
334 584
334 789
334 802
334 805
334 806
334 899
335 206
335 214
335 265
335 303
335 372
335 374
335 398
335 476
335 545
335 615
335 628
335 764
335 909
336 0
336 94
336 183
336 331
336 352
336 459
336 680
336 798
336 833
336 945
337 100
337 233
337 237
337 299
337 421
337 455
337 541
337 615
337 662
337 702
337 882
337 968
338 272
338 384
338 472
338 560
338 593
338 599
338 618
338 715
338 780
338 794
338 885
338 946
339 7
339 98
339 310
339 338
339 351
339 556
339 667
339 700
339 743
339 958
339 971
339 993
340 117
340 218
340 224
340 309
340 327
340 343
340 370
340 422
340 650
340 733
340 757
340 925
340 980
341 50
341 97
341 98
341 201
341 263
341 689
341 809
341 853
342 218
342 230
342 266
342 432
342 475
342 746
342 775
342 791
342 811
342 816
342 832
342 871
342 901
343 269
343 291
343 405
343 495
343 584
343 620
343 807
343 824
343 923
343 941
343 997
344 76
344 131
344 210
344 339
344 636
344 678
344 721
344 727
344 942
344 989
345 89
345 175
345 187
345 256
345 423
345 454
345 506
345 760
345 961
345 964
346 66
346 276
346 404
346 498
346 600
346 714
346 976
347 294
347 342
347 458
347 460
347 556
347 603
347 627
347 751
347 846
347 855
347 936
348 90
348 117
348 184
348 284
348 417
348 447
348 474
348 532
348 536
348 592
348 782
348 786
348 804
348 916
349 127
349 201
349 360
349 451
349 513
349 630
349 662
349 946
349 977
350 84
350 224
350 354
350 411
350 455
350 492
350 528
350 529
350 819
350 825
350 847
350 980
351 60
351 181
351 214
351 490
351 523
351 622
351 703
351 745
351 855
352 172
352 238
352 470
352 502
352 653
352 800
352 849
352 950
353 155
353 363
353 511
353 530
353 632
353 728
353 901
353 911
354 88
354 139
354 203
354 363
354 433
354 536
354 766
354 855
354 875
354 903
354 945
355 15
355 109
355 222
355 251
355 354
355 431
355 432
355 493
355 534
355 586
355 606
355 634
355 703
355 812
356 66
356 196
356 645
356 708
356 864
356 884
356 909
356 912
356 947
357 106
357 298
357 338
357 384
357 518
357 552
357 871
357 880
357 895
358 66
358 70
358 87
358 103
358 113
358 686
358 790
358 800
358 843
358 867
359 33
359 79
359 305
359 356
359 465
359 530
359 613
359 619
359 784
359 820
359 995
360 48
360 90
360 192
360 287
360 396
360 505
360 576
360 647
360 722
360 797
360 891
360 897
360 950
361 103
361 104
361 119
361 180
361 417
361 673
361 710
361 869
361 883
362 6
362 326
362 339
362 356
362 366
362 453
362 537
362 579
362 597
362 692
363 10
363 200
363 236
363 267
363 278
363 389
363 516
363 547
363 555
363 573
363 611
363 796
363 931
364 7
364 399
364 452
364 485
364 669
364 726
364 793
364 819
364 863
364 936
364 985
365 110
365 443
365 450
365 461
365 601
365 680
365 885
366 9
366 120
366 223
366 314
366 445
366 459
366 578
366 620
367 40
367 235
367 359
367 420
367 467
367 475
367 579
367 595
367 661
367 952
368 32
368 60
368 211
368 527
368 635
368 811
368 838
368 900
368 930
368 976
368 986
368 989
369 62
369 81
369 117
369 132
369 167
369 206
369 396
369 511
369 547
369 586
369 742
369 959
370 85
370 153
370 202
370 206
370 623
371 31
371 180
371 220
371 240
371 264
371 353
371 659
371 721
371 830
371 846
371 933
372 305
372 404
372 505
372 671
372 858
372 867
373 33
373 116
373 148
373 149
373 155
373 165
373 185
373 233
373 390
373 427
373 454
373 491
373 522
373 665
373 977
374 402
374 407
374 499
374 624
374 730
374 813
374 878
374 892
374 912
375 37
375 189
375 194
375 286
375 328
375 348
375 450
375 854
375 877
376 30
376 124
376 171
376 199
376 221
376 262
376 334
376 501
376 509
376 653
376 760
376 785
376 827
376 957
376 969
377 265
377 276
377 287
377 397
377 480
377 522
377 625
377 630
377 703
377 706
378 30
378 83
378 96
378 655
378 679
378 702
378 732
378 756
378 913
379 40
379 53
379 55
379 395
379 501
379 550
379 615
379 964
380 266
380 270
380 446
380 494
380 572
380 723
380 839
381 57
381 143
381 349
381 495
381 663
381 680
381 899
382 189
382 242
382 283
382 379
382 651
382 714
382 756
382 907
382 942
382 946
383 11
383 133
383 348
383 374
383 397
383 411
383 415
383 464
383 901
383 985
384 71
384 261
384 340
384 371
384 405
384 548
384 555
384 646
384 707
384 717
384 720
384 791
384 842
385 51
385 56
385 66
385 273
385 513
385 703
385 782
385 796
385 949
385 955
385 981
385 988
386 91
386 335
386 561
386 681
386 846
386 926
386 934
386 935
387 19
387 206
387 218
387 272
387 631
387 664
387 726
387 732
387 750
387 983
387 991
388 109
388 166
388 167
388 328
388 374
388 402
388 473
388 491
388 493
388 527
388 609
388 671
388 869
388 940
388 985
389 16
389 94
389 154
389 265
389 320
389 428
389 504
389 753
389 759
390 2
390 106
390 321
390 400
390 463
390 473
390 491
390 519
390 562
390 754
391 73
391 87
391 450
391 693
391 701
391 729
391 843
391 873
391 927
391 994
392 209
392 402
392 459
392 551
392 604
392 627
392 646
392 671
392 837
393 81
393 99
393 147
393 157
393 201
393 277
393 317
393 429
393 445
393 486
393 561
393 754
393 797
394 56
394 254
394 369
394 541
394 604
394 741
394 790
394 847
394 851
394 969
395 105
395 189
395 271
395 354
395 399
395 503
395 709
395 831
395 873
396 286
396 471
396 498
396 499
396 662
396 750
396 849
396 962
397 33
397 75
397 213
397 344
397 437
397 476
397 522
397 526
397 680
397 689
397 739
397 852
398 40
398 83
398 87
398 218
398 416
398 536
398 542
398 599
398 734
398 765
398 880
398 884
398 894
398 981
399 66
399 83
399 114
399 125
399 197
399 267
399 435
399 659
399 700
399 725
399 770
400 81
400 223
400 246
400 262
400 409
400 566
400 573
400 686
400 819
400 834
400 865
401 137
401 230
401 358
401 403
401 775
401 801
401 846
401 977
401 993
402 55
402 76
402 87
402 311
402 452
402 625
402 655
402 799
402 862
402 866
403 13
403 138
403 177
403 211
403 644
403 671
403 682
403 813
403 989
404 0
404 420
404 422
404 425
404 549
404 573
404 673
404 975
405 6
405 28
405 58
405 209
405 262
405 470
405 615
405 620
405 655
405 669
405 887
405 926
405 968
405 992
406 2
406 16
406 91
406 198
406 222
406 751
407 131
407 499
407 644
407 660
407 726
408 0
408 89
408 191
408 212
408 230
408 589
408 606
408 776
408 790
408 974
409 14
409 129
409 132
409 341
409 387
409 518
409 690
409 699
409 929
409 974
410 75
410 175
410 192
410 194
410 257
410 269
410 382
410 406
410 409
410 417
410 492
410 499
410 842
410 845
410 851
410 904
411 81
411 84
411 134
411 440
411 509
411 668
411 680
411 846
411 991
412 170
412 248
412 307
412 341
412 351
412 407
412 491
412 795
412 830
413 47
413 50
413 111
413 153
413 323
413 349
413 375
413 468
413 669
413 946
413 991
414 99
414 186
414 219
414 225
414 488
414 551
414 620
415 129
415 168
415 341
415 426
415 587
415 684
415 926
415 952
416 87
416 115
416 195
416 314
416 331
416 429
416 584
416 651
416 689
416 756
416 924
416 930
416 995
417 43
417 123
417 327
417 374
417 497
417 792
417 802
418 1
418 36
418 205
418 322
418 335
418 363
418 513
418 604
418 662
418 715
418 908
418 941
419 3
419 26
419 190
419 191
419 296
419 335
419 380
419 477
419 507
419 614
419 652
419 932
420 92
420 191
420 477
420 948
421 44
421 601
421 697
421 892
422 3
422 502
422 548
422 574
422 740
422 797
422 845
422 941
423 18
423 89
423 94
423 189
423 337
423 411
423 564
423 590
423 618
423 687
423 688
423 727
423 863
423 963
424 80
424 180
424 219
424 359
424 367
424 803
424 828
424 841
424 886
425 81
425 184
425 334
425 401
425 622
425 667
425 721
425 765
425 907
426 108
426 365
426 370
426 458
426 596
426 727
426 786
426 810
426 908
427 123
427 155
427 190
427 573
427 577
427 648
428 299
428 338
428 423
428 546
428 590
428 697
428 757
428 759
428 862
429 12
429 88
429 116
429 149
429 399
429 456
429 488
429 550
429 594
429 723
430 11
430 23
430 215
430 241
430 388
430 495
430 698
430 738
430 827
430 861
430 947
430 987
431 21
431 192
431 503
431 592
431 725
431 810
431 907
432 152
432 401
432 498
432 774
432 818
432 828
432 916
432 964
433 11
433 12
433 183
433 193
433 256
433 331
433 417
433 438
433 443
433 663
434 48
434 172
434 333
434 362
434 424
434 572
434 580
434 616
434 632
434 759
434 971
435 247
435 772
435 882
436 24
436 41
436 408
436 584
436 803
436 890
437 152
437 394
437 521
437 604
437 648
437 834
437 978
437 986
438 72
438 94
438 172
438 319
438 386
438 428
438 672
438 787
438 910
438 999
439 72
439 74
439 142
439 189
439 226
439 275
439 302
439 340
439 486
439 564
439 858
439 975
439 976
439 979
440 89
440 171
440 207
440 340
440 372
440 405
440 421
440 600
440 848
440 854
440 888
440 902
441 280
441 497
441 560
441 648
441 719
441 791
441 818
441 883
441 986
442 65
442 87
442 185
442 214
442 317
442 436
442 537
442 658
442 675
442 724
442 738
442 832
442 896
443 80
443 113
443 150
443 158
443 194
443 231
443 503
443 583
443 634
443 828
443 950
443 972
444 178
444 190
444 355
444 359
444 437
444 471
444 781
444 803
444 943
445 258
445 315
445 323
445 734
446 49
446 433
446 486
446 600
446 675
446 820
446 845
446 879
447 260
447 320
447 325
447 339
447 384
447 473
447 505
447 511
447 572
447 579
447 586
447 599
447 647
447 744
447 897
448 99
448 142
448 157
448 168
448 360
448 509
448 531
448 559
448 847
449 90
449 163
449 185
449 197
449 200
449 223
449 341
449 342
449 523
449 730
449 816
450 244
450 258
450 262
450 438
450 490
450 567
450 688
450 850
450 941
450 951
451 64
451 187
451 387
451 617
451 674
451 720
451 757
451 783
451 819
451 927
451 953
452 62
452 145
452 316
452 391
452 460
452 481
452 548
452 577
452 745
452 772
452 919
453 16
453 83
453 184
453 314
453 459
453 496
453 578
453 579
453 580
453 774
453 803
453 851
453 930
454 12
454 44
454 260
454 300
454 693
454 713
454 809
454 850
454 922
454 962
454 964
454 967
454 990
455 60
455 96
455 183
455 255
455 318
455 337
455 358
455 506
455 694
455 739
455 899
455 986
456 218
456 478
456 724
456 804
456 806
457 94
457 101
457 119
457 122
457 208
457 241
457 465
457 492
457 519
457 585
457 651
457 681
457 822
458 163
458 249
458 364
458 409
458 435
458 650
458 752
458 826
458 959
459 96
459 188
459 249
459 326
459 487
459 636
459 680
459 914
459 933
459 982
460 111
460 239
460 321
460 334
460 556
460 557
460 570
460 625
460 673
460 745
461 16
461 25
461 119
461 144
461 442
461 454
461 488
461 687
461 726
462 12
462 189
462 210
462 392
462 528
462 592
462 774
462 807
462 808
462 819
462 823
462 899
463 93
463 129
463 309
463 341
463 444
463 736
463 775
463 803
463 819
463 850
463 903
463 955
463 975
463 979
464 68
464 96
464 411
464 420
464 453
464 494
464 585
464 700
464 805
464 823
464 833
464 873
464 949
465 352
465 410
465 418
465 593
465 610
465 873
465 902
465 968
466 118
466 185
466 239
466 651
466 666
467 131
467 325
467 344
467 409
467 420
467 437
467 451
467 453
467 531
467 630
467 692
467 827
467 911
468 476
468 697
468 762
468 861
469 3
469 38
469 47
469 103
469 144
469 148
469 169
469 239
469 308
469 330
469 387
469 495
469 554
469 631
469 657
469 867
470 463
470 523
470 603
470 912
471 4
471 127
471 132
471 281
471 361
471 404
471 436
471 453
471 503
471 609
471 627
471 716
471 935
471 938
471 953
471 987
472 25
472 122
472 161
472 382
472 454
472 505
472 506
472 536
472 617
472 666
472 764
472 794
472 852
472 920
472 980
473 154
473 752
473 779
473 853
474 36
474 71
474 105
474 377
474 385
474 419
474 420
474 458
474 470
474 515
474 530
474 602
474 693
474 700
474 785
474 793
475 34
475 82
475 233
475 269
475 352
475 408
475 621
475 687
475 757
475 762
475 831
476 151
476 187
476 496
476 556
476 658
476 706
476 898
476 950
476 996
477 53
477 65
477 72
477 117
477 141
477 157
477 163
477 546
477 610
477 690
477 932
478 90
478 92
478 179
478 359
478 377
478 516
478 607
478 829
478 879
478 917
479 48
479 64
479 132
479 265
479 370
479 536
479 681
479 695
479 770
479 774
479 815
479 948
480 80
480 233
480 426
480 676
480 851
481 4
481 219
481 427
481 497
481 555
481 646
481 686
481 688
481 922
482 4
482 110
482 187
482 365
482 397
482 496
482 591
482 703
482 755
482 829
482 896
483 227
483 455
483 537
483 551
483 675
483 740
483 744
483 811
484 105
484 267
484 365
484 393
484 508
484 546
484 758
484 783
484 932
485 259
485 499
485 716
485 784
485 873
485 879
486 173
486 319
486 377
486 389
486 427
486 433
486 447
486 873
486 981
487 149
487 718
487 748
487 934
488 16
488 106
488 341
488 444
488 543
488 553
488 614
488 615
488 783
488 815
488 866
488 909
488 961
488 971
489 36
489 102
489 135
489 200
489 309
489 449
489 602
489 651
489 691
489 774
489 942
489 997
490 55
490 286
490 287
490 402
490 526
490 701
490 764
490 826
490 850
490 942
491 43
491 254
491 282
491 356
491 428
491 488
491 794
491 813
491 849
492 2
492 342
492 407
492 505
492 571
492 583
492 823
493 126
493 191
493 221
493 233
493 342
493 588
493 699
493 709
493 968
494 50
494 95
494 284
494 310
494 410
494 527
494 750
494 752
494 796
494 897
494 951
494 997
495 23
495 245
495 252
495 279
495 337
495 445
495 679
495 712
495 838
495 855
495 990
496 18
496 51
496 63
496 93
496 109
496 280
496 288
496 301
496 371
496 387
496 497
496 513
496 591
496 737
496 747
496 783
496 936
496 971
497 58
497 137
497 540
497 709
498 81
498 236
498 337
498 400
498 473
498 568
498 651
498 709
498 845
498 969
499 112
499 123
499 146
499 185
499 204
499 299
499 325
499 371
499 648
499 694
499 766
499 824
499 833
499 835
500 0
500 32
500 36
500 48
500 56
500 84
500 99
500 109
500 168
500 351
500 369
500 464
500 503
500 711
500 845
500 909
501 9
501 15
501 44
501 128
501 734
501 818
501 858
501 859
502 68
502 100
502 107
502 123
502 197
502 269
502 278
502 336
502 557
502 634
502 692
502 725
502 835
503 24
503 74
503 343
503 430
503 512
503 581
503 727
503 777
503 838
503 872
503 886
504 83
504 176
504 246
504 300
504 317
504 392
504 557
504 637
504 669
504 725
504 822
504 857
504 889
504 901
504 980
505 23
505 25
505 139
505 178
505 290
505 320
505 479
505 516
505 546
505 746
505 752
505 773
505 807
505 834
505 855
505 921
506 30
506 123
506 275
506 338
506 421
506 459
506 589
506 650
506 976
507 23
507 93
507 324
507 438
507 448
507 499
507 756
507 977
508 53
508 171
508 329
508 348
508 416
508 494
508 503
508 620
508 746
508 798
508 907
508 946
508 989
509 59
509 215
509 231
509 366
509 411
509 561
509 688
509 715
509 730
509 731
509 749
509 813
509 965
510 61
510 566
510 594
510 595
510 625
510 696
510 790
511 170
511 264
511 303
511 332
511 369
511 389
511 520
511 586
512 152
512 177
512 186
512 208
512 493
512 696
512 735
512 813
512 823
512 854
512 889
513 134
513 140
513 168
513 280
513 361
513 635
513 757
513 814
513 877
513 989
514 104
514 115
514 195
514 293
514 581
514 676
514 829
514 838
514 956
514 987
515 144
515 537
515 600
515 662
515 716
515 966
515 991
516 1
516 9
516 74
516 120
516 147
516 225
516 376
516 619
516 712
516 733
516 762
516 903
516 942
517 135
517 344
517 501
517 724
517 800
518 82
518 86
518 157
518 166
518 231
518 314
518 392
518 726
518 800
518 896
518 937
519 254
519 276
519 754
520 75
520 208
520 296
520 385
520 500
520 527
520 900
520 959
521 119
521 124
521 369
521 627
521 642
521 873
521 900
522 65
522 97
522 158
522 330
522 371
522 375
522 651
522 878
523 79
523 125
523 201
523 438
523 805
523 872
523 894
524 269
524 321
524 332
524 345
524 358
524 373
524 510
524 598
524 994
525 3
525 7
525 297
525 523
525 590
525 642
525 874
525 948
525 999
526 271
526 356
526 374
526 448
526 455
526 464
526 480
526 568
526 582
526 669
526 698
526 793
526 850
527 24
527 65
527 95
527 145
527 172
527 196
527 453
527 468
527 877
527 951
528 35
528 51
528 151
528 154
528 201
528 281
528 296
528 320
528 350
528 441
528 546
528 620
528 695
528 763
528 766
528 791
528 828
528 867
528 888
529 193
529 247
529 339
529 440
529 531
529 642
529 731
529 905
529 965
530 49
530 61
530 176
530 365
530 478
530 683
530 684
530 840
531 86
531 156
531 429
531 462
531 467
531 501
531 750
531 848
532 62
532 124
532 148
532 264
532 347
532 425
532 441
532 541
532 697
532 822
532 969
532 972
533 5
533 40
533 70
533 497
533 716
533 960
534 52
534 123
534 211
534 247
534 303
534 339
534 430
534 629
534 761
534 815
535 67
535 144
535 177
535 266
535 300
535 415
535 432
535 534
535 584
536 190
536 682
536 834
536 911
536 914
536 926
536 932
537 45
537 241
537 287
537 445
537 597
537 633
537 703
537 708
537 878
537 881
537 969
538 61
538 179
538 515
538 558
538 649
538 710
538 766
539 61
539 217
539 237
539 333
539 433
539 498
539 526
539 604
539 659
539 889
539 934
539 963
539 986
540 104
540 139
540 259
540 277
540 522
540 831
540 865
540 884
540 958
541 0
541 26
541 383
541 398
541 455
541 659
541 734
541 847
541 917
542 156
542 202
542 267
542 705
542 711
542 732
542 871
543 270
543 293
543 462
543 517
543 518
543 524
543 540
543 683
543 814
543 824
543 855
543 934
543 942
543 946
544 28
544 116
544 219
544 262
544 333
544 344
544 450
544 490
544 508
544 574
544 633
544 938
544 998
545 36
545 63
545 129
545 244
545 302
545 368
545 527
545 946
545 998
546 55
546 190
546 433
546 510
546 588
546 748
546 943
546 960
547 198
547 215
547 544
547 831
547 947
548 38
548 96
548 252
548 285
548 444
548 445
548 487
548 565
548 652
548 683
548 885
549 77
549 194
549 206
549 457
549 471
549 982
550 312
550 402
550 514
550 642
550 664
550 706
550 826
550 972
550 994
551 106
551 121
551 268
551 379
551 484
551 616
551 969
551 974
552 14
552 146
552 173
552 195
552 393
552 400
552 401
552 404
552 534
552 550
552 662
552 685
552 765
552 803
552 833
552 888
552 915
553 69
553 107
553 173
553 213
553 325
553 332
553 396
553 591
553 837
554 75
554 151
554 226
554 229
554 269
554 292
554 383
554 409
554 568
554 840
554 861
555 48
555 224
555 355
555 400
555 409
555 695
555 744
555 779
555 887
555 965
555 987
556 86
556 137
556 276
556 293
556 429
556 651
556 696
556 703
556 782
556 824
556 826
556 846
557 15
557 42
557 200
557 335
557 418
557 437
557 550
557 555
557 672
557 707
557 798
557 812
557 841
557 869
557 916
557 967
558 76
558 101
558 223
558 421
558 447
558 469
558 580
558 588
558 853
558 917
559 17
559 36
559 158
559 367
559 449
559 587
559 793
559 925
559 931
560 45
560 57
560 148
560 263
560 325
560 332
560 472
560 639
560 779
560 868
560 965
561 85
561 95
561 197
561 217
561 640
561 663
561 689
561 755
561 838
561 916
561 919
562 56
562 107
562 520
562 670
562 800
562 940
563 237
563 419
563 668
563 709
563 881
563 889
563 893
564 348
564 394
564 594
564 764
564 949
564 959
565 1
565 4
565 19
565 60
565 116
565 276
565 333
565 399
565 542
565 625
565 648
565 859
565 880
566 93
566 123
566 223
566 278
566 283
566 570
566 604
566 613
566 617
566 666
566 732
566 984
567 35
567 49
567 413
567 441
567 535
567 636
567 643
567 824
567 988
568 39
568 70
568 173
568 455
568 674
568 693
568 756
569 80
569 83
569 240
569 291
569 368
569 407
569 439
569 554
569 603
569 713
569 770
569 843
569 956
569 991
570 7
570 48
570 515
570 544
570 592
570 604
570 719
570 733
570 768
571 101
571 170
571 177
571 193
571 352
571 422
571 545
571 634
571 728
571 737
571 968
572 53
572 99
572 117
572 228
572 726
572 917
572 991
573 141
573 153
573 272
573 330
573 341
573 503
573 507
573 512
573 607
573 749
573 810
573 865
573 987
574 146
574 180
574 246
574 292
574 652
574 886
574 927
574 978
575 117
575 235
575 413
575 459
576 47
576 162
576 255
576 269
576 289
576 429
576 531
576 599
576 862
576 893
577 53
577 80
577 105
577 108
577 128
577 338
577 356
577 412
577 423
577 450
577 463
577 523
577 796
577 820
577 916
577 940
577 958
578 24
578 605
578 818
578 840
578 947
579 10
579 23
579 194
579 311
579 320
579 513
579 516
579 588
579 789
579 858
579 867
579 959
580 77
580 87
580 90
580 130
580 134
580 178
580 223
580 288
580 410
580 429
580 534
580 622
580 736
581 45
581 145
581 249
581 251
581 389
581 560
581 562
581 769
581 833
581 843
582 45
582 114
582 123
582 238
582 250
582 252
582 304
582 549
582 789
582 820
582 886
582 906
582 934
583 42
583 57
583 162
583 166
583 257
583 317
583 370
583 526
583 551
583 604
583 644
583 834
583 960
584 165
584 249
584 266
584 371
584 561
584 805
584 945
585 45
585 117
585 255
585 263
585 471
585 677
585 848
585 900
585 907
585 993
585 999
586 347
586 435
586 516
586 618
586 642
586 680
586 803
586 954
587 337
587 491
587 493
587 741
587 820
587 879
587 925
588 0
588 14
588 113
588 128
588 566
588 579
588 846
588 922
589 114
589 296
589 557
589 677
589 736
589 767
589 776
589 802
589 924
589 932
590 48
590 140
590 221
590 311
590 314
590 686
590 693
590 808
590 819
591 56
591 266
591 367
591 391
591 557
591 817
591 821
591 863
592 116
592 169
592 298
592 328
592 513
592 573
592 693
592 771
592 860
593 31
593 54
593 151
593 294
593 332
593 608
593 643
593 754
593 899
593 927
593 945
594 34
594 161
594 210
594 435
594 500
594 539
594 703
595 97
595 138
595 286
595 287
595 296
595 616
595 675
595 758
595 834
595 858
595 862
595 924
596 19
596 62
596 66
596 100
596 157
596 159
596 175
596 672
596 712
596 790
596 824
596 827
596 837
596 855
596 863
596 957
597 173
597 176
597 457
597 547
597 576
597 681
597 788
597 864
597 875
597 910
597 937
598 27
598 56
598 168
598 278
598 339
598 588
598 800
598 991
599 59
599 173
599 479
599 568
599 604
599 621
599 726
600 126
600 160
600 218
600 474
600 526
600 553
600 597
600 823
600 889
600 917
600 921
601 41
601 151
601 209
601 240
601 547
601 599
601 765
601 813
601 820
601 906
601 949
602 59
602 70
602 102
602 161
602 207
602 408
602 409
602 727
603 28
603 340
603 380
603 382
603 477
603 547
603 564
603 626
603 785
604 12
604 221
604 315
604 480
604 534
604 545
604 850
604 909
604 965
605 263
605 708
605 814
605 917
605 937
605 959
606 53
606 221
606 242
606 271
606 310
606 325
606 508
606 780
606 905
607 156
607 165
607 393
607 415
607 469
607 581
607 669
607 803
607 978
608 9
608 206
608 353
608 373
608 470
608 730
608 754
608 782
608 786
608 799
608 896
608 945
609 36
609 129
609 137
609 393
609 428
609 601
609 664
609 685
609 914
610 5
610 19
610 424
610 622
610 723
610 728
610 795
610 861
611 8
611 292
611 363
611 395
611 440
611 477
611 501
611 592
611 632
611 696
612 63
612 596
612 607
612 711
612 824
612 830
612 855
612 873
612 879
613 107
613 144
613 298
613 353
613 458
613 462
613 496
613 540
613 760
613 965
614 300
614 423
614 452
614 500
614 542
614 576
614 743
615 28
615 419
615 424
615 425
615 460
615 737
615 849
615 899
615 918
616 229
616 372
616 415
616 506
616 781
616 792
616 810
616 841
616 928
616 934
617 26
617 86
617 307
617 421
617 447
617 505
617 686
617 808
617 814
617 863
617 908
618 516
618 543
618 913
618 949
618 985
619 22
619 33
619 41
619 103
619 122
619 137
619 227
619 228
619 290
619 302
619 562
619 871
619 951
620 5
620 113
620 134
620 317
620 431
620 593
620 611
620 671
621 176
621 183
621 228
621 477
621 739
621 760
621 790
621 822
621 832
621 933
621 966
621 998
622 12
622 59
622 131
622 133
622 138
622 193
622 199
622 259
622 277
622 406
622 451
623 167
623 248
623 288
623 344
623 651
623 903
623 920
623 940
623 969
624 234
624 377
624 405
624 418
624 453
624 546
624 791
624 907
624 930
625 156
625 276
625 284
625 300
625 474
625 610
625 851
625 987
626 127
626 175
626 204
626 307
626 414
626 610
626 658
626 773
626 905
626 928
627 16
627 39
627 49
627 85
627 237
627 244
627 530
627 629
627 636
627 685
627 687
627 900
628 5
628 71
628 72
628 191
628 412
628 562
628 661
628 732
628 799
629 100
629 240
629 377
629 384
629 455
629 497
629 586
629 696
629 755
629 774
629 815
629 862
630 148
630 245
630 307
630 467
630 699
630 854
630 892
630 911
631 147
631 180
631 274
631 282
631 324
631 434
631 633
631 646
631 677
631 718
631 865
631 906
632 9
632 322
632 417
632 455
632 555
632 608
632 668
632 803
632 905
633 61
633 106
633 307
633 339
633 416
633 469
633 502
633 623
633 645
633 666
633 873
633 969
633 991
634 41
634 138
634 182
634 252
634 273
634 282
634 451
634 580
634 586
634 592
634 941
635 122
635 224
635 251
635 273
635 531
635 547
635 667
635 668
635 719
635 758
635 898
635 915
635 927
635 931
635 952
636 4
636 8
636 36
636 87
636 224
636 421
636 471
636 535
636 566
636 583
636 838
636 882
636 937
636 991
637 9
637 41
637 126
637 250
637 354
637 424
637 501
637 537
637 539
637 546
637 595
637 749
637 834
637 973
638 2
638 224
638 225
638 255
638 441
638 541
638 569
638 814
638 891
638 935
638 956
638 993
639 38
639 45
639 86
639 90
639 278
639 325
639 483
639 703
639 741
639 996
640 375
640 376
640 377
640 430
640 457
640 485
640 555
640 574
640 616
640 618
640 749
640 862
640 915
640 992
641 160
641 247
641 587
641 737
641 804
641 815
641 829
641 836
642 199
642 245
642 257
642 490
642 599
642 744
642 811
642 826
642 971
643 119
643 181
643 380
643 405
643 622
643 708
643 733
643 779
643 832
644 88
644 98
644 200
644 539
644 579
644 586
644 593
644 631
644 636
644 754
644 819
645 38
645 116
645 210
645 276
645 313
645 411
645 498
645 638
646 102
646 237
646 351
646 374
646 436
646 737
646 820
646 824
646 944
647 52
647 251
647 269
647 300
647 330
647 439
647 470
647 573
647 628
647 642
647 667
647 712
647 736
647 947
648 9
648 127
648 149
648 215
648 523
648 708
648 709
648 786
648 822
648 825
649 144
649 540
649 776
649 878
649 894
649 941
650 129
650 221
650 344
650 371
650 403
650 476
650 505
650 606
650 724
650 742
650 850
650 950
650 961
651 152
651 256
651 288
651 336
651 423
651 498
651 643
651 669
651 856
652 311
652 404
652 468
652 488
652 599
652 761
652 931
653 64
653 154
653 194
653 249
653 547
653 553
653 555
653 640
653 690
653 735
653 820
654 9
654 10
654 160
654 206
654 246
654 342
654 404
654 451
654 661
654 810
654 942
654 949
654 988
654 994
655 225
655 261
655 290
655 388
655 420
655 632
655 921
655 971
656 0
656 65
656 123
656 215
656 258
656 323
656 426
656 472
656 492
656 867
656 899
656 999
657 62
657 87
657 88
657 149
657 282
657 364
657 655
657 724
657 734
657 873
658 5
658 125
658 265
658 305
658 327
658 589
658 787
659 42
659 220
659 277
659 337
659 354
659 487
659 572
659 630
659 656
659 717
659 820
660 73
660 169
660 224
660 260
660 417
660 538
660 702
660 798
660 804
660 871
660 899
661 169
661 266
661 344
661 363
661 471
661 601
661 690
661 718
661 775
661 879
661 905
662 37
662 256
662 279
662 315
662 332
662 382
662 388
662 428
662 477
662 590
662 644
662 664
662 803
663 145
663 232
663 291
663 294
663 312
663 507
663 582
663 629
663 803
663 856
663 872
663 893
664 12
664 105
664 117
664 332
664 603
664 642
664 669
664 800
664 853
664 974
664 977
665 191
665 223
665 228
665 353
665 421
665 461
665 724
665 759
665 833
665 899
665 936
666 18
666 116
666 225
666 563
666 644
666 789
666 793
666 903
666 981
666 993
667 24
667 384
667 442
667 563
667 609
667 723
667 761
667 906
668 5
668 69
668 166
668 295
668 428
668 554
668 568
668 637
668 641
668 849
668 879
669 3
669 40
669 101
669 284
669 378
669 522
669 552
669 642
669 725
669 786
669 826
669 833
669 917
669 935
670 168
670 184
670 220
670 359
670 389
670 443
670 473
670 529
670 537
670 581
670 800
670 827
671 11
671 24
671 56
671 144
671 265
671 610
671 700
671 809
671 893
672 127
672 207
672 273
672 313
672 654
672 707
672 855
672 870
673 127
673 548
673 567
673 733
673 919
673 942
674 10
674 213
674 333
674 445
674 509
674 514
674 542
674 544
674 551
674 601
674 664
674 793
675 267
675 394
675 435
675 501
675 571
675 934
675 967
675 974
676 54
676 214
676 412
676 413
676 514
676 528
676 559
676 692
676 785
676 888
676 928
677 137
677 318
677 435
677 439
677 522
677 721
677 938
677 939
677 957
678 47
678 199
678 254
678 436
678 540
678 752
678 846
679 50
679 196
679 258
679 276
679 366
679 554
679 569
679 851
680 69
680 256
680 297
680 300
680 422
680 646
680 737
680 791
680 870
681 3
681 102
681 338
681 372
681 403
681 447
681 535
681 605
681 659
681 716
682 137
682 160
682 281
682 355
682 522
682 595
682 605
682 662
682 680
682 731
682 812
682 848
682 881
683 67
683 71
683 337
683 464
683 632
683 686
683 729
683 849
683 924
684 73
684 117
684 218
684 223
684 416
684 501
684 639
684 820
684 892
684 987
685 60
685 144
685 181
685 234
685 585
685 743
685 834
685 945
686 31
686 74
686 94
686 111
686 213
686 248
686 254
686 384
686 390
686 468
686 475
686 560
686 584
686 588
686 781
686 966
687 9
687 77
687 78
687 156
687 270
687 438
687 450
687 464
687 474
687 549
687 665
687 711
687 867
687 974
688 110
688 304
688 414
688 465
688 467
688 520
688 696
688 774
688 872
688 924
688 965
689 26
689 210
689 281
690 14
690 47
690 166
690 209
690 404
690 638
690 671
690 689
690 766
690 813
690 835
690 964
691 82
691 605
691 668
691 763
692 109
692 114
692 138
692 161
692 344
692 360
692 481
692 504
692 713
692 743
692 874
692 876
692 964
693 35
693 42
693 78
693 206
693 298
693 453
693 467
693 545
693 579
693 665
693 714
693 748
693 777
693 856
694 31
694 39
694 161
694 329
694 359
694 489
694 498
694 564
694 623
694 753
694 832
694 870
694 977
695 129
695 134
695 146
695 468
695 684
695 749
695 792
695 865
695 894
695 977
695 998
696 76
696 278
696 396
696 489
696 494
696 535
696 555
696 786
696 831
696 868
697 44
697 246
697 584
697 847
698 372
698 577
698 696
698 725
698 932
699 143
699 172
699 287
699 290
699 347
699 619
699 798
699 830
699 841
699 862
700 114
700 299
700 411
700 454
700 563
700 875
700 913
700 980
701 43
701 92
701 122
701 141
701 156
701 182
701 211
701 321
701 353
701 372
701 455
701 538
701 560
701 633
701 652
701 773
701 806
701 951
701 978
702 68
702 120
702 129
702 226
702 321
702 334
702 699
702 721
702 902
702 963
703 39
703 117
703 130
703 167
703 294
703 386
703 509
703 650
703 802
704 67
704 233
704 299
704 335
704 465
704 906
705 67
705 174
705 330
705 345
705 359
705 396
705 455
705 482
705 612
705 653
705 695
705 751
705 815
705 849
706 51
706 185
706 218
706 250
706 261
706 323
706 326
706 435
706 451
706 455
706 464
706 577
707 57
707 153
707 291
707 392
707 472
707 516
707 601
707 610
707 658
707 677
707 698
707 912
707 940
708 134
708 191
708 219
708 522
708 572
708 595
708 687
708 842
708 967
708 969
709 247
709 410
709 562
709 651
709 882
709 897
710 7
710 20
710 40
710 58
710 118
710 212
710 326
710 329
710 369
710 370
710 456
710 790
710 828
710 899
710 986
710 999
711 375
711 435
711 526
711 573
711 646
711 873
711 906
711 989
712 661
713 1
713 262
713 300
713 307
713 314
713 464
714 55
714 166
714 248
714 286
714 409
714 495
714 713
714 810
714 835
714 837
714 892
714 987
715 170
715 513
715 692
715 849
716 18
716 69
716 127
716 372
716 483
716 588
716 761
716 789
716 889
717 21
717 33
717 88
717 366
717 488
717 561
717 721
717 722
717 783
717 870
717 951
718 147
718 254
718 323
718 414
718 555
718 748
718 958
719 78
719 118
719 127
719 272
719 440
719 490
719 641
719 705
719 883
719 944
719 945
720 129
720 135
720 228
720 324
720 592
720 762
720 799
720 822
720 918
721 20
721 255
721 294
721 545
721 569
721 641
721 665
721 715
721 792
721 878
721 922
721 967
722 304
722 495
722 543
722 672
722 727
722 844
722 849
722 980
722 990
722 999
723 60
723 67
723 309
723 328
723 478
723 513
723 550
723 569
723 726
723 799
723 814
723 837
723 880
723 999
724 20
724 137
724 294
724 332
724 561
724 634
724 711
724 728
724 930
724 946
725 15
725 85
725 130
725 254
725 272
725 281
725 297
725 308
725 332
725 361
725 548
725 599
725 640
725 812
725 888
726 60
726 260
726 407
726 516
726 736
726 788
726 870
726 915
726 957
727 2
727 110
727 330
727 359
727 383
727 444
727 737
727 791
727 796
727 815
727 854
727 979
728 121
728 135
728 194
728 235
728 429
728 665
728 704
728 761
728 775
728 783
729 84
729 93
729 115
729 580
729 584
729 735
730 55
730 225
730 292
730 343
730 401
730 479
730 533
730 588
730 607
730 645
730 776
730 801
731 208
731 315
731 391
731 414
731 479
731 507
731 583
731 723
731 802
731 861
731 971
732 315
732 349
732 394
732 404
732 524
732 592
732 773
732 797
732 873
732 893
732 979
733 61
733 107
733 273
733 390
733 616
733 734
733 745
733 969
734 80
734 104
734 195
734 349
734 792
735 30
735 66
735 177
735 193
735 247
735 274
735 287
735 523
735 626
735 654
735 666
735 795
735 969
736 67
736 105
736 123
736 207
736 331
736 366
736 448
736 517
736 576
736 753
736 836
736 900
736 954
736 979
737 76
737 102
737 159
737 349
737 360
737 576
737 584
737 781
737 841
737 868
737 897
737 968
738 85
738 123
738 193
738 239
738 569
738 594
738 655
738 685
738 696
738 925
738 932
739 47
739 345
739 476
739 509
739 526
739 671
739 704
739 732
739 833
739 884
739 926
740 60
740 204
740 466
740 474
740 582
740 625
740 719
740 737
740 804
740 926
740 976
741 103
741 195
741 365
741 416
741 459
742 65
742 186
742 298
742 419
742 454
742 652
742 832
742 882
742 898
742 963
742 987
743 162
743 187
743 193
743 280
743 389
743 522
743 590
743 602
743 764
743 780
743 842
743 844
744 238
744 307
744 350
744 468
744 481
744 505
744 521
744 560
744 686
744 700
744 713
744 722
744 913
745 157
745 299
745 334
745 407
745 443
745 477
745 499
745 554
745 772
745 880
746 66
746 80
746 327
746 355
746 464
746 466
746 538
746 785
746 819
747 453
747 456
747 487
747 893
748 119
748 579
748 596
748 719
748 727
748 765
748 876
748 890
748 938
748 988
748 993
749 47
749 67
749 112
749 220
749 237
749 323
749 379
749 526
749 607
749 617
749 967
749 969
750 8
750 13
750 253
750 327
750 426
750 635
750 877
750 899
750 995
751 82
751 220
751 265
751 646
751 700
751 858
752 48
752 56
752 82
752 117
752 251
752 278
752 310
752 488
752 505
752 553
752 763
752 841
752 861
752 880
752 983
753 44
753 192
753 265
753 366
753 403
753 453
753 458
753 537
753 717
753 749
753 815
753 921
753 977
754 222
754 540
754 680
754 714
754 794
754 854
755 133
755 517
755 669
755 713
755 864
756 84
756 95
756 156
756 173
756 231
756 286
756 443
756 449
756 468
756 472
756 847
757 20
757 138
757 308
757 588
757 659
758 45
758 183
758 199
758 242
758 263
758 271
758 317
758 355
758 368
758 405
758 632
758 847
758 887
759 33
759 251
759 339
759 560
759 595
759 707
759 720
759 763
759 965
760 110
760 122
760 159
760 186
760 274
760 492
760 499
760 579
760 601
760 618
760 644
760 674
760 846
760 952
761 13
761 105
761 180
761 221
761 306
761 351
761 362
761 475
761 596
761 598
761 757
761 953
762 7
762 33
762 98
762 250
762 262
762 669
763 22
763 165
763 249
763 363
763 437
763 745
763 900
763 945
764 4
764 96
764 149
764 161
764 436
764 451
764 495
764 620
764 710
764 741
764 925
764 969
765 48
765 131
765 286
765 292
765 365
765 511
765 528
765 927
765 980
765 989
766 17
766 47
766 219
766 249
766 271
766 358
766 372
766 412
766 610
766 618
766 829
766 841
766 898
766 899
766 971
766 974
767 106
767 317
767 519
767 695
767 797
767 832
768 27
768 75
768 87
768 212
768 234
768 273
768 421
768 671
768 717
768 721
768 735
768 815
768 853
768 888
768 959
768 974
769 142
769 353
769 507
769 549
769 638
769 652
769 754
769 872
769 983
770 75
770 169
770 297
770 303
770 491
770 915
770 944
770 969
770 993
770 994
771 315
771 373
771 388
771 536
771 572
771 635
771 642
771 791
771 822
772 122
772 390
772 544
772 634
772 705
772 813
772 847
772 909
773 20
773 149
773 165
773 177
773 223
773 292
773 378
773 512
773 523
773 714
773 835
774 29
774 59
774 89
774 193
774 276
774 321
774 674
774 715
774 716
774 728
774 821
774 870
774 932
774 946
774 955
774 970
774 997
775 28
775 58
775 200
775 300
775 340
775 345
775 450
775 469
775 529
775 591
776 116
776 297
776 298
776 452
776 555
776 660
776 669
777 93
777 180
777 404
777 517
777 524
777 623
777 637
777 706
777 901
777 940
778 89
778 197
778 408
778 474
778 543
778 596
778 720
778 765
778 862
778 972
779 116
779 173
779 186
779 365
779 396
779 443
779 450
779 470
779 589
779 654
779 662
779 704
779 978
780 23
780 74
780 231
780 254
780 344
780 380
780 418
780 423
780 524
780 781
780 795
780 902
781 156
781 215
781 250
781 757
781 863
781 923
782 124
782 209
782 232
782 342
782 445
782 447
782 562
782 578
782 662
782 731
782 821
782 822
782 859
782 977
782 996
783 61
783 106
783 148
783 225
783 436
783 601
783 808
783 909
783 992
784 299
784 371
784 388
784 451
784 503
784 528
784 569
784 587
784 676
784 851
784 953
785 164
785 629
785 657
785 774
785 846
785 915
786 23
786 86
786 97
786 166
786 183
786 199
786 448
786 583
786 675
786 687
786 715
786 749
786 852
786 967
787 10
787 150
787 153
787 226
787 305
787 385
787 444
787 451
787 465
787 513
787 640
787 798
788 336
788 421
788 642
788 768
788 791
788 931
789 67
789 171
789 328
789 455
789 596
789 617
789 675
789 736
789 911
789 937
790 224
790 291
790 305
790 316
790 396
790 465
790 635
790 767
790 803
791 18
791 109
791 240
791 310
791 328
791 467
791 511
791 800
792 13
792 67
792 300
792 331
792 401
792 407
792 569
792 579
792 596
792 788
793 103
793 165
793 220
793 286
793 429
793 525
793 598
793 676
793 719
793 741
793 780
793 834
793 877
793 953
793 994
794 161
794 510
794 611
794 710
794 712
795 70
795 178
795 219
795 233
795 340
795 348
795 364
795 386
795 443
795 779
795 879
795 917
796 42
796 183
796 212
796 252
796 424
796 667
796 777
796 849
796 960
796 995
797 151
797 243
797 383
797 528
797 565
797 597
798 82
798 476
798 507
798 520
798 586
798 835
798 915
798 974
799 118
799 153
799 317
799 335
799 346
799 349
799 476
799 486
799 493
799 551
799 596
799 608
800 220
800 393
800 427
800 489
800 565
801 512
801 586
801 693
801 696
801 732
802 186
802 457
802 476
802 635
802 667
802 672
802 713
802 718
802 860
802 965
803 353
803 398
803 702
803 831
803 851
803 968
803 992
804 145
804 224
804 429
804 451
804 468
804 498
804 572
804 630
804 653
804 667
804 749
804 766
804 797
804 834
804 957
804 997
805 48
805 80
805 214
805 316
805 338
805 476
805 708
805 762
805 832
805 839
806 28
806 152
806 210
806 370
806 410
806 447
806 459
806 765
806 855
806 887
806 900
807 122
807 188
807 199
807 351
807 369
807 371
807 428
807 440
807 487
807 494
807 636
807 785
807 804
807 929
808 22
808 182
808 335
808 504
808 579
808 586
808 801
808 824
808 884
808 933
809 254
809 448
809 699
809 773
809 786
809 795
809 880
809 975
810 143
810 151
810 364
810 399
810 575
810 842
810 873
811 261
811 308
811 311
811 376
811 484
811 492
811 493
811 585
811 668
811 691
812 43
812 122
812 158
812 433
812 777
812 803
813 395
813 572
813 602
813 747
813 748
813 785
813 936
813 945
814 61
814 63
814 82
814 146
814 179
814 319
814 333
814 385
814 417
814 488
814 505
814 508
814 574
814 695
814 727
814 774
814 831
814 874
814 965
815 22
815 31
815 261
815 361
815 418
815 465
815 471
815 590
816 15
816 101
816 217
816 243
816 278
816 708
817 109
817 383
817 553
818 98
818 154
818 304
818 328
818 415
818 504
818 541
818 543
818 646
818 691
818 756
818 805
818 842
819 0
819 86
819 151
819 605
819 696
819 788
819 817
819 896
819 980
820 95
820 101
820 314
820 338
820 429
820 570
820 685
820 688
820 834
820 843
821 35
821 61
821 120
821 622
821 682
821 818
821 853
821 864
821 894
821 996
822 82
822 138
822 140
822 220
822 308
822 410
822 476
822 574
822 598
822 608
822 664
822 670
822 725
822 764
822 961
823 111
823 114
823 562
823 565
823 589
823 650
823 778
823 887
824 305
824 542
824 557
824 559
824 668
824 713
824 715
824 860
824 864
824 996
825 66
825 78
825 138
825 165
825 261
825 296
825 360
825 431
825 469
825 680
825 719
825 884
826 21
826 42
826 45
826 111
826 182
826 189
826 234
826 491
826 520
826 597
826 744
826 910
827 54
827 129
827 134
827 196
827 472
827 539
827 713
827 763
827 821
827 894
827 912
827 948
827 974
828 65
828 116
828 153
828 182
828 205
828 304
828 311
828 431
828 461
828 541
828 830
828 833
828 834
828 957
828 996
829 12
829 68
829 258
829 516
829 551
829 577
829 621
829 685
829 921
829 956
830 137
830 163
830 176
830 189
830 317
830 329
830 464
830 544
830 634
830 679
830 834
830 842
830 861
830 943
831 36
831 90
831 165
831 442
831 488
831 550
831 615
831 621
831 772
831 786
831 814
832 220
832 335
832 570
832 630
832 680
832 735
832 911
833 142
833 237
833 249
833 288
833 612
833 672
833 680
833 863
833 872
833 882
834 69
834 129
834 154
834 424
834 558
834 873
834 964
835 57
835 218
835 333
835 364
835 368
835 533
835 610
835 652
835 698
835 717
835 793
835 813
835 856
835 920
836 150
836 236
836 272
836 307
836 331
836 334
836 426
836 449
836 660
836 723
836 846
836 873
836 931
837 147
837 166
837 241
837 353
837 423
837 575
837 769
837 792
837 995
838 174
838 198
838 203
838 218
838 407
838 571
838 718
838 785
838 949
839 37
839 60
839 129
839 456
839 525
839 543
839 578
839 813
839 894
839 957
840 11
840 13
840 111
840 456
840 499
840 502
840 566
840 625
840 630
840 666
840 754
840 766
840 975
840 987
841 34
841 100
841 215
841 328
841 345
841 508
841 806
841 843
841 950
842 23
842 241
842 350
842 434
842 479
842 575
842 596
842 670
842 897
842 919
842 929
842 953
842 966
843 67
843 139
843 350
843 386
843 645
843 677
843 698
843 867
843 887
843 986
844 39
844 65
844 99
844 130
844 292
844 311
844 378
844 410
844 514
844 532
844 590
844 646
844 956
845 12
845 376
845 540
845 665
845 685
845 763
845 789
845 935
845 958
846 13
846 64
846 72
846 96
846 251
846 343
846 386
846 409
846 564
846 582
846 709
846 917
846 968
846 973
847 100
847 175
847 206
847 259
847 277
847 293
847 294
847 415
847 591
848 54
848 130
848 238
848 582
848 721
848 793
848 879
848 902
848 997
849 96
849 214
849 256
849 371
849 745
849 774
849 896
850 2
850 28
850 75
850 109
850 145
850 154
850 299
850 326
850 519
850 625
850 675
850 730
850 750
850 752
850 784
850 920
851 37
851 66
851 82
851 108
851 184
851 276
851 382
851 404
851 440
851 551
851 652
851 806
851 825
851 981
852 15
852 248
852 435
852 487
852 489
852 777
852 831
853 323
853 393
853 561
853 762
853 764
853 913
854 285
854 529
854 568
854 627
854 701
854 759
854 760
854 796
854 879
855 0
855 16
855 208
855 266
855 276
855 466
855 611
855 886
856 13
856 103
856 108
856 177
856 245
856 395
856 442
856 501
856 643
856 970
857 23
857 52
857 56
857 159
857 398
857 482
857 814
857 832
857 924
858 177
858 295
858 438
858 538
858 582
858 599
858 678
858 746
858 760
859 15
859 65
859 271
859 457
859 683
859 838
859 881
859 920
859 989
859 995
860 22
860 106
860 197
860 263
860 269
860 381
860 447
860 448
860 573
860 838
860 853
861 217
861 268
861 273
861 280
861 436
861 624
861 752
861 773
861 886
862 286
862 473
862 539
862 638
862 913
863 50
863 72
863 359
863 407
863 787
864 2
864 14
864 40
864 131
864 154
864 342
864 382
864 387
864 415
864 747
864 774
864 822
864 986
865 72
865 235
865 369
865 477
865 812
866 7
866 147
866 207
866 220
866 281
866 296
866 776
866 848
867 88
867 89
867 151
867 170
867 179
867 189
867 217
867 356
867 385
867 466
867 502
867 558
867 707
867 732
867 760
867 774
867 858
868 13
868 116
868 316
868 328
868 438
868 513
868 584
868 637
868 663
868 693
868 729
868 809
868 901
868 966
869 333
869 412
869 487
869 544
869 551
869 573
869 597
869 699
869 885
869 937
870 50
870 69
870 104
870 203
870 256
870 317
870 458
870 535
870 792
870 817
871 165
871 190
871 239
871 289
871 344
871 459
871 543
871 752
871 852
871 888
871 923
872 255
872 266
872 419
872 486
872 501
872 545
872 610
872 622
872 657
872 673
872 768
872 838
872 876
873 99
873 233
873 250
873 257
873 522
873 608
873 702
873 728
873 756
873 826
873 895
873 920
874 18
874 59
874 69
874 98
874 103
874 141
874 396
874 427
874 488
874 501
874 593
874 618
874 662
874 703
874 789
874 829
874 962
875 34
875 62
875 102
875 327
875 467
875 524
875 680
875 735
875 738
875 811
875 906
876 49
876 237
876 320
876 405
876 644
876 806
876 857
876 992
877 158
877 170
877 470
877 780
877 807
877 965
878 113
878 374
878 514
878 598
878 682
878 770
878 820
879 7
879 33
879 64
879 148
879 237
879 337
879 531
879 674
879 786
879 813
879 852
880 138
880 148
880 187
880 255
880 548
880 552
880 587
880 604
880 635
880 707
880 722
880 976
881 24
881 55
881 151
881 262
881 330
881 343
881 521
881 529
881 593
881 606
881 661
881 872
881 887
881 966
882 37
882 38
882 215
882 555
882 562
882 631
882 673
882 987
883 0
883 162
883 230
883 247
883 268
883 384
883 435
883 521
883 524
883 562
883 610
883 674
883 720
883 787
883 901
883 927
884 114
884 227
884 554
884 830
884 841
884 843
884 909
885 13
885 98
885 405
885 437
885 473
885 488
885 536
885 634
885 742
885 925
885 929
886 19
886 35
886 81
886 114
886 160
886 295
886 421
886 446
886 571
886 594
886 720
887 33
887 177
887 321
887 354
887 360
887 364
887 391
887 698
887 702
887 762
887 779
887 809
887 831
887 944
887 960
888 28
888 61
888 424
888 568
888 603
888 604
888 642
888 759
888 813
888 956
889 93
889 180
889 192
889 287
889 456
889 696
889 737
889 810
889 890
890 32
890 100
890 275
890 276
890 291
890 377
890 432
890 478
890 543
890 594
890 608
890 618
890 638
890 720
890 818
890 994
891 55
891 80
891 274
891 279
891 306
891 313
891 316
891 347
891 509
891 531
891 676
891 687
891 848
891 859
892 50
892 95
892 212
892 301
892 401
892 403
892 465
892 508
892 637
892 655
892 995
893 133
893 150
893 214
893 295
893 380
893 423
893 529
893 625
893 635
893 640
894 146
894 164
894 273
894 435
894 484
894 530
894 541
894 622
894 720
894 769
894 913
894 940
894 958
894 985
895 146
895 172
895 188
895 207
895 225
895 359
895 466
895 476
895 557
895 581
895 681
895 805
895 892
895 963
895 975
896 165
896 197
896 202
896 318
896 331
896 433
896 447
896 497
896 665
896 871
896 883
896 963
897 82
897 147
897 211
897 237
897 254
897 545
897 655
897 734
897 847
897 894
897 961
898 63
898 100
898 408
898 489
898 498
898 538
898 653
898 707
898 749
898 882
898 982
899 50
899 119
899 130
899 297
899 314
899 426
899 499
899 636
899 650
899 728
899 789
899 807
899 848
899 864
899 965
900 157
900 177
900 388
900 568
900 730
900 852
901 262
901 273
901 329
901 334
901 694
901 728
901 847
901 930
902 19
902 121
902 201
902 250
902 254
902 260
902 283
902 394
902 459
902 543
902 645
902 711
902 714
902 845
902 877
902 967
902 983
902 984
902 998
903 65
903 146
903 162
903 316
903 393
903 420
903 430
903 458
903 623
903 773
903 818
903 884
904 92
904 108
904 256
904 271
904 317
904 341
904 528
904 599
904 612
904 954
904 966
905 274
905 307
905 330
905 555
905 581
905 769
905 795
905 866
905 998
906 209
906 255
906 260
906 415
906 558
906 566
906 760
906 762
906 770
906 800
906 804
907 47
907 205
907 314
907 365
907 415
907 644
907 658
907 752
907 788
907 806
907 899
908 194
908 313
908 595
909 48
909 226
909 401
909 592
909 698
909 765
909 982
910 48
910 170
910 225
910 261
910 327
910 364
910 681
910 741
910 853
910 900
910 925
911 147
911 182
911 228
911 311
911 312
911 395
911 499
911 565
911 600
911 718
911 939
911 956
912 24
912 385
912 559
912 701
912 867
912 870
912 909
913 86
913 88
913 106
913 114
913 201
913 428
913 509
913 744
913 823
913 936
913 981
914 18
914 55
914 68
914 110
914 143
914 219
914 287
914 316
914 627
914 628
914 642
914 819
915 7
915 143
915 180
915 385
915 476
915 478
915 728
915 740
915 801
915 854
916 101
916 410
916 480
916 494
916 549
916 557
916 711
916 753
916 856
916 949
917 60
917 86
917 87
917 204
917 210
917 438
917 477
917 659
917 745
917 822
917 870
918 263
918 293
918 366
918 430
918 549
918 673
918 709
918 746
918 765
918 923
919 275
919 411
919 743
919 747
919 975
920 27
920 72
920 118
920 143
920 310
920 363
920 375
920 478
920 493
920 542
920 692
920 813
920 944
920 964
921 15
921 200
921 210
921 218
921 223
921 308
921 376
921 387
921 472
921 498
921 583
921 838
922 97
922 114
922 164
922 254
922 266
922 281
922 312
922 402
922 522
922 554
922 624
922 658
922 823
922 833
922 916
922 999
923 70
923 159
923 185
923 252
923 393
923 398
923 539
923 669
923 742
923 790
923 864
923 889
924 178
924 412
924 437
924 439
924 547
924 805
924 936
924 937
924 946
924 951
924 976
925 49
925 194
925 269
925 305
925 404
925 478
925 731
925 735
925 869
925 973
926 181
926 326
926 452
926 454
926 473
926 655
926 705
926 737
926 744
926 825
926 831
926 883
926 976
926 983
926 999
927 20
927 28
927 187
927 199
927 238
927 360
927 514
927 562
927 717
927 779
928 11
928 120
928 143
928 166
928 213
928 285
928 332
928 436
928 683
928 754
928 855
929 165
929 211
929 593
929 837
929 876
929 895
930 80
930 568
930 620
930 652
930 670
930 789
930 796
930 840
930 996
931 73
931 269
931 384
931 440
931 484
931 527
931 536
931 626
931 696
931 728
931 858
932 273
932 355
932 381
932 531
932 569
932 650
932 662
932 704
932 904
933 62
933 124
933 225
933 249
933 296
933 346
933 598
933 669
933 696
933 731
933 800
933 852
933 964
934 139
934 186
934 517
934 771
934 795
935 19
935 399
935 651
935 669
935 687
935 878
936 74
936 75
936 481
936 547
936 578
936 701
936 786
936 884
936 924
936 962
937 110
937 192
937 307
937 308
937 309
937 479
937 767
937 841
937 882
938 79
938 134
938 153
938 390
938 421
938 495
938 581
938 668
938 860
938 954
939 121
939 131
939 652
939 866
940 8
940 9
940 299
940 413
940 421
940 435
940 451
940 465
940 558
940 607
940 636
940 687
940 719
941 211
941 325
941 355
941 378
941 407
941 532
941 578
941 668
941 789
941 855
941 926
941 942
942 483
942 539
942 659
942 805
942 925
943 37
943 74
943 171
943 201
943 262
943 271
943 569
943 663
944 187
944 213
944 216
944 263
944 288
944 310
944 322
944 513
944 628
944 666
944 874
944 908
944 948
944 954
945 103
945 199
945 251
945 297
945 369
945 476
945 764
945 857
945 871
945 913
946 13
946 43
946 114
946 226
946 570
946 629
946 636
946 711
946 716
946 717
946 720
946 859
946 903
946 995
947 137
947 185
947 195
947 259
947 272
947 354
947 361
947 472
947 515
947 617
947 721
947 799
947 952
948 1
948 48
948 64
948 354
948 463
948 550
948 635
948 739
948 923
948 981
949 14
949 56
949 67
949 262
949 283
949 387
949 530
949 601
949 630
949 634
950 17
950 115
950 249
950 341
950 349
950 436
950 442
950 510
950 513
950 670
950 699
950 749
950 897
950 983
951 37
951 121
951 244
951 335
951 427
951 525
951 655
951 812
951 979
952 175
952 204
952 211
952 259
952 385
952 475
952 559
952 607
952 617
952 646
952 651
952 790
952 850
952 897
953 102
953 258
953 302
953 409
953 474
953 546
953 648
953 668
953 669
953 735
953 906
954 103
954 128
954 247
954 370
954 405
954 517
954 574
954 813
954 864
955 24
955 49
955 162
955 178
955 252
955 301
955 547
955 613
955 714
955 765
956 53
956 54
956 144
956 158
956 162
956 507
956 522
956 612
956 637
956 701
956 741
956 794
956 978
957 32
957 100
957 428
957 545
957 553
957 614
957 663
957 757
957 771
958 305
958 333
958 409
958 518
958 567
958 629
958 635
958 972
958 975
959 246
959 269
959 347
959 358
959 385
959 538
959 697
959 730
959 920
960 176
960 273
960 355
960 373
960 486
960 523
960 547
960 605
960 811
960 900
961 29
961 46
961 136
961 154
961 165
961 382
961 397
961 419
961 479
961 759
961 865
962 93
962 250
962 269
962 606
962 672
962 777
963 24
963 160
963 283
963 700
963 805
963 838
963 893
963 907
964 216
964 266
964 331
964 518
964 589
964 742
964 868
965 62
965 222
965 223
965 283
965 366
965 562
965 646
965 680
965 766
965 815
965 960
966 119
966 212
966 323
966 447
966 462
966 500
966 713
966 978
967 73
967 429
967 451
967 517
967 983
968 22
968 552
968 635
968 729
968 754
969 64
969 76
969 262
969 294
969 462
969 587
969 687
969 983
970 227
970 427
970 679
970 891
970 911
970 995
971 270
971 349
971 478
971 514
971 571
971 674
971 697
971 713
971 784
971 810
971 836
971 866
971 964
972 78
972 173
972 251
972 256
972 277
972 496
972 612
973 59
973 207
973 256
973 283
973 341
973 402
973 419
973 462
973 516
973 790
973 835
973 915
973 918
974 151
974 177
974 278
974 451
974 465
974 474
974 814
974 888
974 958
974 973
975 66
975 108
975 126
975 142
975 173
975 326
975 375
975 381
975 430
975 572
975 668
975 737
975 758
975 795
975 906
976 296
976 475
976 479
976 526
976 533
976 630
976 771
976 841
976 892
977 37
977 109
977 229
977 275
977 608
977 664
977 671
977 699
977 872
977 877
978 12
978 78
978 116
978 131
978 359
978 380
978 564
978 713
978 765
978 868
979 54
979 77
979 105
979 194
979 378
979 396
979 586
979 682
979 820
980 81
980 140
980 291
980 604
980 612
980 975
981 62
981 76
981 425
981 576
981 822
981 995
982 7
982 272
982 414
982 745
982 894
983 15
983 110
983 136
983 172
983 294
983 394
983 519
983 578
983 653
983 718
983 884
984 44
984 106
984 433
984 545
984 852
984 908
984 943
985 16
985 66
985 91
985 152
985 213
985 329
985 467
985 544
985 580
985 606
985 621
985 736
985 947
985 965
986 184
986 333
986 695
986 714
986 815
986 859
986 882
986 939
987 23
987 105
987 293
987 397
987 455
987 967
987 984
988 29
988 44
988 106
988 270
988 311
988 494
988 556
988 558
988 809
989 145
989 152
989 188
989 194
989 236
989 364
989 416
989 431
989 470
989 938
990 54
990 70
990 154
990 247
990 248
990 319
990 447
990 503
990 626
990 663
990 792
990 920
991 49
991 128
991 342
991 423
991 589
991 812
991 901
991 949
992 23
992 454
992 567
992 623
992 711
992 728
992 927
992 988
993 312
993 353
993 457
993 590
993 709
993 811
993 860
993 978
994 25
994 138
994 225
994 250
994 266
994 413
994 523
994 556
994 559
994 650
994 736
994 753
994 767
995 16
995 249
995 344
995 736
996 2
996 126
996 172
996 227
996 415
996 452
996 453
996 544
996 622
996 840
996 951
996 954
997 347
997 435
997 475
997 573
997 651
997 951
998 0
998 6
998 9
998 55
998 89
998 100
998 191
998 301
998 315
998 384
998 495
998 497
998 692
998 739
998 854
998 957
998 976
998 979
999 68
999 77
999 100
999 199
999 246
999 326
999 427
999 475
999 563
999 823
999 888
999 987
