0 111
0 131
0 163
0 209
0 215
0 243
0 258
0 408
0 510
0 666
0 748
0 882
0 912
1 74
1 528
1 561
1 564
1 567
1 745
1 768
1 888
2 47
2 72
2 117
2 491
2 566
2 678
2 741
2 772
2 790
2 885
3 75
3 207
3 361
3 507
3 524
3 786
4 0
4 65
4 78
4 102
4 216
4 231
4 291
4 332
4 411
4 551
4 794
4 826
4 853
4 976
5 94
5 127
5 304
5 355
5 362
5 401
5 577
5 625
5 691
5 755
6 328
6 346
6 378
6 557
6 571
6 610
6 732
6 763
6 867
6 924
7 81
7 137
7 240
7 256
7 325
7 377
7 494
7 739
7 884
7 950
8 244
8 410
8 639
8 655
8 870
8 889
8 997
9 72
9 111
9 282
9 294
9 381
9 476
9 596
9 698
9 964
9 969
10 44
10 212
10 224
10 888
10 967
11 26
11 51
11 82
11 283
11 382
11 491
11 572
11 581
11 835
11 924
11 944
12 21
12 70
12 94
12 218
12 220
12 231
12 364
12 442
12 449
12 546
12 633
12 693
13 77
13 104
13 153
13 177
13 203
13 245
13 275
13 347
13 681
13 735
13 744
13 842
13 997
14 24
14 90
14 463
14 559
14 631
14 675
14 687
14 963
15 220
15 540
15 716
15 723
15 795
16 133
16 153
16 267
16 344
16 439
16 579
16 751
16 788
16 830
16 835
16 861
17 195
17 289
17 538
17 540
17 990
18 22
18 96
18 149
18 294
18 340
18 497
18 779
18 854
18 919
18 933
19 152
19 413
19 542
19 564
19 653
19 710
19 751
19 816
19 846
19 910
20 115
20 332
20 340
20 557
20 667
20 681
20 821
20 836
20 930
20 975
21 60
21 115
21 139
21 205
21 369
21 410
21 481
21 516
21 567
21 745
22 57
22 117
22 125
22 166
22 183
22 203
22 207
22 254
22 369
22 414
22 415
22 429
22 609
22 851
22 927
23 109
23 151
23 297
23 538
23 823
23 841
23 954
23 990
24 69
24 106
24 275
24 531
24 758
24 787
24 799
24 851
25 43
25 76
25 235
25 250
25 372
25 390
25 600
25 649
25 761
25 975
26 1
26 148
26 273
26 382
26 438
26 531
26 546
26 619
26 686
26 766
26 814
26 856
27 81
27 344
27 413
27 443
27 484
27 708
27 940
27 982
28 288
28 379
28 468
28 493
28 536
28 573
28 605
28 663
28 784
28 795
28 814
28 956
28 959
28 972
29 6
29 336
29 403
29 688
29 729
29 747
29 755
29 780
29 783
30 163
30 180
30 424
30 562
30 630
30 820
30 821
30 827
30 896
30 959
30 969
31 114
31 116
31 231
31 278
31 344
31 345
31 448
31 517
31 640
31 729
31 757
31 855
31 881
31 986
32 123
32 195
32 300
32 388
32 747
32 994
33 6
33 231
33 245
33 543
33 629
33 632
33 815
34 54
34 142
34 235
34 257
34 508
34 803
34 805
34 891
34 940
35 30
35 191
35 219
35 374
35 455
35 464
35 512
35 801
35 810
35 990
36 89
36 200
36 236
36 282
36 295
36 394
36 468
36 492
36 700
36 714
36 744
36 852
36 883
36 940
37 97
37 215
37 256
37 341
37 631
37 656
37 680
37 692
37 695
37 813
38 20
38 23
38 130
38 192
38 629
38 736
38 966
38 976
39 95
39 498
39 528
39 567
39 681
39 775
39 789
39 790
39 869
39 895
40 191
40 299
40 405
40 423
40 705
41 91
41 243
41 272
41 319
41 363
41 399
41 470
41 561
41 589
41 660
41 726
41 791
41 795
41 843
41 886
42 60
42 155
42 185
42 196
42 246
42 256
42 521
42 740
42 766
42 969
43 7
43 90
43 184
43 185
43 678
43 696
43 898
44 57
44 79
44 123
44 154
44 215
44 219
44 230
44 373
44 418
44 459
44 474
44 490
44 769
44 866
44 886
44 953
45 7
45 68
45 169
45 349
45 533
45 706
45 835
46 252
46 266
46 280
46 316
46 317
46 358
46 360
46 507
46 647
46 999
47 62
47 202
47 359
47 362
47 606
47 753
47 768
47 829
47 849
48 20
48 95
48 169
48 500
48 669
48 786
48 920
48 965
49 25
49 112
49 253
49 332
49 428
49 515
49 524
49 614
49 703
49 804
49 915
49 927
50 14
50 167
50 253
50 270
50 318
50 554
50 662
50 686
50 806
50 812
51 129
51 142
51 144
51 354
51 422
51 624
51 777
51 834
51 847
52 203
52 367
52 540
52 698
52 748
52 993
53 35
53 136
53 154
53 172
53 222
53 300
53 319
53 362
53 381
53 568
53 648
53 678
53 997
54 270
54 305
54 591
54 805
54 857
54 875
55 11
55 161
55 173
55 320
55 375
55 433
55 686
55 995
56 35
56 128
56 149
56 181
56 205
56 355
56 364
56 442
56 459
56 634
57 5
57 269
57 273
57 297
57 355
57 370
57 469
57 500
57 558
57 597
57 650
57 728
57 797
57 837
57 937
58 9
58 21
58 112
58 169
58 207
58 330
58 424
58 659
58 710
58 712
58 758
58 907
58 960
59 82
59 245
59 252
59 512
59 573
59 639
59 672
59 730
59 787
59 998
60 53
60 234
60 276
60 650
60 665
60 809
60 880
60 917
61 303
61 368
61 573
61 596
61 783
61 789
61 820
61 953
62 74
62 142
62 431
62 526
62 573
62 648
62 655
62 848
63 29
63 34
63 52
63 115
63 160
63 294
63 296
63 670
63 874
63 892
64 139
64 252
64 376
64 530
64 572
64 650
64 661
64 673
64 711
64 717
64 840
64 969
65 89
65 95
65 270
65 389
65 396
65 417
65 443
65 551
65 563
65 610
65 670
65 985
65 987
66 142
66 303
66 397
66 405
66 415
66 498
66 530
66 541
66 557
66 612
66 646
67 135
67 142
67 159
67 216
67 267
67 302
67 712
67 720
67 747
67 784
67 916
68 149
68 531
68 585
68 622
68 729
68 778
68 793
68 901
69 273
69 398
69 498
69 769
69 857
69 860
69 905
69 939
70 105
70 139
70 170
70 232
70 629
70 680
70 683
70 734
70 847
71 36
71 100
71 115
71 125
71 179
71 264
71 343
71 464
71 537
71 791
71 808
71 825
71 872
71 926
71 981
72 291
72 386
72 453
72 810
72 934
72 966
73 97
73 104
73 293
73 366
73 439
73 520
73 675
73 739
73 830
74 21
74 44
74 50
74 86
74 135
74 285
74 344
74 455
74 743
74 754
74 881
74 900
75 2
75 44
75 173
75 437
75 890
76 122
76 209
76 247
76 289
76 298
76 322
76 441
76 489
76 500
76 751
76 878
76 985
76 993
77 241
77 334
77 393
77 425
77 597
77 610
77 652
77 673
77 958
78 233
78 329
78 462
78 528
78 623
78 650
78 995
79 295
79 432
79 521
79 557
79 571
80 37
80 64
80 236
80 369
80 381
80 409
80 442
80 603
80 898
80 923
81 71
81 140
81 193
81 212
81 214
81 284
81 625
81 813
82 385
82 512
82 564
82 566
82 619
82 769
82 790
82 841
82 938
83 326
83 418
83 478
83 612
83 915
84 18
84 174
84 180
84 206
84 283
84 319
84 419
84 471
84 507
84 854
85 10
85 15
85 17
85 52
85 217
85 277
85 586
85 629
85 941
85 945
86 70
86 98
86 171
86 602
86 606
87 96
87 187
87 344
87 408
87 603
87 688
87 774
87 970
87 987
88 44
88 117
88 230
88 281
88 522
88 588
88 744
88 822
88 888
88 889
88 916
88 930
89 123
89 250
89 433
89 467
89 705
89 795
89 887
89 893
89 900
90 206
90 210
90 591
90 640
90 714
91 122
91 182
91 200
91 243
91 351
91 419
91 618
91 860
91 987
92 40
92 71
92 122
92 397
92 443
92 550
92 574
92 639
92 655
92 697
92 991
93 28
93 74
93 79
93 111
93 137
93 366
93 598
93 646
93 649
94 137
94 157
94 471
94 498
94 919
95 198
95 211
95 265
95 438
95 487
95 498
95 548
95 729
95 767
95 911
95 933
95 993
96 25
96 63
96 78
96 129
96 282
96 340
96 399
96 456
96 458
96 772
96 787
96 910
96 999
97 193
97 197
97 309
97 392
97 454
97 479
97 616
97 636
97 797
97 895
97 901
98 45
98 258
98 369
98 415
98 417
98 519
98 530
98 905
98 985
99 119
99 188
99 352
99 415
99 428
99 511
99 527
99 761
99 796
99 840
99 970
100 3
100 83
100 111
100 576
100 669
100 791
100 907
101 10
101 146
101 195
101 209
101 311
101 453
101 578
101 593
101 620
101 647
101 679
101 684
101 748
102 47
102 109
102 118
102 212
102 253
102 408
102 474
102 475
102 599
102 814
102 944
103 37
103 105
103 225
103 230
103 256
103 368
103 376
103 390
103 431
103 512
103 804
103 835
103 915
103 919
103 978
104 6
104 44
104 59
104 183
104 370
104 396
104 508
104 586
104 820
104 910
104 925
105 69
105 277
105 323
105 419
105 479
105 610
105 682
105 755
105 855
105 911
106 216
106 352
106 354
106 512
106 658
106 751
106 760
106 848
107 110
107 114
107 120
107 151
107 519
107 537
107 558
107 567
107 749
107 795
107 868
107 970
108 48
108 132
108 261
108 277
108 335
108 425
108 511
108 562
108 658
108 916
108 930
109 8
109 12
109 21
109 70
109 81
109 193
109 199
109 265
109 321
109 404
109 459
109 479
109 503
109 560
109 596
109 642
109 739
109 786
109 874
109 926
110 139
110 149
110 201
110 257
110 353
110 567
110 830
110 889
111 39
111 56
111 323
111 358
111 409
111 416
111 473
111 509
111 518
111 603
111 606
111 691
112 115
112 131
112 187
112 365
112 399
112 419
112 747
112 771
113 3
113 44
113 61
113 315
113 321
113 386
113 408
113 429
113 796
113 823
113 885
114 20
114 91
114 423
114 614
114 617
114 689
114 785
114 856
114 888
115 227
115 463
115 511
115 579
115 716
115 761
115 834
115 884
115 920
115 961
115 989
116 53
116 122
116 184
116 199
116 412
116 436
116 486
116 602
116 652
116 735
116 761
116 769
116 841
117 138
117 209
117 289
117 580
117 733
117 882
117 884
117 902
117 999
118 13
118 46
118 82
118 191
118 251
118 464
118 505
118 573
118 638
118 663
118 949
119 164
119 344
119 359
119 477
119 576
119 721
119 736
119 905
120 460
120 567
120 580
120 705
121 29
121 55
121 124
121 386
121 505
121 524
121 610
122 197
122 221
122 314
122 562
122 598
122 608
122 836
123 117
123 224
123 228
123 232
123 262
123 302
123 325
123 578
123 587
123 644
123 651
123 655
123 761
123 917
124 218
124 222
124 422
124 427
124 519
124 760
124 902
125 88
125 111
125 176
125 209
125 460
125 871
125 886
126 71
126 97
126 144
126 198
126 231
126 517
126 602
126 617
126 796
126 829
126 948
126 978
127 389
127 447
127 491
127 523
127 570
127 802
127 913
128 4
128 188
128 328
128 460
128 521
128 655
128 781
128 988
129 54
129 176
129 268
129 307
129 390
129 423
129 525
129 698
129 700
129 822
129 878
129 984
130 6
130 61
130 246
130 365
130 400
130 426
130 444
130 470
130 487
130 759
130 761
130 788
130 809
130 847
130 978
131 0
131 12
131 44
131 72
131 407
131 689
131 999
132 8
132 67
132 116
132 204
132 342
132 371
132 516
132 811
132 895
132 913
133 149
133 188
133 218
133 327
133 431
133 465
133 476
133 742
134 386
134 465
134 479
134 501
134 568
134 644
134 695
134 752
134 775
134 914
134 999
135 137
135 229
135 426
135 456
135 561
135 620
135 727
135 826
135 907
135 921
136 77
136 356
136 435
136 529
136 597
136 661
136 805
137 195
137 323
137 597
137 636
137 667
137 761
137 791
137 977
138 203
138 216
138 429
138 431
138 471
138 502
138 577
138 652
138 705
138 777
138 851
138 946
139 11
139 31
139 510
139 665
139 686
139 735
139 782
139 798
140 180
140 247
140 284
140 527
140 685
140 811
140 896
141 159
141 222
141 324
141 568
141 598
141 669
141 780
141 972
142 5
142 57
142 102
142 271
142 543
142 713
143 87
143 92
143 168
143 191
143 236
143 273
143 418
143 470
143 486
143 570
143 621
143 685
143 722
143 911
144 36
144 377
144 431
144 534
144 674
144 750
144 876
144 928
145 47
145 164
145 382
145 416
145 504
145 559
145 676
145 681
145 744
145 758
145 767
145 794
145 884
145 963
145 973
146 173
146 378
146 588
146 667
146 744
146 752
146 916
146 941
147 36
147 81
147 144
147 217
147 314
147 348
147 487
147 600
147 832
147 843
147 869
148 93
148 137
148 227
148 237
148 452
148 457
148 629
148 651
148 942
149 136
149 189
149 203
149 430
149 684
149 894
149 905
150 172
150 182
150 219
150 384
150 435
150 441
150 575
150 625
150 929
151 107
151 185
151 225
151 246
151 338
151 362
151 445
151 503
151 530
151 628
151 679
151 720
151 740
151 968
152 329
152 523
152 731
152 837
152 956
153 33
153 125
153 303
153 332
153 370
153 420
153 585
153 671
153 871
154 26
154 115
154 153
154 184
154 297
154 383
154 810
155 156
155 294
155 394
155 447
155 501
155 516
155 760
155 809
155 832
155 989
156 103
156 108
156 111
156 136
156 277
156 325
156 384
156 432
156 495
156 620
156 652
156 728
156 877
156 893
157 301
157 370
157 524
157 614
157 709
157 710
157 731
157 779
157 809
157 895
157 964
158 28
158 39
158 285
158 418
158 473
158 503
158 665
158 704
158 728
158 818
158 825
158 861
159 165
159 207
159 298
159 319
159 451
159 516
159 539
159 586
159 588
159 974
160 84
160 340
160 355
160 412
160 676
160 828
160 891
160 931
161 217
161 242
161 361
161 415
161 439
161 574
161 720
161 806
161 856
161 882
161 934
161 994
162 374
162 480
162 518
162 566
162 601
162 611
162 645
162 889
162 920
162 964
163 41
163 57
163 96
163 263
163 359
163 452
163 468
163 479
163 504
163 582
163 678
163 747
163 760
163 771
163 803
163 830
163 991
164 66
164 185
164 225
164 240
164 333
164 427
164 582
164 602
164 613
164 650
164 667
164 845
164 916
164 973
165 141
165 210
165 254
165 718
165 725
165 743
165 787
165 820
166 98
166 247
166 260
166 306
166 377
166 401
166 409
166 445
166 551
166 648
166 684
166 687
166 754
166 805
166 921
166 991
166 999
167 73
167 300
167 361
167 833
168 146
168 181
168 222
168 294
168 530
168 564
168 598
168 602
168 659
168 754
168 770
168 867
168 901
169 25
169 106
169 258
169 326
169 497
169 604
169 774
169 876
169 970
170 124
170 188
170 245
170 277
170 300
170 330
170 400
170 504
170 618
170 625
170 778
170 892
170 897
170 915
171 18
171 55
171 293
171 342
171 408
171 552
171 651
171 652
171 770
172 110
172 197
172 339
172 612
172 668
172 832
172 884
173 42
173 143
173 149
173 158
173 245
173 316
173 435
173 543
173 651
173 682
173 921
174 135
174 423
174 463
174 540
174 619
174 711
174 780
174 830
174 872
174 915
175 117
175 204
175 267
175 373
175 387
175 526
175 563
175 578
175 629
175 776
175 888
175 986
176 56
176 288
176 329
176 416
176 752
176 896
176 915
177 46
177 73
177 162
177 245
177 429
177 678
177 827
177 895
177 920
177 933
178 46
178 157
178 312
178 397
178 437
178 460
178 705
178 725
178 735
178 811
178 911
178 991
179 137
179 849
180 48
180 150
180 545
180 638
180 711
180 799
180 919
180 922
181 100
181 253
181 316
181 324
181 413
181 464
181 810
181 948
182 14
182 166
182 284
182 357
182 432
182 484
182 503
182 525
182 577
182 642
182 680
183 59
183 141
183 223
183 242
183 252
183 317
183 408
183 439
183 698
183 934
183 987
184 84
184 99
184 207
184 231
184 338
184 493
184 812
184 831
184 847
184 875
184 946
185 216
185 314
185 321
185 479
185 691
185 850
186 51
186 184
186 292
186 336
186 586
186 661
186 767
186 908
186 950
186 965
186 984
187 158
187 167
187 351
187 858
188 156
188 161
188 254
188 276
188 336
188 549
188 822
188 924
188 968
189 100
189 152
189 204
189 242
189 328
189 411
189 426
189 626
189 678
189 767
189 875
189 915
190 41
190 144
190 176
190 281
190 294
190 478
190 792
190 817
190 902
191 1
191 222
191 335
191 370
191 607
191 685
192 368
192 500
192 758
192 796
193 96
193 148
193 186
193 206
193 232
193 326
193 339
193 348
193 356
193 405
193 686
193 891
194 23
194 70
194 72
194 185
194 190
194 205
194 357
194 428
194 501
194 532
194 592
194 623
194 633
194 708
194 764
194 949
194 984
194 985
195 23
195 45
195 125
195 293
195 344
195 572
195 589
195 825
195 828
195 937
196 156
196 228
196 240
196 401
196 434
196 516
196 939
196 985
196 990
197 163
197 260
197 267
197 275
197 399
197 413
197 433
197 473
197 517
197 742
198 12
198 22
198 250
198 357
198 410
198 568
198 660
198 770
198 771
198 809
199 98
199 174
199 179
199 190
199 345
199 363
199 458
199 469
199 485
199 495
199 518
199 645
199 649
199 696
199 839
199 940
200 102
200 237
200 280
200 323
200 352
200 564
200 765
200 777
200 946
201 14
201 189
201 336
201 342
201 639
201 899
202 114
202 149
202 162
202 227
202 360
202 450
202 485
202 577
202 585
202 642
202 713
202 810
202 987
203 53
203 135
203 194
203 235
203 242
203 277
203 405
203 447
203 549
203 689
203 739
203 937
204 208
204 598
204 698
204 726
204 812
204 842
204 993
205 33
205 130
205 135
205 236
205 324
205 583
205 746
205 895
205 941
206 28
206 92
206 140
206 141
206 309
206 365
206 377
206 378
206 505
206 612
206 659
206 665
206 779
206 858
206 899
206 987
207 12
207 53
207 103
207 173
207 519
207 668
207 992
208 80
208 216
208 353
208 403
208 456
208 536
208 574
208 645
208 913
208 969
209 80
209 184
209 221
209 243
209 297
209 352
209 526
209 752
209 867
210 46
210 338
210 358
210 863
210 997
211 33
211 256
211 339
211 825
211 837
211 845
211 921
211 960
212 259
212 359
212 407
212 566
212 597
212 794
212 966
213 401
213 515
213 728
214 355
214 436
214 511
214 578
214 593
214 683
214 687
214 746
214 769
215 17
215 207
215 269
215 331
215 396
215 411
216 97
216 166
216 181
216 529
216 557
216 667
216 678
216 716
216 939
217 101
217 195
217 374
217 431
217 618
217 623
217 839
218 3
218 52
218 73
218 80
218 450
218 528
218 530
218 554
218 577
218 584
218 627
218 704
218 774
218 803
219 50
219 295
219 331
219 556
219 577
219 681
219 693
219 721
219 728
219 796
219 805
219 833
219 902
220 19
220 214
220 270
220 293
220 359
220 371
220 372
220 586
220 665
220 715
220 786
220 808
220 837
220 839
220 981
221 58
221 324
221 454
221 693
221 732
221 916
222 18
222 151
222 267
222 368
222 418
222 430
222 462
222 547
222 615
222 626
222 736
222 885
223 33
223 125
223 136
223 146
223 175
223 475
223 534
223 594
223 897
223 915
223 999
224 33
224 126
224 160
224 240
224 657
224 743
224 929
225 252
225 268
225 394
225 466
225 485
225 544
225 547
225 744
225 887
225 972
226 33
226 135
226 393
226 417
226 428
226 489
226 576
226 794
226 871
226 917
227 29
227 111
227 362
227 365
227 395
227 441
227 723
227 816
227 953
228 6
228 12
228 182
228 226
228 275
228 342
228 461
228 516
228 678
228 791
228 951
229 1
229 433
229 490
229 675
229 741
229 859
229 925
230 116
230 163
230 304
230 488
230 542
230 555
230 651
230 674
230 699
230 721
230 782
230 850
230 902
230 936
230 958
231 622
231 821
232 92
232 144
232 220
232 247
232 287
232 290
232 402
232 544
232 585
232 613
232 683
232 813
232 933
232 940
232 955
233 125
233 191
233 475
233 752
233 841
234 9
234 20
234 223
234 241
234 281
234 308
234 340
234 497
234 516
234 610
235 47
235 107
235 141
235 684
235 737
235 767
235 892
236 35
236 114
236 130
236 254
236 311
236 321
236 429
236 528
236 536
236 538
236 631
236 865
237 46
237 266
237 346
237 416
237 423
237 479
237 601
237 652
237 682
237 931
237 954
237 964
238 30
238 180
238 362
238 386
238 574
238 588
238 619
238 650
238 689
238 695
238 936
239 193
239 203
239 209
239 252
239 321
239 425
239 553
239 626
239 832
239 858
239 936
239 947
239 958
240 40
240 82
240 222
240 372
240 422
240 427
240 586
240 662
240 770
240 780
240 946
241 552
241 677
241 833
241 834
242 78
242 83
242 181
242 210
242 221
242 313
242 330
242 376
242 412
242 455
242 490
242 509
242 580
242 625
242 729
242 776
242 793
242 829
243 12
243 37
243 120
243 205
243 219
243 264
243 310
243 370
243 452
243 512
243 565
243 632
243 644
243 707
243 890
243 894
243 902
243 951
244 52
244 300
244 304
244 390
244 412
244 481
244 625
244 631
244 642
244 853
244 900
244 967
245 210
245 221
245 608
245 768
245 863
245 924
246 105
246 120
246 475
246 507
246 659
246 694
246 814
246 861
246 951
246 968
247 127
247 208
247 338
247 388
247 394
247 435
247 629
247 674
247 718
247 821
247 832
247 837
247 896
248 172
248 279
248 308
248 339
248 349
248 459
248 490
248 500
248 617
248 818
248 849
249 360
249 750
249 820
250 129
250 249
250 362
250 613
250 986
250 992
251 18
251 122
251 310
251 380
251 417
251 507
252 195
252 347
252 389
252 876
252 933
253 165
253 166
253 303
253 513
253 517
253 555
253 572
253 578
253 662
253 776
253 870
253 936
254 192
254 235
254 238
254 472
254 520
254 586
254 680
254 767
254 880
254 890
255 9
255 27
255 87
255 159
255 410
255 593
255 693
255 816
255 951
256 196
256 278
256 477
256 515
256 589
256 916
257 15
257 107
257 148
257 181
257 213
257 282
257 316
257 329
257 389
257 614
257 749
257 930
258 36
258 75
258 280
258 428
258 464
258 552
258 609
258 886
259 18
259 58
259 87
259 103
259 186
259 249
259 304
259 339
259 415
259 447
259 803
260 15
260 22
260 61
260 161
260 173
260 176
260 222
260 255
260 389
260 558
260 561
260 725
260 752
260 761
260 894
260 910
260 947
261 54
261 75
261 120
261 266
261 516
261 668
261 674
261 729
261 913
261 944
261 959
261 971
262 50
262 54
262 68
262 78
262 339
262 398
262 401
262 444
262 460
262 580
262 684
262 712
262 833
262 991
263 144
263 161
263 525
263 546
263 587
263 686
263 768
263 929
263 950
264 33
264 58
264 161
264 187
264 265
264 383
264 387
264 574
264 732
264 974
265 20
265 72
265 82
265 168
265 176
265 191
265 272
265 275
265 405
265 415
265 543
265 634
265 690
265 829
265 836
266 91
266 116
266 296
266 321
266 679
266 733
266 746
266 872
267 66
267 116
267 178
267 193
267 212
267 235
267 384
267 455
267 494
267 672
267 838
267 964
267 984
268 254
268 302
268 358
268 371
268 440
268 461
268 529
268 533
268 534
268 614
268 656
268 729
269 73
269 366
269 462
269 479
269 609
269 651
269 658
269 732
269 828
269 878
269 981
269 986
270 198
270 288
270 299
270 374
270 391
270 436
270 471
270 551
270 688
270 977
271 124
271 307
271 412
271 604
271 619
271 643
271 766
271 965
271 983
272 201
272 252
272 427
272 449
272 515
272 622
272 638
272 713
272 716
272 733
272 925
272 985
273 400
273 402
273 407
273 701
273 771
273 780
273 784
273 828
273 933
273 992
274 96
274 162
274 561
274 591
274 740
274 763
274 868
274 955
274 989
275 319
275 347
275 358
275 520
275 772
275 837
275 846
276 40
276 242
276 255
276 299
276 416
276 653
276 724
276 852
276 884
277 53
277 114
277 239
277 321
277 478
277 674
277 718
277 979
277 985
278 69
278 244
278 303
278 430
278 479
278 558
278 634
279 200
279 259
279 319
279 481
279 509
279 530
279 586
280 113
280 181
280 274
280 300
280 386
280 422
280 450
280 483
280 559
280 613
280 796
280 962
281 79
281 116
281 123
281 226
281 502
281 725
281 733
281 896
282 3
282 131
282 189
282 321
282 338
282 386
282 533
282 554
282 824
282 826
283 147
283 161
283 252
283 494
283 578
283 584
283 838
283 847
283 962
284 171
284 240
284 462
284 594
284 832
284 919
284 999
285 199
285 295
285 532
285 554
285 655
285 685
285 735
285 827
285 894
286 26
286 208
286 348
286 349
286 632
286 667
286 746
286 904
287 92
287 315
287 327
287 620
287 665
287 926
287 989
288 156
288 234
288 253
288 320
288 555
288 572
288 581
288 610
288 852
288 880
288 926
288 942
288 943
289 88
289 318
289 630
289 649
289 691
289 713
289 736
289 824
290 205
290 212
290 235
290 624
290 783
290 816
290 817
290 820
290 906
291 53
291 557
292 101
292 106
292 118
292 174
292 197
292 229
292 338
292 341
292 481
292 784
292 814
293 99
293 122
293 165
293 184
293 194
293 267
293 277
293 491
293 668
293 708
293 831
294 9
294 240
294 447
294 652
294 679
294 851
294 996
295 83
295 176
295 243
295 278
295 319
295 407
295 433
295 582
295 626
295 627
295 647
295 667
296 11
296 162
296 302
296 353
296 483
296 611
296 624
296 704
296 760
296 838
296 882
297 140
297 261
297 266
297 309
297 321
297 371
297 475
297 525
297 573
297 674
297 718
297 736
297 741
297 796
297 831
297 887
298 108
298 163
298 175
298 292
298 373
298 395
298 474
298 476
298 498
298 505
298 746
298 849
298 856
299 221
299 593
299 607
299 641
299 721
299 839
299 943
299 954
300 138
300 178
300 252
300 441
300 731
300 802
300 933
300 940
300 983
300 990
301 8
301 29
301 69
301 217
301 233
301 303
301 347
301 538
301 554
301 855
301 901
301 903
301 922
302 33
302 60
302 90
302 137
302 337
302 387
302 463
302 584
302 978
303 39
303 151
303 539
303 644
303 663
303 829
303 892
303 895
304 49
304 121
304 152
304 247
304 394
304 439
304 465
304 550
304 627
304 693
304 708
304 750
304 788
304 835
305 185
305 419
305 473
305 578
305 753
305 766
305 990
306 78
306 216
306 224
306 326
306 329
306 423
306 469
306 735
306 837
306 884
307 105
307 659
308 66
308 138
308 542
309 18
309 165
309 425
309 566
309 681
309 838
309 842
309 874
309 984
310 19
310 39
310 52
310 266
310 333
310 361
310 452
310 555
310 758
310 784
310 860
310 966
311 285
311 364
311 649
311 672
311 679
311 769
311 840
311 943
311 988
312 67
312 120
312 149
312 177
312 196
312 510
312 651
312 755
312 771
312 853
312 986
313 44
313 94
313 146
313 195
313 438
313 724
313 802
313 817
313 859
313 927
314 63
314 102
314 239
314 490
314 511
314 546
314 647
314 839
314 935
315 8
315 62
315 123
315 324
315 487
315 633
315 769
315 971
316 48
316 102
316 175
316 261
316 318
316 485
316 504
316 516
316 810
316 822
316 891
316 967
317 60
317 138
317 160
317 414
317 569
317 639
317 865
317 994
318 129
318 162
318 240
318 690
318 706
318 710
318 885
319 75
319 101
319 114
319 168
319 262
319 345
319 394
319 452
319 512
319 982
320 23
320 38
320 114
320 515
320 545
321 126
321 191
321 244
321 271
321 304
321 345
321 429
321 436
321 537
321 595
321 681
321 919
321 976
322 36
322 109
322 179
322 475
322 489
322 848
322 897
322 911
322 912
323 171
323 186
323 273
323 297
323 305
323 456
323 675
323 714
323 867
323 876
323 938
323 962
324 100
324 121
324 185
324 393
324 417
324 523
324 709
324 741
324 963
325 377
325 398
325 422
325 551
325 893
325 964
325 968
326 7
326 52
326 57
326 102
326 113
326 228
326 338
326 365
326 431
326 480
326 667
327 268
327 296
327 397
327 654
327 855
327 961
328 126
328 152
328 550
328 849
328 972
328 979
329 66
329 131
329 238
329 354
329 460
329 495
329 609
329 784
329 929
329 960
330 206
330 289
330 291
330 412
330 413
330 453
330 495
330 540
330 575
330 586
330 606
330 642
330 686
330 948
331 122
331 129
331 235
331 240
331 269
331 277
331 305
331 455
331 553
331 715
331 838
331 901
331 974
332 85
332 105
332 132
332 146
332 191
332 201
332 304
332 308
332 309
332 531
332 577
332 697
332 704
332 795
332 834
332 863
332 871
332 872
333 40
333 260
333 293
333 324
333 345
333 410
333 485
333 629
334 12
334 174
334 269
334 403
334 426
334 548
334 607
334 685
334 702
334 756
334 808
334 855
335 84
335 234
335 470
335 675
335 680
335 729
335 808
335 846
335 868
336 475
336 543
336 596
336 681
336 739
336 991
337 65
337 435
337 488
337 503
337 524
337 793
337 871
338 50
338 82
338 124
338 203
338 370
338 445
338 465
338 554
338 612
338 682
338 720
338 723
338 968
339 264
339 357
339 378
339 401
339 437
339 539
339 571
339 781
339 787
339 839
339 841
339 862
340 10
340 94
340 125
340 188
340 301
340 369
340 464
340 504
340 766
340 967
341 161
341 266
341 492
341 512
341 878
341 906
341 936
342 40
342 176
342 198
342 350
342 589
342 648
342 726
342 765
342 837
342 942
343 71
343 77
343 115
343 366
343 718
343 995
344 4
344 126
344 348
344 423
344 501
344 616
344 639
344 695
344 716
344 754
344 935
345 67
345 81
345 281
345 316
345 514
346 43
346 86
346 173
346 282
346 341
346 461
346 479
346 690
346 919
346 954
346 956
347 69
347 120
347 176
347 306
347 596
347 616
347 829
347 879
347 966
348 60
348 259
348 363
348 390
348 562
348 705
348 761
348 803
348 999
349 125
349 152
349 236
349 241
349 331
349 359
349 554
349 567
349 732
349 741
350 0
350 15
350 51
350 60
350 197
350 422
350 462
350 479
350 608
350 613
350 614
350 835
350 840
351 75
351 455
351 565
351 583
351 651
351 671
351 891
351 929
351 976
352 9
352 36
352 69
352 72
352 143
352 164
352 266
352 303
352 443
352 652
352 663
352 665
352 714
352 744
352 790
352 832
352 843
352 919
353 33
353 281
353 312
353 351
353 564
353 780
353 844
353 852
353 936
354 34
354 106
354 198
354 509
354 512
354 756
354 899
355 64
355 246
355 356
355 466
355 620
355 651
355 679
355 711
355 733
355 817
355 963
356 179
356 471
356 692
356 693
356 696
356 699
356 830
356 892
356 974
357 18
357 173
357 287
357 394
357 406
357 475
357 502
357 743
357 965
357 996
358 239
358 248
358 299
358 312
358 401
358 631
358 849
358 910
358 930
358 969
359 46
359 172
359 337
359 444
359 556
359 837
359 895
359 938
359 950
359 955
360 139
360 165
360 200
360 280
360 397
360 479
360 486
360 624
361 107
361 226
361 247
361 301
361 316
361 408
361 656
362 105
362 108
362 128
362 147
362 165
362 404
362 841
362 858
362 955
362 976
363 60
363 157
363 196
363 265
363 320
363 453
363 476
363 586
363 645
363 780
364 34
364 58
364 82
364 106
364 113
364 141
364 164
364 200
364 407
364 514
365 138
365 263
365 581
365 639
365 667
365 726
365 728
365 757
365 773
365 975
365 988
366 46
366 92
366 162
366 322
366 343
366 532
366 675
366 907
366 999
367 49
367 72
367 74
367 182
367 252
367 259
367 325
367 687
367 745
367 927
368 64
368 89
368 134
368 135
368 175
368 213
368 284
368 336
368 339
368 470
368 538
368 656
368 816
368 865
368 951
368 967
369 57
369 141
369 186
369 226
369 481
369 534
369 563
369 711
369 845
369 993
369 994
370 17
370 38
370 54
370 79
370 316
370 590
370 597
370 604
370 816
370 893
370 930
370 955
371 298
371 419
371 431
371 507
371 558
371 801
371 804
372 179
372 348
372 488
372 497
372 574
372 730
372 733
372 890
372 895
372 897
372 979
373 89
373 108
373 811
373 843
373 862
373 977
373 990
374 27
374 252
374 338
374 470
374 563
374 681
374 961
374 999
375 34
375 160
375 344
375 365
375 461
375 755
375 868
375 958
375 960
376 131
376 222
376 286
376 291
376 497
376 634
376 653
376 730
377 247
377 540
377 659
377 665
377 702
377 837
377 877
377 895
377 904
377 938
378 110
378 236
378 273
378 455
378 537
378 554
378 756
379 174
379 262
379 442
379 506
379 600
379 688
379 824
379 879
379 944
380 89
380 162
380 229
380 483
380 500
380 769
380 872
381 181
381 231
381 397
381 482
381 583
381 592
381 711
381 801
381 842
381 948
382 38
382 177
382 190
382 349
382 373
382 406
382 461
382 498
382 632
382 666
382 790
382 866
382 917
382 925
382 952
382 985
383 10
383 272
383 443
383 591
383 833
383 997
384 94
384 424
384 850
384 914
385 36
385 43
385 144
385 157
385 320
385 333
385 460
385 470
385 498
385 516
385 567
385 778
385 789
385 845
385 893
385 902
385 945
386 145
386 207
386 209
386 234
386 368
386 439
386 518
386 629
386 846
386 922
386 956
386 988
387 47
387 294
387 295
387 307
387 659
387 752
387 824
387 875
387 954
388 85
388 104
388 228
388 236
388 310
388 314
388 386
388 859
389 238
389 246
389 249
389 331
389 403
389 415
389 457
389 641
389 723
390 206
390 241
390 745
390 831
390 849
390 948
391 28
391 161
391 239
391 283
391 318
391 522
391 710
391 773
391 967
392 130
392 141
392 143
392 272
392 461
392 499
392 590
392 835
392 967
393 98
393 170
393 237
393 238
393 438
393 552
393 557
394 2
394 9
394 60
394 118
394 457
394 586
394 768
395 149
395 163
395 258
395 317
395 411
395 536
395 734
395 757
395 782
395 904
396 93
396 125
396 139
396 175
396 233
396 356
396 359
396 848
396 856
396 903
397 7
397 73
397 99
397 249
397 311
397 403
397 450
397 599
397 762
397 833
398 33
398 177
398 207
398 223
398 274
398 383
398 503
398 514
398 548
398 779
398 872
398 945
398 980
399 115
399 127
399 299
399 311
399 344
399 388
399 397
399 676
399 716
399 791
399 833
399 878
400 52
400 176
400 289
400 455
400 461
400 724
400 752
400 974
401 65
401 95
401 263
401 377
401 508
401 535
401 675
401 845
401 877
402 34
402 65
402 72
402 84
402 109
402 145
402 310
402 464
402 541
402 569
402 729
402 799
402 826
402 858
402 977
402 993
403 76
403 77
403 383
403 444
403 466
403 470
403 499
403 557
403 643
403 826
403 856
403 926
403 990
404 23
404 70
404 96
404 151
404 154
404 215
404 372
404 528
404 572
404 733
405 8
405 64
405 226
405 356
405 491
405 640
405 889
406 84
406 139
406 345
406 374
406 498
406 652
406 744
406 852
406 871
406 969
407 69
407 203
407 328
407 414
407 664
407 712
407 769
407 838
407 842
407 856
407 865
407 990
408 8
408 56
408 58
408 131
408 211
408 244
408 420
408 606
408 749
408 756
408 974
408 995
409 216
409 241
409 296
409 317
409 502
409 552
409 558
409 589
409 594
409 637
409 647
409 657
409 715
409 815
409 901
410 93
410 342
410 354
410 395
410 641
410 749
410 947
410 971
410 995
411 18
411 112
411 395
411 471
411 725
411 885
412 103
412 106
412 111
412 175
412 378
412 440
412 476
412 528
412 863
412 893
413 95
413 104
413 281
413 427
413 591
413 594
413 649
413 715
413 844
413 861
413 905
413 949
414 42
414 174
414 188
414 273
414 339
414 341
414 451
414 488
414 505
414 576
414 583
414 762
414 990
415 35
415 161
415 219
415 257
415 320
415 365
415 373
415 410
415 464
415 595
415 916
415 932
416 255
416 257
416 319
416 324
416 497
416 669
416 726
416 759
416 835
416 869
416 872
416 883
416 931
417 126
417 262
417 267
417 402
417 533
417 541
417 568
417 606
417 676
418 4
418 25
418 332
418 349
418 404
418 586
418 695
418 747
418 958
418 964
418 973
419 219
419 322
419 346
419 372
419 409
419 420
419 455
419 475
419 614
419 845
419 851
419 873
420 13
420 131
420 149
420 165
420 336
420 455
420 811
420 967
421 203
421 223
421 233
421 269
421 283
421 580
421 756
421 818
421 893
421 976
422 2
422 35
422 178
422 218
422 616
422 618
422 672
422 704
422 932
423 19
423 143
423 162
423 206
423 449
423 633
423 718
423 777
423 815
423 934
423 941
423 942
423 943
423 981
424 91
424 117
424 162
424 276
424 393
424 480
424 505
424 584
424 639
425 3
425 167
425 553
425 725
425 734
425 794
425 843
425 869
426 12
426 15
426 36
426 68
426 126
426 299
426 304
426 358
426 377
426 454
426 841
426 876
426 965
427 38
427 301
427 365
427 410
427 509
427 733
427 777
427 801
427 857
427 926
428 307
428 314
428 355
428 358
428 386
428 443
428 575
428 589
428 644
428 677
428 693
428 710
428 861
429 423
429 579
429 939
430 367
430 565
430 670
430 809
430 871
430 942
431 7
431 15
431 88
431 192
431 245
431 469
431 822
431 988
432 18
432 38
432 120
432 189
432 269
432 300
432 398
432 515
432 549
432 860
432 866
432 900
433 145
433 189
433 356
433 396
433 419
433 434
433 743
433 788
434 132
434 354
434 412
434 425
434 541
434 616
434 719
434 867
434 868
435 174
435 197
435 314
435 403
435 605
435 607
435 673
435 804
435 891
435 988
436 14
436 41
436 127
436 178
436 185
436 236
436 339
436 416
436 571
436 591
436 600
436 629
436 701
436 815
436 859
436 893
436 929
437 99
437 236
437 449
437 456
437 469
437 710
437 743
437 843
437 851
437 966
437 989
438 266
438 311
438 536
438 560
438 739
439 20
439 39
439 55
439 86
439 277
439 548
439 620
439 697
439 701
439 906
440 80
440 628
440 742
440 786
441 151
441 297
441 534
441 718
441 726
441 778
441 822
441 827
441 829
441 970
442 240
442 385
442 501
442 569
442 622
442 647
442 663
442 751
442 892
442 924
442 986
443 28
443 140
443 204
443 294
443 333
443 348
443 437
443 502
443 532
443 656
444 37
444 109
444 257
444 283
444 289
444 423
444 442
444 534
444 596
444 624
444 648
444 664
444 673
444 923
445 39
445 44
445 138
445 207
445 289
445 301
445 469
445 510
445 552
445 619
445 629
445 825
446 11
446 22
446 50
446 117
446 323
446 501
446 619
446 786
446 813
446 861
446 949
446 956
446 964
446 986
447 319
447 510
447 600
447 812
447 962
448 27
448 96
448 113
448 137
448 228
448 238
448 440
448 562
448 574
448 587
448 617
448 805
448 873
448 959
449 64
449 92
449 189
449 321
449 440
449 450
449 594
449 657
450 2
450 48
450 218
450 406
450 444
450 605
450 630
450 936
450 971
451 48
451 186
451 229
451 303
451 317
451 353
451 470
451 539
451 746
451 853
451 869
451 974
452 121
452 137
452 171
452 532
452 589
452 622
452 822
452 823
452 843
453 68
453 93
453 127
453 442
453 506
453 527
453 543
453 574
453 607
453 790
453 806
453 807
453 966
454 121
454 191
454 332
454 613
454 724
454 841
454 910
454 978
455 112
455 316
455 322
455 412
455 435
455 442
455 628
455 664
455 963
455 973
456 26
456 345
456 507
456 679
456 708
456 730
456 828
456 868
456 903
457 47
457 69
457 261
457 355
457 402
457 479
457 623
457 624
457 718
457 765
457 806
457 812
457 919
457 952
458 132
458 161
458 206
458 410
458 450
458 482
458 491
458 634
458 660
458 909
459 273
459 299
459 322
459 333
459 340
459 387
459 727
459 729
460 196
460 290
460 480
460 590
460 631
460 826
460 949
460 993
461 40
461 73
461 240
461 249
461 282
461 344
461 628
461 874
461 881
462 53
462 57
462 326
462 341
462 488
462 721
462 733
462 766
462 808
462 847
462 888
462 898
463 10
463 20
463 21
463 42
463 112
463 148
463 477
463 502
463 834
464 91
464 197
464 228
464 257
464 409
464 537
464 548
464 603
464 737
464 779
464 851
465 3
465 244
465 356
465 485
465 779
465 885
466 89
466 152
466 210
466 537
466 555
466 566
466 649
466 669
466 749
466 838
466 918
467 41
467 172
467 269
467 388
467 468
467 485
467 720
467 734
467 736
467 799
467 813
467 814
467 871
468 50
468 74
468 111
468 214
468 287
468 326
468 333
468 434
468 441
468 535
468 618
468 715
469 15
469 119
469 432
469 468
469 514
469 561
469 677
469 693
469 920
470 0
470 25
470 37
470 172
470 181
470 200
470 209
470 265
470 325
470 348
470 499
470 626
470 648
470 786
470 790
470 815
470 952
470 998
471 76
471 123
471 653
471 693
471 706
471 741
472 34
472 213
472 425
472 462
472 570
472 638
472 952
472 974
473 10
473 15
473 25
473 373
473 456
473 569
473 634
473 762
473 959
473 994
474 170
474 249
474 379
474 530
474 567
474 640
474 653
474 755
474 835
475 157
475 294
475 343
475 535
475 638
475 649
475 656
475 717
475 774
475 788
476 0
476 339
476 537
476 967
477 33
477 150
477 315
477 327
477 389
477 446
477 457
477 563
478 36
478 109
478 283
478 331
478 416
478 714
478 898
478 986
479 47
479 280
479 427
479 564
479 706
479 753
479 955
480 108
480 184
480 258
480 270
480 281
480 309
480 443
480 655
480 668
480 743
480 759
480 916
480 997
481 23
481 218
481 414
481 463
481 626
481 839
481 883
481 897
481 960
481 974
482 34
482 141
482 229
482 248
482 292
482 389
482 471
482 788
482 981
483 1
483 46
483 186
483 193
483 295
483 302
483 311
483 351
483 463
483 512
483 580
483 600
483 759
483 884
484 95
484 102
484 303
484 572
484 606
484 629
484 703
484 719
484 880
484 885
484 961
485 78
485 213
485 355
485 708
485 785
485 798
485 879
485 957
485 963
485 987
486 76
486 150
486 306
486 474
486 548
486 645
486 656
486 686
486 837
486 913
486 972
487 143
487 145
487 227
487 435
487 448
487 471
487 594
487 616
487 662
487 674
487 687
487 785
487 977
488 202
488 589
488 663
488 785
488 961
488 962
489 106
489 133
489 304
489 818
489 882
489 897
490 50
490 218
490 230
490 338
490 348
490 435
490 448
490 823
490 956
490 959
491 149
491 268
491 437
491 440
491 456
491 467
491 470
491 735
491 770
491 921
491 925
492 24
492 364
492 437
492 483
492 560
492 650
492 812
492 829
492 873
492 971
492 987
493 55
493 57
493 127
493 323
493 338
493 378
493 519
493 536
493 603
493 641
493 700
493 866
493 914
493 916
494 127
494 202
494 330
494 601
494 834
494 871
495 98
495 125
495 432
495 559
495 626
495 799
495 887
495 955
495 956
496 163
496 273
496 323
496 405
496 555
496 564
496 927
497 18
497 260
497 347
497 379
497 394
497 453
497 498
497 536
497 913
497 919
497 934
498 63
498 64
498 124
498 270
498 321
498 328
498 406
498 579
498 822
499 73
499 323
499 518
499 673
499 804
499 873
499 933
500 98
500 106
500 110
500 192
500 256
500 298
500 300
500 308
500 355
500 444
500 502
500 544
500 688
500 851
500 886
500 980
501 106
501 107
501 119
501 376
501 416
501 628
501 641
501 717
501 861
501 898
501 939
501 972
502 65
502 210
502 533
502 669
502 888
502 917
502 926
502 959
503 1
503 138
503 146
503 174
503 235
503 293
503 308
503 452
503 491
503 492
503 663
503 761
503 838
503 958
504 55
504 56
504 224
504 444
504 511
504 536
504 608
504 679
504 702
504 984
505 4
505 54
505 64
505 132
505 157
505 220
505 268
505 302
505 412
505 463
505 510
505 532
505 560
505 591
505 629
505 891
505 982
506 73
506 167
506 196
506 208
506 352
506 483
506 514
506 853
506 900
507 17
507 50
507 178
507 193
507 251
507 295
507 359
507 377
507 390
507 475
507 545
507 547
507 845
507 855
508 111
508 165
508 228
508 292
508 575
508 594
508 605
508 652
508 806
508 894
508 909
508 922
508 966
509 265
509 296
509 338
509 418
509 531
509 841
510 105
510 113
510 198
510 396
510 401
510 441
510 594
510 620
510 665
510 780
510 914
510 936
511 56
511 61
511 83
511 304
511 433
511 452
511 501
511 503
511 548
511 580
511 607
511 650
511 705
511 757
511 802
511 916
511 979
512 236
512 259
512 409
512 507
512 672
512 695
512 752
512 754
512 873
512 898
512 953
513 83
513 221
513 224
513 260
513 403
513 439
513 516
513 517
513 591
513 697
513 725
513 788
514 268
514 352
514 513
514 614
515 296
515 496
515 634
515 855
516 30
516 31
516 244
516 322
516 362
516 663
516 786
516 804
517 265
517 309
517 368
517 456
517 640
517 734
517 776
517 783
517 965
518 105
518 149
518 322
518 345
518 581
518 742
518 772
518 779
518 890
518 895
518 905
518 974
519 57
519 65
519 267
519 295
519 388
519 475
519 493
519 569
519 575
519 741
520 92
520 146
520 189
520 204
520 274
520 383
520 501
520 561
520 791
520 823
520 870
521 99
521 342
521 429
521 531
521 635
521 763
521 827
521 904
522 80
522 95
522 111
522 140
522 151
522 257
522 275
522 277
522 413
522 419
522 427
522 576
522 652
522 667
522 854
522 859
522 877
523 22
523 83
523 114
523 139
523 212
523 319
523 530
523 576
523 784
523 940
524 77
524 137
524 217
524 418
524 510
524 942
524 963
525 53
525 107
525 142
525 445
525 522
525 600
525 757
526 7
526 60
526 77
526 137
526 171
526 228
526 346
526 371
526 374
526 376
526 646
526 716
526 818
526 853
526 913
526 925
527 58
527 103
527 309
527 634
527 679
527 692
527 718
527 725
527 916
528 70
528 209
528 228
528 241
528 250
528 302
528 415
528 582
528 612
528 697
528 783
528 799
528 878
528 889
528 950
528 995
529 78
529 99
529 185
529 329
529 379
529 429
529 606
529 621
529 752
529 768
529 783
530 325
530 329
530 514
530 613
530 660
530 664
530 682
530 708
530 758
530 916
530 974
531 69
531 200
531 230
531 602
531 795
531 853
531 884
531 932
532 113
532 166
532 194
532 226
532 276
532 323
532 451
532 498
532 652
532 845
532 875
533 136
533 246
533 299
533 401
533 402
533 495
533 675
533 728
533 803
533 877
534 29
534 39
534 43
534 238
534 278
534 487
534 818
534 902
535 38
535 44
535 116
535 117
535 170
535 234
535 251
535 258
535 324
535 379
535 391
535 476
535 742
535 824
535 877
535 973
536 415
536 543
536 556
536 570
536 777
536 815
536 919
537 124
537 280
537 321
537 417
537 440
537 447
537 489
537 593
537 616
537 711
537 724
537 731
537 774
537 813
538 14
538 46
538 73
538 130
538 139
538 298
538 332
538 561
538 827
538 915
538 937
539 82
539 170
539 180
539 241
539 322
539 390
539 474
539 524
539 780
539 939
540 149
540 172
540 275
540 571
540 581
540 616
540 653
540 724
540 758
540 789
540 820
541 104
541 116
541 126
541 305
541 329
541 662
541 756
541 906
542 52
542 158
542 190
542 279
542 289
542 411
542 623
542 645
542 672
542 689
542 696
542 743
542 801
543 38
543 112
543 123
543 144
543 330
543 375
543 405
543 427
543 482
543 533
543 593
543 671
543 921
543 937
544 210
544 340
544 491
544 623
544 651
544 658
544 716
544 765
545 12
545 21
545 278
545 285
545 309
545 329
545 602
545 620
545 747
545 806
546 377
546 420
546 528
546 596
546 755
546 788
546 911
546 987
547 82
547 143
547 170
547 240
547 357
547 450
547 539
547 653
547 690
547 866
547 957
547 995
548 300
548 316
548 474
548 562
548 623
548 653
548 839
549 59
549 176
549 201
549 234
549 275
549 453
549 491
549 519
549 684
549 704
549 712
549 849
550 181
550 527
550 563
550 738
550 835
550 913
550 960
550 972
551 158
551 165
551 364
551 545
551 713
551 755
551 776
551 777
551 904
551 935
551 977
552 39
552 125
552 348
552 689
552 780
552 988
553 34
553 88
553 155
553 508
553 579
553 604
553 819
553 834
554 69
554 90
554 133
554 203
554 279
554 460
554 573
554 629
554 816
555 524
555 693
555 724
555 740
555 893
555 909
555 917
556 36
556 84
556 87
556 120
556 288
556 328
556 754
556 969
557 66
557 98
557 116
557 123
557 379
557 403
557 530
557 537
557 636
557 828
558 20
558 278
558 391
558 533
558 554
558 674
558 799
558 951
559 6
559 139
559 285
559 375
559 450
559 487
559 490
559 578
559 596
559 633
559 674
559 809
559 828
559 861
560 219
560 251
560 336
560 416
560 432
560 562
560 819
561 99
561 167
561 325
561 564
561 603
561 647
561 721
561 722
561 859
561 872
562 35
562 182
562 221
562 235
562 260
562 318
562 333
562 444
562 561
562 602
562 659
562 931
562 995
562 997
563 34
563 253
563 309
563 532
563 720
563 726
563 782
564 136
564 198
564 264
564 312
564 350
564 438
564 446
564 462
564 492
564 602
564 618
564 619
564 678
564 693
564 711
564 712
564 780
564 789
564 816
564 860
564 957
565 40
565 63
565 193
565 211
565 320
565 463
565 469
565 478
565 486
565 558
565 654
565 692
565 693
565 813
565 816
565 970
566 116
566 292
566 367
566 448
566 495
566 710
566 794
566 824
566 862
566 904
566 942
566 963
567 145
567 169
567 225
567 315
567 376
567 405
567 457
567 624
568 55
568 78
568 151
568 153
568 248
568 257
568 427
568 451
568 511
568 872
569 11
569 34
569 385
569 490
569 554
569 697
569 794
569 970
570 311
570 319
570 322
570 330
570 368
570 593
570 643
570 707
570 757
570 928
570 977
571 29
571 230
571 363
571 497
571 883
571 893
572 40
572 223
572 233
572 319
572 343
572 357
572 414
572 516
572 541
572 546
572 553
572 734
572 854
572 908
573 222
573 626
573 642
573 654
573 897
573 951
573 996
574 26
574 151
574 217
574 248
574 277
574 293
574 682
574 783
574 938
574 967
575 99
575 210
575 229
575 271
575 340
575 342
575 359
575 437
575 480
575 546
575 549
575 739
575 751
575 873
575 987
575 996
576 14
576 68
576 119
576 295
576 430
576 622
576 688
576 707
576 813
576 941
577 9
577 214
577 399
577 456
577 584
577 741
577 743
577 771
577 843
577 896
578 228
578 234
578 388
578 489
578 521
578 947
578 957
579 63
579 193
579 207
579 213
579 247
579 397
579 408
579 442
579 495
579 605
579 652
579 660
579 682
580 27
580 36
580 55
580 168
580 185
580 426
580 504
580 537
580 643
580 752
580 759
580 864
581 53
581 112
581 165
581 228
581 301
581 302
581 357
581 408
581 798
581 876
581 880
581 960
581 995
582 14
582 518
582 611
582 635
582 681
582 763
582 803
583 63
583 91
583 107
583 119
583 155
583 264
583 313
583 339
583 340
583 345
583 470
583 581
583 589
583 657
583 781
583 917
584 166
584 318
584 326
584 372
584 411
584 422
584 496
584 550
584 566
584 583
584 587
584 725
584 748
584 844
584 933
585 136
585 203
585 299
585 357
585 493
585 587
585 611
585 690
585 708
585 965
586 110
586 119
586 132
586 243
586 472
586 760
586 825
586 985
586 989
587 120
587 288
587 341
587 482
587 499
587 504
587 576
587 640
587 978
588 12
588 339
588 439
588 448
588 469
588 749
588 924
589 48
589 102
589 121
589 344
589 381
589 551
589 605
589 614
589 643
590 174
590 291
590 331
590 589
590 603
590 668
590 852
590 888
590 930
591 167
591 250
591 289
591 319
591 342
591 483
591 562
591 564
591 641
591 700
591 829
591 848
591 867
591 990
592 1
592 21
592 28
592 116
592 142
592 237
592 277
592 283
592 386
592 390
592 496
592 558
592 611
592 752
592 789
592 809
592 834
592 840
592 910
592 917
592 935
592 967
593 82
593 356
593 475
593 650
594 30
594 110
594 316
594 321
594 356
594 509
594 657
594 731
594 742
594 787
594 828
594 835
594 881
594 917
594 928
594 947
595 79
595 102
595 147
595 153
595 192
595 412
595 709
595 917
596 51
596 168
596 193
596 429
596 730
596 772
597 24
597 64
597 185
597 217
597 259
597 673
597 769
597 804
597 958
597 992
598 3
598 149
598 151
598 600
598 663
598 735
598 866
598 879
598 882
599 101
599 307
599 473
599 625
599 813
599 899
600 187
600 222
600 245
600 341
600 486
600 566
600 719
600 742
600 800
600 834
600 836
600 943
601 144
601 540
601 745
601 876
601 894
601 931
602 39
602 82
602 94
602 343
602 538
602 581
602 765
602 986
602 999
603 111
603 250
603 264
603 366
603 472
603 493
603 562
603 649
603 711
603 775
603 782
604 36
604 39
604 65
604 195
604 356
604 441
604 533
604 695
604 803
605 158
605 209
605 371
605 603
605 612
605 619
605 700
605 829
605 892
605 972
605 979
606 134
606 171
606 393
606 441
606 472
606 573
606 581
606 638
606 643
606 685
606 780
606 865
607 181
607 255
607 273
607 451
607 546
607 580
607 708
607 723
607 731
607 743
607 778
607 995
608 48
608 277
608 325
608 341
608 515
608 667
608 725
608 821
608 827
608 952
609 81
609 337
609 442
609 617
609 700
609 829
609 840
609 933
610 153
610 162
610 240
610 275
610 307
610 315
610 572
610 660
610 945
610 999
611 20
611 119
611 144
611 214
611 270
611 282
611 343
611 399
611 426
611 510
611 529
611 567
611 574
611 666
611 721
611 764
611 893
611 990
612 206
612 225
612 379
612 426
612 429
612 533
612 559
612 580
612 652
612 687
612 742
612 868
613 12
613 28
613 95
613 163
613 237
613 251
613 439
613 647
613 669
613 702
613 978
614 146
614 243
614 484
614 514
614 530
614 632
614 642
614 721
614 753
614 887
614 999
615 72
615 145
615 342
615 365
615 531
615 555
615 735
615 821
615 962
615 968
616 17
616 326
616 658
616 692
616 821
616 840
617 199
617 934
618 114
618 129
618 265
618 351
618 539
618 895
619 132
619 198
619 266
619 339
619 415
619 493
619 690
619 801
620 229
620 278
620 435
620 472
620 663
620 715
620 755
620 873
620 936
621 65
621 160
621 204
621 207
621 310
621 406
621 511
621 748
621 825
621 899
622 122
622 124
622 139
622 212
622 214
622 235
622 360
622 414
622 462
622 479
622 604
622 608
622 687
622 706
622 709
622 945
622 968
623 22
623 64
623 80
623 130
623 163
623 244
623 410
623 420
623 576
623 711
623 859
624 30
624 81
624 89
624 188
624 219
624 306
624 457
624 466
624 530
624 564
624 981
625 679
625 690
625 874
625 933
626 9
626 86
626 131
626 474
626 565
626 642
626 645
626 796
626 805
626 910
626 975
627 91
627 104
627 223
627 486
627 496
627 563
627 811
627 892
627 983
628 48
628 644
628 736
628 838
628 876
628 899
628 990
629 24
629 58
629 216
629 343
629 778
629 804
629 929
630 38
630 145
630 301
630 651
630 677
630 748
631 68
631 73
631 169
631 216
631 324
631 388
631 437
631 438
631 505
631 509
631 586
631 935
631 950
632 203
632 295
632 345
632 370
632 485
632 649
632 653
632 696
632 761
632 995
633 228
633 240
633 471
633 544
633 557
633 682
633 708
633 793
633 811
633 821
633 914
633 915
633 947
634 86
634 101
634 252
634 366
634 419
634 948
635 65
635 177
635 181
635 514
635 820
636 43
636 89
636 94
636 115
636 231
636 312
636 380
636 392
636 468
636 495
636 500
636 505
636 518
636 560
636 812
636 841
636 869
637 63
637 167
637 393
637 403
637 457
637 505
637 611
637 612
637 919
637 954
637 984
638 33
638 325
638 596
638 624
638 692
638 749
638 929
638 937
639 7
639 147
639 266
639 294
639 322
639 447
639 460
639 461
639 503
639 522
639 640
639 673
639 882
639 955
640 10
640 421
640 529
640 730
640 947
641 27
641 29
641 135
641 138
641 153
641 226
641 265
641 366
641 412
641 493
641 596
641 699
641 988
642 176
642 185
642 229
642 572
642 658
642 875
642 976
643 24
643 160
643 240
643 442
643 486
643 586
643 719
644 77
644 152
644 162
644 498
644 580
644 643
644 745
644 861
645 126
645 262
645 753
645 933
645 948
646 5
646 220
646 393
646 656
646 844
647 120
647 199
647 201
647 313
647 343
647 424
647 452
647 567
647 592
647 674
647 792
647 834
648 85
648 102
648 333
648 440
648 457
648 506
648 679
648 898
649 61
649 591
649 637
649 723
649 886
649 918
649 995
650 67
650 133
650 265
650 266
650 304
650 423
650 454
650 510
650 535
650 540
650 542
650 646
650 794
650 828
650 929
651 61
651 161
651 314
651 345
651 597
651 616
651 665
651 816
651 933
651 963
651 975
651 977
652 29
652 78
652 156
652 188
652 344
652 412
652 424
652 607
652 806
652 914
652 921
652 927
652 951
652 952
652 980
652 982
653 98
653 112
653 252
653 298
653 556
653 658
653 804
653 831
653 882
654 218
654 300
654 443
654 523
654 785
654 789
654 803
654 804
654 830
654 948
654 975
655 57
655 80
655 103
655 143
655 209
655 221
655 240
655 440
655 459
655 496
655 534
655 587
655 726
655 819
655 925
655 950
656 22
656 216
656 218
656 251
656 291
656 315
656 408
656 606
656 612
656 653
656 694
657 84
657 108
657 308
657 329
657 711
657 764
657 952
657 981
658 23
658 46
658 90
658 202
658 352
658 446
658 617
658 663
658 742
658 967
658 984
659 161
659 237
659 240
659 254
659 326
659 369
659 429
659 521
659 629
659 684
659 723
659 844
659 923
659 995
660 129
660 221
660 354
660 409
660 485
660 833
660 957
661 45
661 108
661 580
661 632
661 669
661 690
661 721
661 887
661 948
662 97
662 145
662 150
662 262
662 442
662 477
662 611
662 734
663 68
663 101
663 106
663 327
663 479
663 621
663 624
663 685
663 686
663 726
663 749
664 2
664 26
664 39
664 74
664 107
664 167
664 246
664 290
664 357
664 508
664 530
664 647
664 669
664 912
665 52
665 99
665 138
665 307
665 340
665 478
665 620
665 682
665 705
665 817
665 917
665 979
666 207
666 262
667 74
667 89
667 159
667 218
667 276
667 684
667 698
667 736
667 817
668 73
668 194
668 332
668 360
668 640
668 690
668 797
668 827
669 502
669 522
669 600
669 711
669 755
669 902
669 977
670 29
670 156
670 168
670 182
670 253
670 354
670 445
670 449
670 492
670 752
670 781
671 41
671 238
671 626
671 756
671 786
672 117
672 154
672 240
672 389
672 419
672 455
672 912
672 944
673 30
673 108
673 239
673 451
673 490
673 532
673 648
673 738
673 898
673 938
674 28
674 51
674 180
674 353
674 530
674 740
674 783
674 911
675 136
675 141
675 182
675 292
675 323
675 466
675 683
675 868
675 909
675 950
676 10
676 83
676 189
676 221
676 295
676 332
676 348
676 475
676 576
676 599
676 753
676 838
676 870
676 889
676 963
677 192
677 321
677 472
677 959
677 989
678 91
678 190
678 316
678 459
678 464
678 625
678 630
678 802
678 866
678 964
678 987
679 324
679 409
679 519
679 660
679 751
679 753
679 764
679 790
679 793
679 899
680 191
680 426
680 552
680 665
680 910
680 911
680 932
680 998
681 6
681 84
681 211
681 258
681 274
681 285
681 369
681 693
681 752
681 765
681 913
681 945
682 27
682 390
682 628
682 821
682 869
682 898
683 122
683 173
683 289
683 388
683 514
683 547
683 617
683 786
684 10
684 51
684 139
684 164
684 175
684 276
684 696
684 746
684 882
685 15
685 63
685 277
685 333
685 409
685 646
685 666
685 710
685 790
685 795
685 797
685 838
686 12
686 29
686 78
686 199
686 504
686 532
686 556
686 692
686 868
687 71
687 124
687 127
687 269
687 321
687 350
687 421
687 463
687 544
687 789
687 917
687 918
687 954
688 12
688 379
688 573
688 580
688 598
688 711
688 840
688 879
688 972
689 263
689 308
689 309
689 459
689 555
689 598
689 752
689 831
689 863
689 888
690 35
690 402
690 414
690 446
690 618
690 669
690 718
690 829
690 968
691 63
691 167
691 294
691 379
691 432
691 450
691 572
691 578
691 700
691 774
691 789
691 974
692 47
692 52
692 203
692 373
692 501
692 516
692 572
692 744
692 768
692 824
692 845
692 926
693 26
693 121
693 313
693 430
693 511
694 116
694 319
694 592
694 742
694 769
694 911
695 104
695 112
695 189
695 339
695 450
695 551
695 679
695 782
695 834
695 928
696 127
696 158
696 202
696 238
696 438
696 467
696 511
696 693
696 784
696 804
696 876
697 24
697 91
697 100
697 106
697 275
697 348
697 389
697 622
697 735
697 745
697 781
697 899
698 152
698 224
698 269
698 368
698 415
698 675
699 116
699 139
699 247
699 304
699 385
699 476
699 610
699 839
699 864
699 890
700 32
700 48
700 379
700 474
700 636
700 671
700 724
700 763
700 835
700 866
700 878
700 966
700 968
701 26
701 173
701 189
701 259
701 669
701 757
701 853
702 315
702 467
702 479
702 490
702 632
702 657
702 733
702 818
702 837
702 922
702 954
702 987
703 110
703 176
703 190
703 247
703 277
703 318
703 332
703 347
703 380
703 716
703 921
704 436
704 502
704 746
704 790
704 938
705 114
705 367
705 462
706 40
706 170
706 345
706 594
706 631
706 795
706 947
706 962
707 103
707 152
707 231
707 249
707 467
707 608
707 639
707 747
707 782
707 814
707 815
707 826
707 971
708 40
708 61
708 64
708 69
708 89
708 196
708 279
708 581
708 598
708 620
708 622
708 828
708 869
708 956
709 68
709 91
709 173
709 550
709 825
710 0
710 71
710 139
710 146
710 242
710 261
710 358
710 499
710 510
710 713
710 741
711 97
711 145
711 167
711 290
711 309
711 322
711 436
711 607
711 620
711 705
711 743
711 746
711 824
711 996
712 234
712 242
712 253
712 274
712 415
712 726
712 805
712 817
712 821
713 178
713 586
713 600
713 624
713 669
713 703
713 749
714 46
714 212
714 314
714 384
714 417
714 517
714 808
715 65
715 248
715 288
715 341
715 359
715 531
715 654
715 726
715 777
715 830
715 876
715 880
715 976
716 219
716 477
716 530
716 548
716 639
716 663
716 715
716 756
716 779
716 908
716 938
717 153
717 201
717 299
717 348
717 530
717 640
717 753
717 864
718 49
718 191
718 206
718 284
718 295
718 309
718 564
718 586
718 614
718 686
718 739
718 837
718 857
719 241
719 372
719 398
719 735
719 752
719 775
719 854
719 946
720 242
720 495
720 533
720 633
720 709
720 756
720 873
720 948
720 969
721 21
721 39
721 224
721 277
721 308
721 716
721 843
721 932
722 205
722 260
722 272
722 295
722 441
722 500
722 520
722 552
722 677
722 753
722 881
722 887
723 104
723 197
723 450
723 793
724 126
724 216
724 377
724 659
724 797
724 928
724 955
725 319
725 341
725 479
725 554
725 834
725 863
725 898
725 958
726 293
726 357
726 459
726 504
726 525
726 560
726 571
726 617
726 766
726 851
726 992
727 1
727 52
727 109
727 272
727 392
727 421
727 458
727 807
727 811
727 884
728 148
728 204
728 449
728 532
728 628
728 883
729 59
729 134
729 182
729 415
729 455
729 561
729 682
729 765
729 927
729 980
730 30
730 71
730 138
730 198
730 218
730 359
730 476
730 511
730 559
730 588
730 719
730 727
730 874
730 975
731 147
731 160
731 192
731 304
731 379
731 436
731 500
731 647
731 661
731 849
731 865
731 890
731 952
732 36
732 83
732 515
732 622
732 641
732 659
732 743
732 858
732 919
733 17
733 160
733 229
733 254
733 280
733 330
733 333
733 579
733 818
733 832
734 37
734 52
734 79
734 121
734 255
734 268
734 520
734 664
734 761
734 844
735 38
735 220
735 399
735 420
735 499
735 541
735 814
735 970
735 996
736 280
736 352
736 416
736 467
736 480
736 559
736 585
736 828
736 833
736 950
736 963
736 981
737 94
737 217
737 222
737 426
737 429
737 526
737 747
737 931
738 4
738 73
738 76
738 242
738 258
738 357
738 447
738 511
738 626
738 717
738 726
738 736
738 951
739 342
739 424
739 459
739 508
739 592
739 636
739 646
739 656
739 657
739 697
739 708
739 868
739 968
739 976
740 34
740 279
740 713
740 849
741 54
741 108
741 149
741 210
741 244
741 467
741 498
741 503
741 533
741 681
741 757
741 897
741 910
741 940
742 205
742 251
742 253
742 397
742 471
742 532
742 607
742 621
742 745
742 753
742 782
742 808
743 75
743 98
743 110
743 210
743 214
743 238
743 381
743 639
743 902
743 942
743 982
744 71
744 254
744 536
744 551
744 647
744 810
745 182
745 764
745 795
745 801
745 940
746 6
746 15
746 48
746 171
746 353
746 434
746 463
746 546
746 573
746 689
746 745
746 779
746 820
746 872
747 25
747 297
747 312
747 691
747 692
747 836
748 83
748 126
748 133
748 216
748 250
748 265
748 375
748 513
748 561
748 576
748 609
748 627
748 640
748 643
748 648
748 662
748 806
749 37
749 75
749 109
749 130
749 158
749 305
749 307
749 479
749 549
749 685
749 696
750 5
750 31
750 66
750 346
750 585
750 615
750 669
750 861
751 173
751 345
751 396
751 412
751 473
751 796
751 803
752 44
752 100
752 134
752 176
752 265
752 319
752 374
752 447
752 700
752 929
753 25
753 160
753 170
753 285
753 291
753 299
753 404
753 452
753 657
753 711
753 794
753 956
753 990
754 62
754 127
754 309
754 457
754 461
754 478
754 621
754 783
754 927
755 2
755 144
755 151
755 306
755 498
755 502
755 537
755 586
755 620
755 868
756 203
756 395
756 456
756 473
756 501
756 544
756 552
756 916
756 927
757 33
757 92
757 93
757 125
757 126
757 191
757 207
757 528
757 627
757 673
757 790
758 24
758 148
758 527
758 686
758 693
758 770
758 807
758 915
758 928
759 1
759 33
759 47
759 154
759 179
759 250
759 457
759 653
759 695
759 887
760 46
760 109
760 131
760 223
760 238
760 254
760 448
760 606
760 762
760 784
761 45
761 50
761 69
761 157
761 376
761 666
761 673
761 779
762 36
762 69
762 82
762 252
762 401
762 406
762 510
762 564
762 633
762 817
762 818
762 873
763 83
763 118
763 137
763 140
763 152
763 439
763 735
763 754
763 761
764 572
764 834
764 911
764 922
764 923
764 941
765 37
765 117
765 510
765 551
765 629
765 646
765 681
765 801
765 857
765 884
766 51
766 82
766 90
766 136
766 160
766 264
766 294
766 319
766 352
766 556
766 577
766 855
766 876
766 926
767 75
767 145
767 343
767 440
767 718
767 736
767 741
767 800
767 976
768 63
768 376
768 412
768 459
768 509
768 631
768 664
768 686
768 798
769 14
769 52
769 171
769 262
769 290
769 293
769 390
769 632
769 683
769 814
769 828
769 907
770 76
770 87
770 145
770 150
770 250
770 436
770 468
770 525
770 563
770 668
770 899
771 123
771 234
771 265
771 575
771 657
771 930
771 961
772 167
772 169
772 362
772 371
772 764
772 818
772 870
772 878
772 967
773 211
773 498
773 537
773 650
773 671
773 788
773 834
773 865
773 868
773 887
773 935
773 958
774 49
774 175
774 177
774 269
774 332
774 539
774 574
774 824
775 129
775 303
775 499
775 546
775 634
775 667
775 691
775 808
775 818
775 867
776 82
776 131
776 163
776 205
776 343
776 378
776 430
776 462
776 551
776 626
776 884
777 21
777 84
777 102
777 233
777 255
777 315
777 368
777 602
777 612
777 706
777 739
777 748
777 755
777 806
777 890
778 149
778 187
778 301
778 439
778 475
778 700
778 855
778 947
778 951
779 163
779 479
779 537
779 600
779 624
779 738
779 767
779 768
779 830
779 837
779 923
779 983
779 984
780 39
780 69
780 201
780 292
780 319
780 363
780 666
780 669
780 690
780 738
780 748
780 884
780 934
781 299
781 445
781 463
781 578
781 802
781 866
781 916
782 99
782 249
782 265
782 332
782 620
782 790
782 794
782 856
782 873
782 901
783 21
783 156
783 281
783 304
783 346
783 403
783 482
783 672
783 696
783 841
783 852
783 956
784 29
784 61
784 95
784 115
784 469
784 522
784 595
784 617
784 631
784 746
784 961
784 974
785 16
785 33
785 47
785 90
785 352
785 697
785 731
785 740
785 781
785 812
785 862
785 863
785 915
785 928
786 192
786 303
786 419
786 478
786 608
786 798
786 821
786 938
786 942
787 359
787 459
787 716
787 747
787 882
787 895
787 982
788 160
788 492
788 502
788 512
788 565
788 604
789 21
789 96
789 126
789 160
789 267
789 287
789 302
789 345
789 451
789 505
789 512
789 874
790 306
790 358
790 393
790 446
790 599
790 658
790 682
790 976
791 189
791 247
791 298
791 335
791 447
791 642
791 655
791 662
791 752
791 817
791 941
792 145
792 477
792 568
792 682
792 908
793 27
793 32
793 152
793 183
793 372
793 439
793 619
793 931
794 16
794 74
794 350
794 353
794 482
794 499
794 527
794 627
794 675
794 700
794 845
794 904
795 30
795 85
795 172
795 478
795 525
795 531
795 551
795 689
795 818
795 876
796 93
796 98
796 128
796 137
796 157
796 288
796 519
797 63
797 126
797 138
797 170
797 195
797 222
797 331
797 336
797 437
797 723
797 835
798 25
798 79
798 178
798 215
798 259
798 313
798 511
798 606
798 663
798 921
798 991
799 31
799 236
799 275
799 283
799 421
799 482
799 669
799 703
799 719
799 984
800 207
800 304
800 354
800 498
800 630
800 707
800 808
800 913
800 922
800 997
801 71
801 158
801 160
801 227
801 264
801 583
801 605
801 652
802 71
802 105
802 214
802 241
802 249
802 431
802 456
802 500
802 643
802 660
802 828
802 989
803 272
803 278
803 285
803 369
803 422
803 465
803 648
803 741
803 830
803 894
803 925
803 993
804 12
804 38
804 42
804 136
804 178
804 229
804 259
804 271
804 356
804 385
804 509
804 514
804 743
804 828
804 900
805 97
805 102
805 113
805 239
805 298
805 306
805 367
805 742
805 895
805 963
805 974
806 43
806 115
806 175
806 242
806 293
806 298
806 451
806 526
806 599
806 705
806 736
806 822
806 844
807 65
807 159
807 714
807 775
807 860
807 869
808 138
808 159
808 316
808 379
808 391
808 417
808 432
808 461
808 590
808 711
808 826
808 838
808 853
808 904
809 179
809 341
809 361
809 462
809 689
809 735
809 924
810 38
810 209
810 246
810 373
810 381
810 475
810 680
810 737
810 926
810 987
811 82
811 104
811 190
811 399
811 556
811 897
811 949
812 27
812 69
812 152
812 319
812 403
812 775
812 801
812 842
812 922
812 968
812 969
813 39
813 73
813 149
813 224
813 241
813 434
813 452
813 565
813 581
813 742
813 785
813 927
813 954
813 963
814 79
814 228
814 345
814 346
814 440
814 762
814 820
815 61
815 292
815 652
815 755
815 865
815 916
815 964
815 984
816 33
816 45
816 102
816 122
816 135
816 305
816 376
816 438
816 487
816 532
816 594
816 779
816 815
816 992
817 212
817 300
817 346
817 359
817 579
817 635
817 823
817 993
818 147
818 201
818 421
818 432
818 523
818 542
818 626
818 665
818 688
818 699
818 768
818 832
818 845
818 854
818 981
819 46
819 159
819 278
819 284
819 411
819 523
819 679
819 787
819 788
819 927
819 955
820 9
820 335
820 339
820 447
820 496
820 631
820 720
820 772
820 800
821 158
821 293
821 380
821 575
821 594
821 711
821 728
821 742
821 750
821 765
821 800
821 862
821 874
821 946
822 44
822 95
822 96
822 121
822 158
822 343
822 542
822 705
822 761
822 833
822 899
822 936
823 8
823 34
823 202
823 422
823 581
823 799
823 862
824 45
824 279
824 294
824 379
824 457
824 484
824 636
824 665
824 821
824 921
825 19
825 60
825 87
825 148
825 154
825 170
825 360
825 364
825 371
825 538
825 675
825 801
825 826
825 902
825 945
825 985
826 206
826 254
826 291
826 413
826 433
826 628
826 654
826 679
826 886
826 888
827 60
827 141
827 144
827 299
827 414
827 521
827 831
827 896
828 26
828 202
828 255
828 329
828 338
828 549
828 557
828 654
828 911
829 229
829 232
829 273
829 333
829 354
829 371
829 447
829 484
829 791
829 818
829 912
830 127
830 347
830 551
830 651
830 670
830 756
830 773
830 790
831 11
831 139
831 155
831 301
831 339
831 375
831 469
831 501
831 539
831 703
832 319
832 356
832 401
832 452
832 487
832 633
832 658
832 998
833 35
833 124
833 162
833 273
833 276
833 290
833 369
833 405
833 632
833 748
833 823
833 891
834 46
834 234
834 260
834 261
834 304
834 425
834 445
834 454
834 576
834 886
834 923
834 931
835 407
835 418
835 494
835 544
835 735
835 853
835 855
836 80
836 311
836 342
836 398
836 412
836 464
836 616
836 625
836 662
837 77
837 105
837 659
837 708
837 806
837 813
837 891
837 936
837 978
837 986
838 3
838 237
838 310
838 333
838 363
838 373
838 540
838 729
838 811
838 940
838 992
839 250
839 314
839 438
839 676
839 740
839 932
839 946
839 954
840 7
840 20
840 141
840 155
840 225
840 245
840 263
840 324
840 490
840 493
840 515
840 517
840 591
840 609
840 710
840 749
840 879
840 914
841 44
841 66
841 72
841 143
841 326
841 372
841 392
841 450
841 452
841 559
841 577
841 745
841 826
842 134
842 185
842 281
842 292
842 357
842 385
842 415
842 553
842 589
842 645
842 652
842 770
843 80
843 117
843 200
843 218
843 300
843 401
843 553
843 699
843 835
843 866
843 868
843 991
844 33
844 169
844 300
844 346
844 389
844 710
844 745
844 766
844 822
844 827
844 871
844 903
844 981
845 104
845 279
845 345
845 405
845 577
845 612
845 668
845 728
845 770
845 862
845 867
845 910
845 912
845 948
846 68
846 236
846 280
846 371
846 399
846 417
846 508
846 720
846 724
847 351
847 358
847 465
847 586
847 857
848 95
848 200
848 212
848 269
848 270
848 320
848 463
848 673
849 244
849 272
849 360
849 411
849 414
849 430
849 458
849 550
849 698
850 47
850 120
850 290
850 329
850 365
850 422
850 499
850 600
850 779
850 787
850 822
850 901
850 914
850 976
851 11
851 189
851 265
851 359
851 443
851 497
851 752
851 754
851 930
852 200
852 249
852 261
852 324
852 444
852 607
852 788
852 917
853 8
853 99
853 370
853 572
853 598
853 771
853 780
853 790
853 791
853 932
854 50
854 113
854 315
854 352
854 522
854 528
854 708
854 823
854 969
855 24
855 210
855 367
855 399
855 405
855 503
855 551
855 646
855 677
855 719
855 727
855 821
855 912
856 81
856 220
856 266
856 293
856 296
856 467
856 523
856 711
856 725
856 753
856 824
856 972
857 56
857 95
857 137
857 173
857 177
857 303
857 369
857 397
857 505
857 531
857 567
857 624
857 662
857 921
858 108
858 155
858 204
858 287
858 325
858 343
858 427
858 589
858 614
858 656
858 679
858 793
858 811
858 840
858 851
858 861
859 87
859 187
859 316
859 342
859 370
859 671
859 691
859 700
859 959
860 183
860 187
860 320
860 626
860 637
860 795
861 211
861 423
861 526
861 787
861 803
861 856
861 945
862 472
862 624
862 632
862 655
862 932
863 41
863 236
863 361
863 497
863 616
863 688
863 923
864 149
864 209
864 399
864 732
864 752
864 822
864 867
865 52
865 84
865 197
865 234
865 248
865 461
865 502
865 511
865 681
865 756
865 763
866 127
866 186
866 426
866 541
866 668
866 724
866 820
866 853
866 869
866 981
867 80
867 208
867 281
867 304
867 351
867 361
867 387
867 401
867 412
867 457
867 473
867 616
867 688
867 810
867 814
867 852
867 906
867 946
868 59
868 182
868 324
868 469
868 520
868 535
868 623
868 695
869 88
869 391
869 665
869 668
869 752
869 919
869 971
870 413
870 503
870 631
870 751
870 874
870 899
871 12
871 76
871 158
871 232
871 293
871 494
871 575
871 680
871 737
871 744
871 784
871 792
871 803
871 848
871 959
872 110
872 202
872 375
872 470
872 697
872 727
872 839
873 98
873 191
873 308
873 318
873 330
873 361
873 558
873 636
873 909
873 949
874 107
874 237
874 266
874 279
874 305
874 357
874 360
874 546
874 548
874 567
874 622
874 689
874 703
875 78
875 79
875 120
875 132
875 361
875 399
875 436
875 478
875 589
875 607
875 609
875 626
875 715
875 764
875 765
876 1
876 201
876 229
876 413
876 500
876 591
876 715
876 924
876 997
877 221
877 330
877 484
877 514
877 540
877 552
877 566
877 573
877 625
877 991
878 107
878 180
878 193
878 195
878 294
878 345
878 353
878 557
878 668
878 675
878 741
878 963
879 176
879 318
879 463
879 605
879 665
879 889
879 984
880 111
880 118
880 223
880 298
880 359
880 480
880 519
880 574
880 948
881 44
881 67
881 117
881 224
881 256
881 291
881 410
881 411
881 596
881 610
881 629
881 782
881 905
881 996
882 2
882 17
882 96
882 317
882 468
882 546
882 600
882 631
882 637
882 684
882 694
882 734
882 746
882 884
882 910
883 254
883 291
883 483
883 510
883 540
883 813
883 875
883 933
883 972
883 988
884 254
884 271
884 289
884 530
884 890
884 965
885 50
885 183
885 603
885 622
885 668
885 752
885 793
885 981
886 137
886 185
886 284
886 367
886 369
886 715
886 910
887 83
887 144
887 402
887 442
887 450
887 482
887 484
887 550
887 614
887 696
887 720
887 878
887 961
888 40
888 62
888 135
888 153
888 277
888 364
888 411
888 448
888 582
888 595
888 647
888 780
888 791
888 806
888 832
888 842
888 924
889 91
889 210
889 244
889 332
889 360
889 600
889 616
889 729
889 834
889 838
889 861
890 10
890 200
890 280
890 297
890 312
890 393
890 533
890 565
890 663
890 671
890 683
890 786
890 850
890 855
891 51
891 52
891 203
891 341
891 596
891 603
891 819
892 101
892 443
892 762
892 808
892 814
892 865
892 912
893 26
893 37
893 53
893 137
893 190
893 325
893 457
893 829
893 935
893 974
894 104
894 209
894 241
894 290
894 367
894 596
894 712
894 806
894 874
894 990
895 118
895 215
895 359
895 410
895 522
895 620
895 634
895 732
895 760
895 849
895 933
895 941
895 997
896 107
896 679
897 20
897 128
897 138
897 424
897 489
897 537
897 659
897 676
897 834
897 872
898 207
898 308
898 476
898 565
898 582
898 585
898 655
898 833
899 258
899 336
899 376
899 422
899 470
900 12
900 24
900 81
900 207
900 257
900 271
900 395
900 535
900 714
900 775
900 803
900 826
900 901
900 920
900 981
901 128
901 204
901 278
901 289
901 439
901 587
901 660
901 679
901 871
902 34
902 300
902 330
902 376
902 427
902 665
902 731
902 844
902 887
902 898
902 932
902 982
903 0
903 212
903 481
903 517
903 568
903 989
904 64
904 159
904 178
904 265
904 275
904 315
904 359
904 416
904 548
904 906
904 987
905 22
905 410
905 432
905 471
905 485
905 506
905 691
905 694
905 910
905 987
906 83
906 212
906 460
906 480
906 526
906 700
906 762
906 771
906 812
906 833
906 856
906 891
906 946
906 951
906 967
906 978
907 85
907 101
907 108
907 286
907 340
907 399
907 458
907 485
907 530
907 650
907 752
907 768
907 789
907 884
908 5
908 100
908 217
908 320
908 390
908 415
908 437
908 465
908 466
908 671
908 689
908 706
908 829
908 899
908 947
908 980
909 315
909 374
909 612
909 638
909 644
909 752
909 940
909 949
909 962
910 20
910 145
910 189
910 195
910 228
910 267
910 480
910 695
910 710
910 959
911 44
911 135
911 792
911 843
911 977
912 256
912 314
912 359
912 361
912 454
912 462
912 505
912 643
912 708
912 764
913 3
913 19
913 44
913 345
913 367
913 590
913 627
913 660
913 698
913 837
913 923
914 32
914 94
914 289
914 598
914 651
914 848
914 880
914 895
915 129
915 156
915 329
915 404
915 614
915 723
915 973
916 238
916 271
916 340
916 345
916 554
916 820
916 978
917 92
917 158
917 259
917 289
917 404
917 542
917 659
917 667
917 775
917 844
917 851
917 876
917 953
918 74
918 201
918 342
918 446
918 529
918 595
918 755
918 953
919 32
919 107
919 145
919 446
919 465
919 598
919 950
920 38
920 70
920 92
920 177
920 310
920 366
920 406
920 570
921 341
921 568
921 649
921 716
921 765
921 872
921 888
921 958
921 967
922 29
922 101
922 140
922 226
922 291
922 312
922 417
922 455
922 472
922 516
922 581
922 753
922 894
922 895
922 913
922 926
922 950
922 991
923 123
923 182
923 203
923 274
923 303
923 530
923 629
923 678
923 745
923 821
923 831
923 986
924 233
924 264
924 345
924 371
924 570
924 645
924 654
924 720
924 801
924 813
924 900
925 170
925 255
925 303
925 460
925 485
925 549
925 633
925 703
925 928
925 985
926 88
926 199
926 216
926 251
926 461
926 528
926 583
926 589
926 896
926 959
927 101
927 239
927 387
927 555
927 640
927 675
927 863
927 890
928 21
928 442
928 520
928 547
928 564
928 631
928 699
928 750
928 867
928 908
928 984
929 235
929 388
929 458
929 480
929 579
929 630
929 641
929 688
929 779
929 899
929 982
930 297
930 303
930 413
930 653
930 743
930 756
930 773
930 855
930 931
930 932
931 57
931 244
931 293
931 420
931 446
931 578
931 984
932 140
932 225
932 229
932 299
932 540
932 563
932 649
932 873
932 989
933 49
933 195
933 223
933 255
933 366
933 441
933 604
933 689
933 823
934 93
934 173
934 345
934 417
934 478
934 524
934 550
934 711
935 22
935 191
935 468
935 560
935 830
935 846
935 867
936 15
936 23
936 42
936 348
936 378
936 574
936 593
936 696
936 730
936 750
936 878
936 930
937 7
937 39
937 98
937 143
937 224
937 233
937 236
937 244
937 323
937 472
937 485
937 558
937 583
937 672
937 858
938 100
938 122
938 157
938 267
938 270
938 404
938 642
938 645
938 791
938 925
939 31
939 54
939 155
939 305
939 395
939 460
939 514
939 627
939 650
939 671
939 692
939 735
939 769
940 330
940 460
940 480
940 595
940 676
940 745
940 989
940 994
941 360
941 661
941 736
941 927
941 935
941 976
942 127
942 178
942 197
942 416
942 640
942 647
942 676
942 851
942 878
943 149
943 207
943 318
943 473
943 645
943 715
943 835
943 868
943 989
943 994
944 33
944 130
944 303
944 345
944 358
944 396
944 475
944 496
944 641
944 705
944 710
944 768
944 828
944 908
945 118
945 139
945 441
945 636
945 695
945 731
945 803
945 885
945 906
946 48
946 62
946 117
946 309
946 339
946 452
946 488
946 495
946 556
946 594
946 604
946 998
947 105
947 272
947 304
947 309
947 539
947 697
947 806
947 870
947 882
947 942
947 958
948 0
948 200
948 280
948 355
948 358
948 530
948 608
948 799
948 827
948 957
949 57
949 64
949 89
949 160
949 298
949 398
949 684
949 740
949 942
949 970
950 94
950 127
950 255
950 256
950 389
950 393
950 417
950 427
950 519
950 529
950 580
950 630
950 688
950 742
950 774
950 807
950 936
951 12
951 17
951 199
951 212
951 278
951 321
951 351
951 382
951 545
951 703
951 894
952 48
952 68
952 106
952 116
952 184
952 192
952 267
952 835
952 880
952 908
952 974
953 2
953 557
953 604
953 648
953 679
953 722
953 789
953 855
953 994
954 182
954 210
954 230
954 314
954 447
954 535
954 800
955 4
955 16
955 73
955 91
955 185
955 188
955 195
955 236
955 272
955 291
955 321
955 464
955 596
955 676
955 881
955 924
955 946
956 182
956 229
956 343
956 357
956 491
956 586
956 630
956 762
956 780
956 915
956 954
957 36
957 46
957 274
957 405
957 523
957 624
957 681
957 724
957 742
957 821
957 835
957 882
958 158
958 162
958 188
958 281
958 398
958 491
958 547
958 555
958 705
958 812
959 135
959 162
959 383
959 505
959 559
959 579
959 744
959 750
959 810
960 56
960 79
960 108
960 259
960 369
960 568
960 709
960 794
960 814
961 236
961 240
961 275
961 406
961 434
961 551
961 591
961 761
961 829
961 956
961 995
962 119
962 228
962 658
962 666
962 759
962 852
962 949
963 33
963 110
963 138
963 179
963 219
963 260
963 270
963 361
963 603
963 744
963 992
964 71
964 174
964 175
964 211
964 377
964 503
964 668
964 696
964 767
964 788
964 976
965 7
965 9
965 126
965 151
965 276
965 295
965 298
965 323
965 648
965 717
965 817
965 821
965 902
965 989
966 256
966 313
966 585
966 743
966 759
966 765
966 812
966 835
966 843
966 860
966 902
967 43
967 383
967 507
967 767
967 811
967 878
967 969
968 56
968 75
968 89
968 293
968 298
968 456
968 560
968 794
969 6
969 149
969 283
969 302
969 321
969 322
969 337
969 436
969 489
969 558
969 702
969 754
969 777
969 785
969 787
969 799
969 804
969 859
970 258
970 275
970 449
970 455
970 470
970 614
970 638
970 881
971 57
971 227
971 260
971 385
971 614
972 254
972 452
972 470
972 509
972 598
972 687
972 735
972 873
973 14
973 349
973 393
973 411
973 412
973 452
973 520
973 628
973 639
973 881
973 937
974 5
974 7
974 155
974 312
974 399
974 426
974 576
974 681
974 958
975 28
975 125
975 187
975 467
975 561
975 607
975 623
975 633
975 678
975 951
976 6
976 40
976 43
976 74
976 271
976 330
976 378
976 616
976 683
976 691
976 863
977 21
977 99
977 162
977 308
977 315
977 440
977 513
977 584
977 871
977 989
978 8
978 55
978 75
978 117
978 179
978 334
978 373
978 434
978 479
978 511
978 527
978 548
978 830
978 834
978 883
979 22
979 129
979 141
979 168
979 173
979 254
979 290
979 307
979 314
979 492
979 604
979 627
979 678
979 754
979 822
979 879
979 944
980 79
980 221
980 238
980 241
980 268
980 293
980 560
980 565
980 601
980 744
980 785
981 2
981 3
981 210
981 260
981 264
981 279
981 354
981 480
981 618
981 718
981 749
981 765
981 886
981 917
981 975
982 48
982 123
982 331
982 531
983 5
983 8
983 93
983 157
983 176
983 253
983 458
983 538
983 577
983 582
983 794
983 833
983 986
984 4
984 61
984 69
984 182
984 192
984 265
984 308
984 339
984 366
984 465
984 474
984 569
984 595
984 634
984 644
984 997
985 48
985 139
985 182
985 280
985 519
985 529
985 941
985 948
986 2
986 432
986 629
986 737
986 783
986 885
987 61
987 63
987 89
987 266
987 405
987 459
987 486
987 603
987 733
987 832
987 888
988 122
988 180
988 253
988 274
988 348
988 375
988 392
988 443
988 809
988 842
989 5
989 145
989 201
989 279
989 872
990 190
990 308
990 423
990 562
990 780
990 902
990 957
991 94
991 154
991 160
991 398
991 438
991 528
991 688
991 833
991 910
991 973
992 246
992 253
992 279
992 287
992 460
992 554
992 561
992 706
992 895
993 44
993 133
993 180
993 327
993 398
993 621
993 698
993 738
993 747
994 22
994 96
994 104
994 286
994 498
994 501
994 511
994 577
994 848
994 970
995 27
995 82
995 282
995 315
995 362
995 530
995 561
995 613
995 737
995 739
995 843
995 963
995 972
996 186
996 327
996 426
996 564
996 577
996 731
996 775
996 880
996 950
997 455
998 96
998 152
998 445
998 695
998 711
998 716
998 748
998 751
998 776
998 873
998 913
998 946
999 169
999 260
999 290
999 358
999 583
999 698
999 780
999 824
999 975
