0 12
0 50
0 280
0 345
0 554
0 618
0 685
0 826
0 878
0 991
0 995
1 50
1 179
1 193
1 640
1 730
1 766
1 921
1 964
1 992
2 94
2 295
2 317
2 361
2 398
2 519
2 637
2 709
2 723
2 804
3 135
3 201
3 202
3 518
3 653
3 831
4 109
4 219
4 490
4 532
4 579
4 587
4 595
4 638
5 40
5 108
5 182
5 207
5 362
5 414
5 481
5 499
5 547
5 645
5 781
6 66
6 128
6 151
6 195
6 273
6 395
6 704
6 733
6 835
7 90
7 340
7 403
7 405
7 408
7 714
7 715
7 746
7 814
7 927
8 409
8 422
8 455
8 520
8 734
8 844
9 57
9 458
9 615
9 902
9 940
9 951
9 989
10 191
10 279
10 368
10 523
10 580
10 663
10 898
10 905
11 178
11 187
11 531
11 593
11 632
11 873
11 987
12 56
12 384
12 454
12 583
12 909
13 57
13 61
13 89
13 189
13 232
13 383
13 460
13 483
13 565
13 612
13 702
13 742
13 769
13 774
13 927
13 949
13 993
14 19
14 157
14 249
14 351
14 395
14 413
14 491
14 680
14 845
15 16
15 18
15 249
15 367
15 383
15 735
15 796
15 831
15 835
15 856
15 881
16 18
16 26
16 290
16 316
16 318
16 320
16 394
16 489
16 599
16 654
16 712
16 750
16 868
16 897
16 907
16 951
17 25
17 128
17 337
17 699
17 737
17 766
18 38
18 95
18 164
18 227
18 230
18 265
18 313
18 756
18 922
19 55
19 337
19 385
19 491
19 514
19 673
19 695
19 768
19 808
19 897
19 932
20 25
20 27
20 43
20 87
20 290
20 368
20 401
20 471
20 491
20 517
20 530
20 563
20 576
20 577
20 663
20 962
20 981
21 15
21 82
21 91
21 122
21 292
21 399
21 441
21 527
21 665
21 827
21 841
21 886
21 908
21 959
22 535
22 552
22 588
22 629
22 661
22 825
23 13
23 331
23 384
23 393
23 409
23 668
23 683
23 843
23 916
24 97
24 199
24 308
24 323
24 417
24 432
24 631
24 710
24 944
25 298
25 323
25 502
25 603
25 723
25 749
25 874
25 879
25 886
25 928
25 952
26 260
26 282
26 391
26 398
26 416
26 568
26 602
26 723
26 761
26 837
26 843
26 854
26 955
27 33
27 71
27 151
27 354
27 363
27 452
27 555
27 654
27 811
28 75
28 197
28 360
28 401
28 463
28 535
28 586
28 939
29 48
29 67
29 482
29 529
29 631
29 677
30 142
30 305
30 355
30 482
30 503
30 560
30 732
30 748
30 772
30 818
30 956
30 973
31 30
31 68
31 119
31 134
31 189
31 298
31 299
31 430
31 535
31 911
31 976
31 990
32 104
32 130
32 139
32 154
32 257
32 465
32 475
32 577
33 120
33 137
33 174
33 281
33 374
33 375
33 382
33 448
33 586
33 604
33 619
33 751
33 756
33 779
33 885
33 950
34 21
34 173
34 213
34 260
34 715
35 326
35 344
35 476
35 592
35 627
36 144
36 156
36 365
36 376
36 383
36 536
36 654
36 807
36 890
36 891
36 931
37 106
37 213
37 263
37 295
37 342
37 487
37 769
37 870
37 934
38 42
38 98
38 521
38 676
38 748
38 785
38 916
38 954
39 319
39 524
39 629
39 668
39 672
39 733
39 961
39 970
40 23
40 137
40 245
40 431
40 512
40 549
40 731
40 874
40 955
41 416
41 669
41 679
41 825
41 949
41 979
42 148
42 186
42 230
42 312
42 364
42 424
42 451
42 561
42 587
42 593
42 749
42 825
42 906
43 4
43 53
43 227
43 240
43 350
43 448
43 654
43 670
43 772
43 955
44 10
44 56
44 113
44 242
44 294
44 474
44 757
45 186
45 286
45 311
45 331
45 424
45 442
45 478
45 524
45 542
45 555
45 732
45 903
45 974
46 176
46 283
46 341
46 500
46 518
46 525
46 609
46 618
46 915
46 957
46 988
46 997
47 52
47 111
47 262
47 286
47 489
47 533
47 657
47 680
47 693
47 973
48 15
48 90
48 113
48 279
48 318
48 434
48 482
48 488
48 504
48 606
48 719
48 775
48 839
48 901
48 905
49 60
49 112
49 148
49 319
49 470
49 645
49 843
49 921
49 999
50 77
50 149
50 151
50 165
50 288
50 499
50 767
50 838
51 253
51 415
51 452
51 541
51 588
51 701
51 718
52 68
52 184
52 287
52 390
52 726
52 755
52 794
52 872
52 898
53 84
53 506
53 652
53 665
53 783
53 885
53 919
53 932
54 112
54 320
54 389
54 796
54 984
55 74
55 238
55 510
55 557
55 560
55 618
55 908
55 930
55 962
56 25
56 412
56 548
56 659
56 736
56 829
56 948
57 56
57 123
57 161
57 260
57 425
57 460
57 484
57 620
57 667
57 685
57 713
57 720
57 885
58 19
58 167
58 191
58 237
58 282
58 301
58 363
58 405
58 498
58 728
58 753
58 952
59 4
59 243
59 267
59 460
59 547
59 661
59 687
59 798
59 982
60 432
60 542
60 603
60 666
60 729
60 789
60 790
60 800
60 921
61 144
61 615
61 622
61 675
61 707
61 857
62 107
62 221
62 270
62 282
62 358
62 380
62 702
62 901
63 97
63 150
63 180
63 477
63 555
63 647
63 738
63 805
63 852
63 914
64 5
64 106
64 178
64 251
64 288
64 298
64 384
64 505
64 543
64 888
65 31
65 52
65 143
65 155
65 222
65 458
65 516
65 531
65 555
65 575
65 875
65 945
65 950
66 196
66 219
66 231
66 267
66 317
66 364
66 612
66 613
66 722
67 26
67 131
67 201
67 234
67 355
67 492
67 575
67 577
67 882
67 924
68 63
68 142
68 236
68 264
68 306
68 313
68 375
68 515
68 551
68 578
68 634
68 659
68 767
68 872
68 983
69 0
69 108
69 181
69 190
69 216
69 393
69 550
69 671
69 778
69 861
69 882
69 890
70 25
70 79
70 281
70 346
70 366
70 394
70 548
70 619
70 869
70 897
70 946
71 74
71 84
71 130
71 214
71 263
71 334
71 416
71 418
71 420
71 438
71 586
71 705
71 899
71 936
72 148
72 180
72 537
72 601
72 736
72 836
72 928
72 974
73 30
73 57
73 191
73 233
73 547
73 687
73 749
74 35
74 108
74 219
74 448
74 457
74 508
74 609
74 637
74 809
74 859
74 916
75 46
75 56
75 70
75 91
75 145
75 216
75 308
75 329
75 535
75 588
75 808
75 841
75 902
75 983
76 136
76 396
76 497
76 535
76 760
76 855
76 890
76 934
76 996
77 15
77 184
77 216
77 285
77 368
77 518
77 530
77 554
77 564
77 574
78 75
78 202
78 233
78 242
78 363
78 388
78 398
78 465
78 480
78 557
78 706
78 840
78 901
79 24
79 73
79 141
79 193
79 317
79 349
79 447
79 450
79 657
79 709
79 934
80 56
80 131
80 356
80 491
80 512
80 660
80 666
80 712
80 787
80 803
80 946
81 94
81 102
81 140
81 441
81 507
81 511
81 625
81 665
81 673
82 46
82 126
82 132
82 194
82 281
82 282
82 439
82 466
82 485
82 496
82 556
82 600
82 745
82 798
82 821
82 848
82 932
83 172
83 382
83 495
83 531
83 603
83 670
83 747
83 756
83 789
83 985
84 64
84 173
84 177
84 273
84 292
84 311
84 319
84 420
84 447
84 561
84 684
84 833
84 858
85 44
85 88
85 129
85 307
85 393
85 545
85 825
85 924
86 268
86 354
86 367
86 372
86 383
86 397
86 712
86 734
86 753
86 780
86 828
87 171
87 274
87 275
87 279
87 579
87 789
87 930
87 976
88 97
88 271
88 379
88 458
88 551
88 821
89 21
89 28
89 275
89 334
89 381
89 407
89 455
89 616
89 690
89 706
89 768
89 793
90 6
90 144
90 268
90 391
90 429
90 545
90 607
90 912
90 966
91 81
91 175
91 333
91 344
91 491
91 503
91 515
91 562
91 736
91 826
91 944
91 947
92 30
92 60
92 93
92 132
92 137
92 440
92 537
92 539
92 684
92 706
92 729
92 774
92 800
92 881
93 16
93 117
93 197
93 362
93 370
93 450
93 529
93 595
93 789
93 792
93 813
93 980
94 274
94 579
94 585
94 631
94 673
94 703
94 716
94 752
94 759
94 792
94 866
94 925
94 967
95 77
95 195
95 486
95 502
95 588
95 697
95 788
95 887
96 153
96 471
96 614
96 690
96 938
97 60
97 76
97 170
97 245
97 256
97 324
97 392
97 403
97 430
97 448
97 556
97 631
97 769
98 9
98 79
98 112
98 199
98 229
98 485
98 580
98 686
98 699
98 947
99 52
99 77
99 135
99 216
99 349
99 435
99 506
99 598
99 673
99 688
99 905
100 89
100 171
100 247
100 267
100 453
100 483
100 573
100 900
100 975
101 233
101 239
101 272
101 303
101 537
101 642
101 711
101 787
101 868
102 111
102 143
102 325
102 364
102 416
102 423
102 504
102 600
102 751
102 830
102 952
103 40
103 72
103 172
103 352
103 660
103 679
103 823
104 42
104 187
104 254
104 293
104 426
104 431
104 433
104 483
104 643
104 655
104 725
104 818
104 924
105 132
105 194
105 208
105 449
105 508
105 547
105 709
105 903
105 955
105 989
106 21
106 123
106 148
106 198
106 449
106 467
106 501
106 603
106 728
106 904
106 951
107 33
107 179
107 193
107 352
107 512
107 582
107 726
107 733
107 766
107 808
107 818
107 822
107 855
107 937
107 956
107 975
107 982
107 994
108 29
108 81
108 323
108 330
108 338
108 583
108 645
108 707
108 732
108 759
108 850
109 36
109 60
109 136
109 184
109 199
109 247
109 334
109 343
109 477
109 555
109 629
109 755
109 978
110 247
110 332
110 461
110 587
110 631
110 783
110 803
110 834
111 46
111 141
111 362
111 769
111 804
111 815
111 824
111 859
111 927
111 950
112 407
112 437
112 471
112 524
112 703
112 771
112 890
113 108
113 201
113 500
113 584
113 602
113 744
113 774
113 889
113 911
114 213
114 297
114 465
114 614
114 658
114 753
114 803
115 21
115 131
115 354
115 495
115 651
115 726
115 743
115 766
115 828
115 906
115 908
116 57
116 190
116 368
116 500
116 544
116 573
116 911
116 943
116 961
116 985
117 8
117 38
117 106
117 171
117 327
117 490
117 610
117 631
117 707
117 724
117 865
117 866
117 905
118 22
118 30
118 68
118 120
118 138
118 169
118 346
118 348
118 793
118 897
119 96
119 343
119 374
119 447
119 482
119 509
119 596
119 602
119 792
119 797
119 818
119 889
119 997
120 17
120 67
120 327
120 345
120 402
120 549
120 729
120 813
120 814
120 839
121 23
121 236
121 248
121 287
121 502
121 586
121 678
122 119
122 195
122 248
122 376
122 556
122 856
122 876
122 901
122 996
123 4
123 32
123 112
123 382
123 428
123 600
123 620
123 780
123 849
123 943
124 98
124 149
124 267
124 272
124 323
124 332
124 368
124 571
124 698
124 802
124 865
124 958
124 997
125 28
125 281
125 448
125 526
125 567
125 597
125 700
126 275
126 380
126 381
126 522
126 544
126 693
126 696
126 848
126 872
126 918
126 922
126 930
127 360
127 596
127 901
127 929
128 16
128 77
128 225
128 242
128 273
128 290
128 297
128 529
128 666
128 755
128 883
128 893
129 5
129 99
129 239
129 281
129 610
129 782
129 855
129 946
130 35
130 68
130 90
130 122
130 151
130 296
130 325
130 422
130 632
130 698
130 811
130 858
130 902
131 103
131 287
131 310
131 861
131 879
131 904
131 910
132 74
132 587
132 630
132 787
132 855
132 953
133 36
133 69
133 84
133 95
133 199
133 315
133 498
133 832
134 201
134 409
134 414
134 486
134 496
134 506
134 522
134 640
134 776
135 169
135 170
135 218
135 631
135 676
135 849
135 859
135 971
136 23
136 203
136 255
136 261
136 318
136 332
136 423
136 508
136 548
136 587
136 767
136 974
137 32
137 229
137 432
137 563
137 770
137 910
138 90
138 141
138 195
138 419
138 561
138 740
138 951
139 26
139 62
139 125
139 148
139 150
139 410
139 555
139 577
139 667
139 724
139 814
139 950
139 958
140 62
140 90
140 165
140 196
140 206
140 236
140 520
140 774
140 798
140 953
141 0
141 108
141 134
141 152
141 180
141 300
141 328
141 333
141 458
141 490
141 593
141 617
141 841
141 897
142 299
142 334
142 479
142 507
142 686
142 704
142 761
142 883
142 894
142 911
142 960
143 66
143 269
143 614
143 689
143 727
143 802
143 831
144 57
144 65
144 187
144 266
144 384
144 461
144 585
144 788
144 804
144 825
144 861
144 913
144 952
145 67
145 235
145 262
145 473
145 649
145 935
145 993
146 66
146 131
146 194
146 306
146 506
146 560
146 598
146 617
146 662
146 672
146 785
146 842
146 970
147 210
147 380
147 448
147 550
147 567
147 601
147 616
147 703
147 937
147 972
148 63
148 83
148 307
148 378
148 445
148 621
148 658
148 746
148 766
148 812
148 838
149 108
149 166
149 168
149 208
149 221
149 647
149 728
149 926
149 968
149 981
150 159
150 174
150 283
150 392
150 655
150 673
150 687
151 188
151 244
151 457
151 489
151 708
151 752
151 858
152 147
152 149
152 254
152 346
152 429
152 437
152 481
152 624
153 51
153 70
153 243
153 352
153 416
153 455
153 874
154 25
154 202
154 327
154 373
154 437
154 937
154 996
155 4
155 91
155 164
155 184
155 422
155 615
155 647
155 650
155 705
155 748
155 870
156 98
156 99
156 211
156 392
156 681
156 755
156 813
157 255
157 387
157 431
157 482
157 567
157 687
157 700
157 813
157 836
157 842
157 984
158 6
158 26
158 139
158 321
158 379
158 457
158 640
158 752
158 831
158 868
158 937
158 976
159 33
159 206
159 402
159 438
159 489
159 657
159 872
160 85
160 144
160 196
160 206
160 232
160 508
160 578
160 679
161 97
161 109
161 188
161 517
161 571
161 800
161 838
161 896
162 7
162 155
162 315
162 427
162 437
162 474
162 577
162 605
162 780
162 788
162 825
162 843
162 901
162 974
163 96
163 205
163 267
163 348
163 376
163 544
163 557
163 564
163 671
163 824
163 828
163 853
163 915
163 951
163 977
164 128
164 743
164 751
164 788
164 895
165 20
165 36
165 49
165 65
165 69
165 108
165 119
165 184
165 287
165 336
165 347
165 504
165 516
165 704
165 867
166 31
166 219
166 460
166 463
166 551
166 615
166 657
166 662
166 672
166 784
167 76
167 129
167 201
167 220
167 345
167 356
167 457
167 811
167 847
167 855
167 988
167 992
168 36
168 93
168 124
168 135
168 273
168 435
168 443
168 589
168 658
168 707
168 845
169 301
169 375
169 448
169 589
169 629
169 738
169 743
169 747
169 832
169 836
169 844
169 858
169 874
169 958
169 981
170 28
170 113
170 163
170 194
170 216
170 277
170 344
170 373
170 473
170 571
170 604
170 605
170 615
170 625
170 635
170 701
170 709
170 723
170 831
170 832
170 872
171 18
171 78
171 145
171 174
171 673
171 699
171 954
172 64
172 75
172 85
172 185
172 219
172 236
172 238
172 253
172 272
172 349
172 386
172 464
172 647
172 922
172 933
173 28
173 34
173 245
173 355
173 486
173 503
173 598
173 626
174 93
174 400
174 422
174 632
174 725
174 841
174 874
174 915
175 45
175 59
175 493
175 538
175 548
175 799
176 1
176 7
176 39
176 149
176 258
176 362
176 691
176 842
176 865
176 937
176 963
177 221
177 248
177 251
177 270
177 334
177 491
177 504
177 581
177 600
178 121
178 371
178 612
178 757
179 63
179 70
179 87
179 292
179 327
179 337
179 675
179 801
179 811
179 837
179 843
179 854
179 981
180 89
180 164
180 215
180 275
180 339
180 579
180 862
180 880
180 894
180 992
181 60
181 71
181 101
181 133
181 219
181 287
181 289
181 347
181 480
181 576
181 702
181 747
181 993
182 8
182 83
182 111
182 144
182 162
182 185
182 493
182 536
182 674
182 707
182 739
182 761
182 822
182 953
183 162
183 248
183 398
183 488
183 498
183 527
183 708
183 751
183 881
184 2
184 295
184 323
184 513
184 515
184 560
184 576
184 690
184 705
184 737
184 793
184 868
185 31
185 54
185 326
185 599
185 778
185 795
185 879
185 951
186 83
186 120
186 263
186 504
186 782
186 883
186 940
187 36
187 73
187 126
187 226
187 281
187 395
187 430
187 493
187 505
187 532
187 570
187 598
187 745
187 788
187 794
187 843
187 860
187 977
188 17
188 80
188 129
188 186
188 258
188 264
188 298
188 421
188 503
188 743
188 802
188 813
188 816
188 879
188 929
188 978
189 11
189 118
189 218
189 229
189 529
189 714
189 744
190 8
190 28
190 54
190 69
190 110
190 188
190 381
190 468
190 725
190 762
190 765
190 833
190 861
190 920
190 922
191 171
191 327
191 423
191 772
191 789
191 854
191 869
191 895
191 921
191 926
192 194
192 205
192 215
192 232
192 278
192 386
192 532
192 536
192 638
192 645
192 739
192 904
192 927
192 970
193 0
193 120
193 502
193 517
193 622
193 660
193 700
193 806
193 818
193 851
193 935
193 989
194 100
194 115
194 253
194 434
194 614
194 700
194 844
195 77
195 96
195 157
195 171
195 331
195 509
195 530
195 635
195 827
196 73
196 121
196 129
196 225
196 237
196 399
196 465
196 600
196 634
196 686
196 768
196 835
196 839
196 863
196 932
197 154
197 238
197 311
197 363
197 523
197 692
197 776
197 885
197 917
197 975
198 14
198 124
198 181
198 202
198 300
198 411
198 757
198 822
198 896
198 926
198 966
199 15
199 265
199 273
199 281
199 302
199 525
199 612
199 620
199 732
199 734
199 909
199 986
200 26
200 310
200 324
200 397
200 502
200 692
201 53
201 199
201 413
201 431
201 524
201 590
201 808
201 873
201 945
201 946
201 961
201 970
202 179
202 317
202 371
202 494
202 512
202 513
202 570
202 746
203 82
203 455
203 486
203 567
203 587
203 841
203 907
204 6
204 26
204 66
204 112
204 284
204 324
204 483
204 537
204 539
204 584
204 658
204 782
204 804
204 962
205 112
205 246
205 253
205 360
205 665
205 696
205 755
205 918
206 20
206 25
206 141
206 167
206 335
206 603
206 624
206 720
206 908
207 199
207 220
207 323
207 824
207 873
207 895
207 921
208 42
208 142
208 151
208 254
208 275
208 283
208 354
208 401
208 440
208 501
208 573
208 588
208 619
208 730
208 925
208 935
209 9
209 260
209 262
209 319
209 326
209 386
209 608
209 893
210 110
210 119
210 135
210 169
210 207
210 360
210 395
210 517
210 649
210 719
210 763
210 849
210 893
211 291
211 429
211 623
211 903
211 933
212 202
212 379
212 523
212 597
212 625
212 646
212 883
213 50
213 127
213 326
213 338
213 389
213 534
213 603
213 633
213 809
214 232
214 288
214 306
214 307
214 409
214 452
214 487
214 495
214 675
214 810
215 1
215 32
215 235
215 400
215 463
215 647
215 732
215 836
215 939
215 959
215 994
216 29
216 57
216 104
216 140
216 254
216 441
216 531
216 611
216 924
217 8
217 100
217 118
217 138
217 467
217 647
217 657
217 727
217 862
217 902
217 909
218 123
218 167
218 454
218 539
218 561
218 573
218 652
218 654
218 734
218 767
218 803
218 809
218 951
218 952
219 77
219 113
219 207
219 239
219 291
219 478
219 657
219 774
219 789
220 7
220 26
220 62
220 81
220 224
220 291
220 368
220 502
220 522
220 709
220 811
220 853
221 31
221 144
221 282
221 645
221 684
222 129
222 275
222 317
222 389
222 466
222 563
222 580
222 653
222 798
222 823
223 29
223 168
223 186
223 264
223 282
223 321
223 557
223 934
224 84
224 136
224 192
224 329
224 500
224 551
224 706
224 906
224 978
225 88
225 161
225 191
225 290
225 332
225 433
225 544
225 622
225 644
225 715
225 730
225 764
226 119
226 184
226 253
226 327
226 424
226 426
226 799
226 853
227 62
227 93
227 223
227 266
227 288
227 430
227 453
227 546
227 574
227 575
227 641
227 800
227 847
227 872
227 882
227 897
227 971
228 270
228 273
228 382
228 527
228 627
228 734
228 735
228 788
228 800
228 810
228 818
228 922
228 932
229 10
229 53
229 86
229 122
229 223
229 370
229 383
229 668
229 680
229 745
229 779
229 936
230 118
230 160
230 284
230 689
230 770
230 839
230 866
230 953
230 957
231 234
231 302
231 469
231 554
231 577
231 661
231 691
231 702
232 16
232 91
232 165
232 200
232 340
232 358
232 375
232 493
232 527
232 604
232 694
232 701
232 826
232 959
232 967
232 989
233 207
233 286
233 312
233 415
233 474
233 516
233 788
233 799
233 806
233 833
234 82
234 145
234 268
234 282
234 483
234 557
234 629
234 695
234 749
234 827
234 964
235 21
235 60
235 128
235 212
235 455
235 608
235 609
235 715
235 717
236 4
236 103
236 201
236 237
236 331
236 668
236 677
236 867
236 913
237 109
237 164
237 361
237 478
237 487
237 684
237 946
237 972
237 994
238 51
238 243
238 259
238 310
238 346
238 527
238 588
238 639
238 837
239 121
239 218
239 460
239 676
239 768
239 779
239 790
240 25
240 260
240 267
240 300
240 478
240 717
240 754
240 817
240 820
240 844
241 57
241 119
241 286
241 418
241 484
241 490
241 564
241 768
241 788
241 836
241 862
241 885
241 989
242 7
242 58
242 104
242 125
242 141
242 186
242 238
242 251
242 266
242 331
242 496
242 809
242 839
242 934
243 34
243 84
243 104
243 219
243 250
243 571
243 590
243 661
243 778
243 930
244 6
244 30
244 203
244 626
244 680
244 720
244 814
244 880
244 959
245 10
245 184
245 191
245 330
245 339
245 653
245 658
245 691
245 760
245 846
245 987
246 10
246 211
246 230
246 269
246 282
246 510
246 527
246 609
246 664
246 666
246 670
246 674
246 695
246 756
246 838
246 859
246 942
247 79
247 99
247 104
247 131
247 137
247 266
247 276
247 463
247 617
247 840
248 5
248 153
248 188
248 199
248 249
248 267
248 302
248 393
248 546
248 675
248 706
248 934
248 942
248 944
248 991
249 60
249 277
249 413
249 415
249 522
249 566
249 686
249 887
249 996
250 55
250 169
250 239
250 330
250 389
250 424
250 811
250 830
251 154
251 267
251 446
251 964
252 249
252 369
252 399
252 462
252 678
253 103
253 223
253 296
253 645
253 834
253 858
254 44
254 99
254 428
254 553
254 575
254 666
254 860
255 29
255 132
255 199
255 209
255 238
255 257
255 397
255 398
255 450
255 482
255 505
255 507
255 581
255 658
255 807
255 942
255 965
256 87
256 620
256 651
256 849
256 857
257 432
257 723
258 50
258 154
258 367
258 371
258 598
258 753
258 787
258 788
258 893
259 3
259 277
259 326
259 444
259 522
259 546
259 592
259 611
259 996
260 12
260 356
260 406
260 411
260 445
260 669
260 731
260 799
260 813
260 891
260 912
260 925
260 953
260 981
261 94
261 139
261 417
261 665
261 721
261 755
261 781
261 803
261 907
261 924
261 943
261 966
262 83
262 542
262 554
262 786
262 814
262 953
263 54
263 583
263 690
263 773
263 797
264 148
264 202
264 233
264 365
264 469
264 504
264 516
265 249
265 410
265 719
265 809
265 854
265 916
266 61
266 182
266 441
266 715
266 716
266 803
266 905
266 909
267 195
267 324
267 360
267 391
267 445
267 528
267 576
267 613
267 903
267 975
268 251
268 286
268 324
268 631
268 923
268 949
268 967
269 246
269 312
269 335
269 630
269 640
269 779
269 940
270 21
270 23
270 105
270 138
270 154
270 255
270 534
270 775
270 865
271 347
271 522
271 627
271 675
271 835
271 850
271 890
271 945
272 8
272 143
272 383
272 490
272 491
272 684
272 792
273 151
273 177
273 429
273 540
273 673
273 801
273 851
273 864
274 46
274 81
274 123
274 159
274 181
274 266
274 381
274 491
274 631
274 744
274 869
274 906
274 977
275 102
275 238
275 301
275 345
275 465
275 566
275 579
275 612
275 660
275 783
275 841
275 872
276 31
276 213
276 268
276 291
276 329
276 330
276 345
276 351
276 485
276 640
276 651
276 832
276 986
277 300
277 589
277 614
277 623
277 645
277 845
277 895
277 930
278 22
278 69
278 166
278 199
278 280
278 317
278 370
278 408
278 442
278 543
278 571
278 572
278 591
278 652
278 710
278 859
278 898
278 951
279 90
279 277
279 282
279 361
279 433
279 796
279 944
279 968
280 40
280 428
280 457
280 515
280 673
280 707
280 744
280 748
280 836
280 929
280 975
281 239
281 240
281 279
281 341
281 354
281 361
281 374
281 403
281 575
281 746
281 821
281 950
282 274
282 400
282 718
282 829
282 853
282 893
283 193
283 386
283 443
283 457
283 513
283 584
283 614
283 733
283 750
283 761
283 767
283 868
284 177
284 544
284 782
284 815
284 972
284 981
285 100
285 126
285 148
285 169
285 221
285 223
285 234
285 274
285 448
285 490
285 520
285 542
285 623
285 640
285 871
285 893
285 972
285 998
286 120
286 182
286 285
286 425
286 427
286 431
286 456
286 506
286 524
286 532
286 737
286 949
287 95
287 105
287 142
287 249
287 261
287 375
287 398
287 400
287 411
287 446
287 495
287 681
287 696
287 802
287 818
287 918
288 159
288 401
288 437
288 439
288 445
288 543
288 654
288 682
288 879
288 919
288 986
289 110
289 251
289 321
289 394
289 449
289 454
289 494
289 517
289 563
289 569
289 618
289 633
289 779
289 809
289 845
289 889
289 988
290 54
290 117
290 228
290 248
290 411
290 452
290 601
290 612
290 703
290 835
291 162
291 303
291 428
291 639
291 682
292 106
292 157
292 297
292 324
292 387
292 405
292 469
292 654
292 668
292 792
292 985
293 8
293 347
293 427
293 501
293 567
293 876
293 891
294 82
294 352
294 470
294 491
294 544
294 640
294 710
294 734
294 756
294 793
295 12
295 164
295 296
295 517
295 545
295 781
295 835
295 844
295 882
295 952
296 153
296 159
296 267
296 410
296 439
296 619
296 688
296 878
297 19
297 113
297 213
297 506
297 757
297 852
298 15
298 79
298 104
298 325
298 373
298 413
298 418
298 428
298 546
298 627
298 756
298 873
299 436
299 697
299 836
300 21
300 92
300 317
300 473
300 592
300 615
300 787
300 867
300 960
301 31
301 404
301 548
302 46
302 504
302 633
302 651
302 759
302 968
303 0
303 124
303 217
303 299
303 461
303 488
303 509
303 706
303 772
303 868
303 932
304 138
304 139
304 281
304 372
304 512
304 798
304 799
304 884
305 39
305 79
305 127
305 227
305 247
305 283
305 342
305 752
305 796
305 825
305 894
305 901
306 634
306 650
306 695
306 710
306 787
306 962
307 2
307 150
307 209
307 221
307 222
307 243
307 322
307 495
307 652
307 735
307 913
307 919
308 23
308 175
308 229
308 237
308 285
308 546
308 823
308 847
308 862
308 916
308 917
309 9
309 74
309 99
309 230
309 238
309 443
309 458
309 598
309 655
309 681
309 989
309 994
310 58
310 207
310 274
310 422
310 507
310 995
311 11
311 74
311 160
311 243
311 354
311 454
311 471
311 496
311 554
311 731
311 877
311 915
311 966
312 234
312 372
312 439
312 673
312 779
312 795
312 813
313 5
313 75
313 195
313 532
313 578
313 909
313 986
314 63
314 109
314 157
314 342
314 383
314 464
314 627
314 642
314 678
314 690
314 703
314 725
314 913
314 938
314 989
315 74
315 99
315 174
315 267
315 269
315 370
315 437
315 724
315 748
315 841
315 848
315 890
316 92
316 98
316 180
316 213
316 411
316 419
316 470
316 506
316 519
316 696
316 731
317 124
317 159
317 181
317 248
317 318
317 428
317 554
317 678
317 728
317 915
317 918
318 178
318 179
318 277
318 320
318 372
318 632
318 715
318 734
318 817
318 870
319 84
319 444
319 485
319 546
319 719
319 824
319 846
320 2
320 118
320 235
320 240
320 422
320 545
320 616
320 659
320 676
320 682
321 76
321 259
321 368
321 515
321 520
321 892
321 934
322 259
322 263
322 315
322 518
322 846
322 849
322 947
322 974
323 28
323 34
323 88
323 110
323 186
323 336
323 522
323 526
323 629
323 648
323 666
323 701
323 747
323 870
324 14
324 77
324 126
324 202
324 285
324 299
324 305
324 312
324 338
324 352
324 384
324 490
324 534
324 637
324 641
324 717
324 779
325 61
325 760
325 924
326 40
326 71
326 195
326 198
326 450
326 628
326 660
326 697
326 745
326 869
326 936
327 1
327 117
327 168
327 238
327 241
327 271
327 452
327 472
327 478
327 654
327 695
328 25
328 56
328 135
328 305
328 365
328 756
329 130
329 195
329 241
329 303
329 318
329 408
329 464
329 563
329 646
329 674
329 687
329 688
329 733
329 821
330 52
330 80
330 157
330 241
330 322
330 427
330 449
330 547
330 568
330 739
331 79
331 238
331 277
331 357
331 446
331 479
331 483
331 539
331 578
331 818
331 931
331 999
332 35
332 226
332 298
332 310
332 373
332 396
332 406
332 451
332 473
332 557
332 802
332 804
332 853
333 109
333 197
333 284
333 306
333 380
333 520
333 673
333 688
333 691
333 706
333 842
333 968
334 134
334 144
334 328
334 362
334 521
334 603
334 612
334 651
334 768
334 816
334 885
334 928
334 969
335 34
335 77
335 83
335 126
335 173
335 247
335 269
335 369
335 502
335 530
335 595
335 867
335 970
335 995
336 210
336 359
336 472
336 665
336 669
336 688
336 825
336 870
336 909
336 915
336 996
337 167
337 168
337 311
337 316
337 380
337 382
337 390
337 423
337 545
337 584
337 667
337 791
337 819
338 109
338 166
338 329
338 476
338 478
338 676
338 767
338 772
338 862
338 871
338 943
338 958
339 80
339 113
339 199
339 262
339 347
339 726
339 846
339 952
339 971
340 22
340 34
340 81
340 137
340 156
340 211
340 217
340 229
340 298
340 322
340 370
340 455
340 473
340 475
340 484
340 500
340 503
340 655
340 720
340 752
340 782
340 970
340 989
341 95
341 184
341 262
341 336
341 511
341 602
341 615
341 711
341 741
341 818
341 988
342 79
342 174
342 251
342 699
342 793
342 831
342 908
342 924
343 19
343 29
343 158
343 275
343 283
343 407
343 419
343 511
343 572
343 635
343 663
343 716
343 807
343 856
343 865
343 868
343 997
344 122
344 142
344 483
344 508
344 595
344 793
344 909
345 10
345 145
345 260
345 450
345 496
345 527
345 658
345 675
345 750
345 836
345 997
346 56
346 66
346 198
346 269
346 399
346 441
346 638
346 807
346 823
347 28
347 153
347 154
347 176
347 228
347 310
347 420
347 423
347 456
347 492
347 553
347 592
347 600
347 630
347 693
347 707
347 838
347 949
347 955
348 43
348 86
348 182
348 209
348 251
348 276
348 301
348 396
348 406
348 443
348 694
348 866
349 110
349 161
349 336
349 367
349 381
349 445
349 594
349 742
349 775
349 820
349 948
350 345
350 549
350 566
350 720
350 750
350 755
350 906
351 40
351 231
351 241
351 293
351 298
351 299
351 306
351 471
351 485
351 622
351 914
351 951
352 385
352 494
352 502
352 568
352 737
352 760
352 849
353 152
353 233
353 299
353 493
353 626
353 634
354 20
354 37
354 47
354 53
354 83
354 217
354 290
354 317
354 342
354 665
354 671
354 756
354 799
354 968
354 984
354 987
355 86
355 212
355 306
355 560
355 693
355 896
356 126
356 241
356 268
356 385
356 442
356 740
356 826
356 899
356 942
356 976
357 0
357 122
357 307
357 385
357 418
357 566
357 678
357 757
357 846
357 869
357 936
357 964
357 976
358 180
358 217
358 268
358 451
358 456
358 775
358 877
359 157
359 256
359 374
359 630
359 658
359 698
360 66
360 336
360 754
360 875
360 892
360 933
361 25
361 50
361 205
361 211
361 496
361 567
361 772
361 778
361 832
362 222
362 246
362 298
362 316
362 555
362 627
362 652
362 697
362 998
363 74
363 117
363 249
363 279
363 302
363 385
363 480
363 505
363 569
363 748
363 752
363 879
364 104
364 199
364 216
364 227
364 271
364 357
364 679
364 689
364 733
364 780
365 110
365 271
365 358
365 423
365 558
365 719
366 0
366 208
366 332
366 564
366 599
366 629
366 770
366 789
366 816
367 62
367 75
367 89
367 269
367 422
367 427
367 599
367 617
367 962
367 985
367 993
368 96
368 170
368 181
368 261
368 303
368 311
368 334
368 499
368 609
368 675
368 692
368 695
368 703
368 759
368 768
368 871
368 967
369 47
369 111
369 191
369 244
369 291
369 328
369 374
369 402
369 620
369 622
369 775
369 811
370 28
370 132
370 265
370 957
371 139
371 235
371 358
371 570
371 620
371 705
371 751
371 850
372 164
372 270
372 301
372 330
372 370
372 459
372 504
372 703
372 720
372 751
372 882
372 948
372 960
373 80
373 90
373 223
373 360
373 419
373 660
373 883
374 4
374 314
374 393
374 528
374 545
374 577
374 600
374 617
374 732
374 852
374 868
374 943
374 962
375 209
375 328
375 379
375 509
376 25
376 269
376 502
376 516
376 805
376 834
377 19
377 29
377 431
377 480
377 510
377 526
377 711
377 735
377 884
377 886
377 894
377 959
378 29
378 157
378 221
378 374
378 415
378 868
378 871
378 945
379 60
379 149
379 222
379 244
379 276
379 288
379 317
379 341
379 359
379 544
379 723
379 796
379 843
379 966
380 35
380 40
380 78
380 151
380 234
380 236
380 293
380 501
380 550
380 556
380 631
380 715
380 792
380 797
380 860
380 867
380 881
380 951
381 128
381 176
381 199
381 351
381 414
381 475
381 518
381 609
381 696
381 775
381 929
381 945
381 972
381 986
382 4
382 229
382 307
382 452
382 478
382 493
382 502
382 689
382 806
382 868
383 124
383 178
383 226
383 318
383 480
383 574
383 776
383 798
384 61
384 151
384 277
384 541
384 616
385 179
385 199
385 202
385 280
385 436
385 473
385 534
385 782
385 868
386 4
386 64
386 289
386 316
386 402
386 548
386 652
386 716
386 733
386 792
386 828
386 844
386 990
387 17
387 92
387 147
387 329
387 607
387 664
387 755
387 771
388 157
388 183
388 191
388 356
388 413
388 490
388 508
388 594
388 796
388 804
388 870
388 960
389 51
389 153
389 171
389 205
389 227
389 299
389 301
389 470
389 629
389 712
389 838
389 873
389 904
390 162
390 255
390 260
390 330
390 677
390 810
390 829
390 867
390 966
391 111
391 179
391 264
391 424
391 443
391 503
391 512
391 547
391 606
391 718
391 795
391 816
391 934
391 935
391 968
391 972
392 27
392 77
392 102
392 249
392 266
392 275
392 296
392 465
392 690
392 777
392 802
392 894
393 25
393 49
393 122
393 397
393 485
393 517
393 529
393 692
393 735
393 919
394 47
394 69
394 83
394 149
394 324
394 459
394 573
394 722
394 724
395 23
395 198
395 245
395 507
395 561
395 608
396 25
396 78
396 523
396 528
396 580
396 782
396 819
396 860
396 917
397 2
397 108
397 133
397 243
397 414
397 524
397 585
397 696
397 809
398 533
398 565
398 584
398 704
398 724
398 988
399 69
399 146
399 224
399 348
399 419
399 574
399 667
399 891
399 959
399 974
400 9
400 111
400 208
400 271
400 272
400 300
400 312
400 404
400 519
400 538
400 565
400 583
400 605
400 692
400 752
400 878
400 918
401 84
401 249
401 307
401 319
401 542
401 588
401 661
401 740
401 758
401 856
401 979
401 981
401 993
402 48
402 53
402 75
402 93
402 98
402 213
402 242
402 264
402 280
402 519
402 548
402 602
402 791
403 56
403 59
403 117
403 326
403 471
403 663
403 736
403 840
403 960
403 995
404 111
404 167
404 231
404 590
404 810
404 832
405 145
405 509
405 629
405 670
405 873
405 955
405 971
405 976
405 979
406 177
406 178
406 291
406 311
406 473
406 561
406 663
407 92
407 113
407 262
407 317
407 454
407 521
407 573
407 603
407 605
407 606
407 633
407 988
408 0
408 3
408 6
408 10
408 61
408 91
408 368
408 375
408 497
408 551
408 612
408 732
408 964
409 103
409 386
409 445
409 516
409 533
409 539
409 543
409 654
409 799
409 993
410 85
410 108
410 324
410 590
410 608
410 622
410 715
410 760
410 810
410 951
411 50
411 64
411 122
411 309
411 328
411 422
411 567
411 862
411 864
412 217
412 291
412 297
412 332
412 453
412 500
412 586
412 602
412 604
412 619
412 765
412 841
412 886
412 902
412 952
413 46
413 190
413 271
413 396
413 455
413 458
413 578
413 648
413 878
413 926
413 928
414 49
414 73
414 114
414 115
414 122
414 161
414 613
414 632
414 882
414 965
415 163
415 265
415 452
415 643
415 670
415 680
415 733
416 15
416 147
416 161
416 251
416 319
416 899
416 981
417 169
417 206
417 235
417 305
417 442
417 589
417 753
417 967
418 35
418 270
418 339
418 436
418 584
418 722
418 842
418 865
419 166
419 180
419 205
419 269
419 437
419 495
419 576
419 865
419 913
419 974
420 75
420 185
420 341
420 506
420 543
420 692
420 764
420 771
420 965
421 281
421 383
421 445
421 450
421 753
421 806
421 854
421 923
422 36
422 129
422 146
422 254
422 356
422 413
422 562
422 848
423 67
423 256
423 319
423 418
423 490
423 539
423 591
423 875
423 952
423 979
424 349
424 728
424 860
424 971
425 22
425 109
425 112
425 123
425 350
425 406
425 626
425 771
425 849
425 852
426 32
426 80
426 313
426 378
426 382
426 432
426 438
426 445
426 632
426 828
427 3
427 29
427 196
427 553
427 642
427 644
427 753
427 765
427 869
427 882
427 934
428 41
428 84
428 105
428 202
428 243
428 677
428 731
428 749
428 805
428 896
429 360
429 466
429 599
429 854
429 871
429 961
430 6
430 186
430 265
430 280
430 299
430 302
430 332
430 826
430 960
430 994
431 19
431 94
431 98
431 320
431 525
431 559
431 641
431 777
431 862
432 20
432 165
432 321
432 339
432 343
432 463
432 560
432 718
432 739
432 741
433 98
433 255
433 444
433 565
433 599
433 688
433 755
433 822
433 888
434 96
434 258
434 281
434 298
434 424
434 489
434 584
434 702
434 706
434 717
434 778
434 935
435 63
435 91
435 173
435 259
435 335
435 403
435 612
435 629
435 715
435 875
435 927
435 931
435 961
435 986
436 34
436 35
436 91
436 312
436 463
436 491
436 542
436 557
436 640
436 666
436 687
436 759
436 788
436 959
436 992
437 183
437 341
437 447
437 579
438 299
438 305
438 783
438 884
439 183
439 228
439 350
439 465
439 563
439 815
439 832
439 865
439 905
439 986
440 134
440 194
440 458
440 508
440 520
440 723
440 780
440 822
440 948
441 302
441 401
441 435
441 592
441 685
441 706
441 781
441 829
441 922
442 67
442 236
442 241
442 266
442 276
442 328
442 557
442 853
443 47
443 236
443 249
443 286
443 300
443 438
443 541
443 711
443 849
443 898
444 236
444 795
444 873
444 889
445 430
445 511
445 578
445 670
445 678
445 787
445 807
445 848
445 920
446 136
446 246
446 526
446 530
446 653
446 675
446 695
446 733
446 772
446 848
446 935
447 10
447 133
447 166
447 210
447 237
447 337
447 440
447 452
447 583
447 621
447 712
447 860
447 966
448 70
448 95
448 167
448 299
448 532
448 640
448 705
448 718
448 775
448 963
448 991
449 127
449 541
449 544
449 647
449 726
449 901
449 999
450 66
450 91
450 199
450 241
450 266
450 330
450 348
450 484
450 491
450 515
450 526
450 560
450 705
450 898
450 937
450 991
451 55
451 99
451 546
451 627
451 681
451 721
452 51
452 141
452 142
452 378
452 455
452 685
452 991
453 31
453 62
453 151
453 245
453 251
453 296
453 677
453 738
453 891
453 903
453 921
453 934
454 5
454 34
454 75
454 121
454 131
454 223
454 269
454 319
454 630
454 642
454 655
454 863
455 14
455 22
455 66
455 97
455 120
455 180
455 319
455 705
455 740
455 819
455 870
455 921
456 54
456 62
456 515
456 589
456 720
456 721
456 870
456 930
456 940
457 12
457 127
457 166
457 275
457 353
457 488
457 497
457 528
457 616
457 687
457 739
458 12
458 102
458 174
458 231
458 289
458 372
458 475
458 491
458 560
458 661
458 721
458 769
458 773
458 791
458 834
458 864
458 886
458 962
459 10
459 13
459 176
459 212
459 488
459 750
459 814
459 896
459 915
460 33
460 91
460 393
460 471
460 525
460 630
460 804
460 865
460 871
460 957
461 100
461 108
461 199
461 318
461 322
461 544
461 609
461 631
461 686
461 703
461 823
461 846
462 137
462 305
462 858
463 10
463 13
463 178
463 247
463 287
463 391
463 411
463 533
463 600
463 616
463 690
464 60
464 92
464 151
464 187
464 220
464 294
464 498
464 569
464 620
464 706
464 711
464 802
464 824
464 930
465 131
465 159
465 169
465 254
465 400
465 620
465 655
465 842
465 851
466 77
466 89
466 112
466 280
466 326
466 478
466 736
466 812
466 827
466 875
466 877
466 897
466 936
466 972
466 993
467 33
467 110
467 128
467 129
467 142
467 222
467 268
467 351
467 454
467 519
467 613
467 756
467 761
468 124
468 152
468 238
468 366
468 368
468 460
468 704
468 763
468 813
468 909
468 966
469 79
469 102
469 109
469 183
469 287
469 307
469 315
469 371
469 630
469 697
469 771
469 945
469 958
470 111
470 200
470 371
470 375
470 410
470 425
470 611
470 866
470 935
471 70
471 115
471 122
471 186
471 245
471 372
471 473
471 649
471 869
471 917
471 918
472 119
472 267
472 288
472 327
472 537
472 875
473 32
473 81
473 108
473 172
473 181
473 220
473 298
473 305
473 436
473 538
473 539
473 606
473 794
473 881
473 899
474 38
474 56
474 83
474 162
474 236
474 253
474 548
474 659
474 746
474 782
474 957
475 99
475 150
475 160
475 518
475 522
475 585
475 661
476 108
476 182
476 334
476 363
476 393
476 400
476 474
476 479
476 518
476 542
476 639
476 830
476 912
477 172
477 212
477 231
477 287
477 422
477 565
477 624
477 684
477 685
477 922
477 990
478 12
478 78
478 316
478 404
478 426
478 505
478 546
478 671
478 720
478 725
478 782
478 799
478 902
479 37
479 46
479 90
479 315
479 408
479 409
479 468
479 515
479 679
479 720
479 810
479 872
479 894
479 913
479 946
479 986
479 998
480 213
480 254
480 355
480 377
480 593
480 606
480 644
480 661
480 700
480 849
480 852
481 170
481 192
481 313
481 514
481 667
481 705
481 883
482 35
482 139
482 349
482 499
482 575
482 698
482 734
482 743
482 884
483 15
483 55
483 117
483 131
483 139
483 444
483 551
483 599
483 613
483 647
483 764
484 227
484 294
484 345
484 355
484 401
484 462
484 557
484 567
484 654
484 682
484 855
484 935
484 984
485 59
485 188
485 224
485 259
485 378
485 665
485 714
486 144
486 198
486 347
486 698
486 699
486 854
486 881
486 884
487 236
487 363
487 430
487 449
487 468
487 491
487 540
487 573
487 842
488 27
488 154
488 198
488 292
488 425
488 979
489 323
489 382
489 433
489 627
489 840
489 928
489 958
490 5
490 108
490 206
490 220
490 377
490 441
490 557
490 582
490 997
491 36
491 46
491 669
491 824
491 868
492 73
492 87
492 105
492 279
492 390
492 436
492 533
492 575
492 711
492 844
492 950
492 992
493 4
493 289
493 520
493 604
493 635
493 740
493 750
493 822
493 844
493 867
493 906
494 415
494 470
494 698
494 823
494 867
494 881
494 904
494 914
495 219
495 298
495 570
495 656
495 679
495 696
495 836
495 851
495 873
496 8
496 95
496 184
496 194
496 320
496 343
496 429
496 432
496 531
496 581
496 596
496 667
496 748
496 805
496 829
497 135
497 157
497 266
497 297
497 405
497 786
497 912
497 982
498 8
498 287
498 318
498 436
498 446
498 504
498 764
498 766
498 973
499 30
499 82
499 168
499 266
499 276
499 432
499 877
500 11
500 181
500 269
500 555
500 686
500 777
500 839
500 907
500 912
501 88
501 336
501 348
501 454
501 456
501 627
501 737
501 823
502 344
502 360
502 642
502 837
502 881
502 922
503 138
503 162
503 190
503 264
503 319
503 419
503 535
503 650
503 698
503 761
503 851
503 913
503 970
504 155
504 167
504 252
504 263
504 285
504 425
504 462
504 598
504 610
504 769
504 914
504 941
505 152
505 367
505 498
505 513
505 692
505 714
505 856
505 872
506 3
506 153
506 299
506 505
506 590
506 592
506 607
506 808
507 68
507 351
507 387
507 419
507 590
507 679
507 688
507 732
508 17
508 89
508 239
508 364
508 376
508 388
508 390
508 432
508 651
508 656
508 705
508 774
508 787
508 805
508 959
509 412
509 415
509 513
509 682
509 857
509 975
510 71
510 105
510 117
510 270
510 378
510 541
510 719
510 816
510 924
510 965
511 47
511 129
511 189
511 285
511 555
511 619
511 708
511 728
511 775
511 821
511 938
512 227
512 430
512 545
512 572
512 635
512 850
512 895
512 966
513 48
513 143
513 389
513 581
513 598
513 603
513 639
513 667
513 861
514 38
514 44
514 84
514 85
514 207
514 296
514 369
514 397
514 486
514 530
514 551
514 827
514 977
515 186
515 347
515 477
515 719
515 945
516 8
516 324
516 373
516 388
516 390
516 559
516 788
516 936
516 995
517 158
517 228
517 269
517 313
517 403
517 432
517 441
517 561
517 573
517 656
517 757
518 134
518 240
518 242
518 256
518 338
518 393
518 428
518 487
518 581
518 650
518 703
518 756
518 935
519 31
519 131
519 165
519 410
519 529
519 622
519 656
519 702
519 974
520 241
520 244
520 346
520 385
520 395
521 61
521 322
521 350
521 429
521 472
521 476
521 609
521 610
521 638
521 740
521 827
521 873
521 890
521 893
521 950
522 34
522 87
522 89
522 230
522 475
522 580
522 652
522 860
522 869
523 86
523 116
523 254
523 326
523 348
523 357
523 388
523 390
523 669
523 734
523 739
523 773
523 974
523 978
524 158
524 239
524 486
524 616
524 711
524 773
524 808
524 884
524 889
524 898
524 900
524 934
525 52
525 352
525 408
525 491
525 531
526 182
526 253
526 405
526 444
526 454
526 544
526 733
526 757
526 805
526 817
527 50
527 153
527 165
527 195
527 223
527 228
527 230
527 257
527 342
527 368
527 444
527 530
527 571
527 604
527 616
527 742
527 777
527 816
527 901
527 914
528 28
528 145
528 496
528 508
528 567
528 726
529 134
529 178
529 310
529 431
529 496
529 572
529 714
529 806
529 829
529 906
530 23
530 286
530 446
530 447
530 473
530 579
530 685
530 739
530 793
530 879
530 887
530 930
531 21
531 81
531 155
531 188
531 221
531 283
531 376
531 477
531 478
531 543
531 549
531 555
531 979
532 609
532 678
532 704
532 708
532 842
532 867
532 932
533 7
533 67
533 68
533 74
533 210
533 231
533 235
533 402
533 514
533 541
533 753
533 857
533 934
533 940
534 58
534 138
534 191
534 236
534 322
534 859
534 872
534 883
534 980
534 985
535 18
535 71
535 148
535 219
535 229
535 234
535 532
535 574
535 753
535 762
535 891
535 974
536 109
536 242
536 262
536 470
536 650
536 660
536 703
536 743
536 793
537 9
537 146
537 320
537 429
537 470
537 929
537 937
537 950
538 27
538 220
538 290
538 331
538 448
538 461
538 740
539 117
539 138
539 403
539 422
539 510
539 657
540 107
540 212
540 320
540 341
540 404
540 432
540 458
540 461
540 483
540 619
540 643
540 767
540 803
540 896
541 43
541 195
541 362
541 363
541 549
541 584
541 718
541 739
541 855
541 861
542 12
542 138
542 324
542 448
542 492
542 622
542 628
542 735
542 811
542 861
542 939
542 985
543 58
543 307
543 621
543 647
544 47
544 207
544 209
544 449
544 518
544 695
544 753
544 824
544 855
544 913
544 961
544 978
545 46
545 97
545 218
545 221
545 241
545 282
545 557
545 632
545 691
545 761
545 822
546 2
546 82
546 131
546 185
546 293
546 308
546 423
546 535
546 795
546 861
546 955
547 129
547 211
547 338
547 351
547 420
547 629
547 728
547 782
547 862
548 5
548 71
548 95
548 162
548 200
548 503
548 561
548 672
548 678
548 685
548 755
549 84
549 93
549 114
549 223
549 452
549 758
549 853
549 920
550 4
550 56
550 324
550 343
550 347
550 415
550 553
550 587
550 695
550 777
550 851
550 920
551 49
551 57
551 167
551 348
551 370
551 472
551 890
551 928
551 970
551 972
552 49
552 95
552 107
552 273
552 358
552 363
552 438
552 694
552 725
552 957
553 61
553 220
553 256
553 372
553 409
553 611
553 634
553 646
553 754
553 847
553 855
553 919
553 969
553 990
554 58
554 123
554 286
554 454
554 552
554 604
554 631
554 805
555 219
555 237
555 286
555 320
555 342
555 348
555 356
555 360
555 371
555 375
555 392
555 399
555 450
555 526
555 590
555 685
555 786
555 840
555 913
556 35
556 159
556 225
556 312
556 357
556 510
556 549
556 594
556 602
556 827
556 917
557 71
557 172
557 289
557 497
557 581
557 659
557 855
558 64
558 88
558 179
558 227
558 275
558 309
558 329
558 399
558 434
558 589
558 722
558 823
558 922
559 143
559 182
559 353
559 486
559 518
559 540
559 554
559 569
559 793
559 892
559 949
560 69
560 77
560 78
560 186
560 256
560 458
560 573
560 939
561 112
561 211
561 377
561 424
561 446
561 461
561 523
561 534
561 740
561 840
561 891
562 3
562 12
562 69
562 81
562 150
562 166
562 240
562 311
562 318
562 345
562 640
562 658
562 875
562 910
562 956
562 966
562 979
563 34
563 156
563 210
563 220
563 369
563 608
564 38
564 445
564 538
564 635
564 776
564 788
564 867
564 935
565 248
565 380
565 519
565 550
565 555
565 586
565 710
565 773
565 815
565 820
565 959
566 76
566 89
566 184
566 303
566 672
566 692
566 749
566 822
566 827
566 937
566 947
566 983
567 10
567 39
567 112
567 177
567 201
567 215
567 220
567 246
567 284
567 289
567 609
567 639
567 668
567 792
567 925
568 58
568 196
568 265
568 331
568 372
568 508
568 567
568 575
568 706
568 810
568 834
568 927
569 55
569 209
569 322
569 422
569 564
569 582
569 638
569 641
569 684
569 693
569 802
569 952
569 985
570 223
570 233
570 248
570 317
570 437
570 616
570 971
570 976
571 377
571 388
571 406
571 429
571 456
571 509
571 548
571 721
571 995
572 37
572 168
572 220
572 241
572 512
572 524
572 646
572 826
572 978
573 51
573 139
573 421
573 461
573 516
573 556
573 999
574 143
574 172
574 282
574 336
574 353
574 378
574 428
574 581
574 639
574 673
574 701
574 731
574 827
575 443
575 583
575 616
575 702
575 772
575 775
575 885
575 936
576 30
576 164
576 237
576 313
576 351
576 577
576 684
576 968
577 10
577 35
577 149
577 300
577 669
577 767
577 768
577 905
577 946
578 173
578 280
578 351
578 364
578 488
578 577
578 673
578 701
578 785
578 914
578 961
579 315
579 381
579 395
579 786
579 879
579 934
579 985
580 12
580 20
580 253
580 300
580 423
580 432
580 446
580 590
580 737
581 13
581 204
581 250
581 425
581 443
581 622
581 686
581 724
581 823
581 847
581 931
582 223
582 319
582 382
582 536
582 547
582 580
582 907
582 929
583 45
583 302
583 305
583 440
583 511
583 554
583 596
583 666
583 765
584 55
584 78
584 120
584 128
584 169
584 192
584 200
584 393
584 598
584 681
584 775
584 883
584 940
584 962
584 990
585 53
585 64
585 563
585 578
585 679
585 933
585 953
586 11
586 17
586 158
586 162
586 195
586 399
586 430
586 758
587 123
587 127
587 175
587 195
587 777
587 812
588 99
588 100
588 174
588 255
588 261
588 292
588 390
588 473
588 533
588 544
588 712
588 927
589 78
589 85
589 174
589 288
589 448
589 469
589 481
589 530
589 632
589 685
590 16
590 21
590 130
590 257
590 341
590 368
590 387
590 393
590 518
590 602
590 758
590 809
590 875
590 881
590 928
590 935
591 10
591 17
591 32
591 148
591 386
591 414
591 461
591 495
591 536
591 659
591 826
591 857
592 93
592 278
592 537
592 546
592 561
592 593
592 682
592 904
593 169
593 201
593 790
593 818
593 861
593 874
594 32
594 244
594 342
594 352
594 639
594 665
595 19
595 87
595 112
595 197
595 205
595 278
595 311
595 645
595 659
595 662
595 781
595 831
595 965
596 82
596 157
596 292
596 295
596 325
596 483
596 657
596 685
596 703
596 750
596 787
596 796
596 820
596 985
597 26
597 66
597 103
597 163
597 218
597 234
597 241
597 332
597 336
597 504
597 510
597 669
597 710
597 731
597 869
597 939
598 328
598 608
598 676
598 716
598 736
598 909
599 170
599 396
599 451
599 452
599 458
600 126
600 324
600 352
600 371
600 594
600 832
600 851
600 978
601 56
601 66
601 185
601 279
601 367
601 381
601 429
601 447
601 471
601 603
601 845
602 550
602 644
602 713
602 839
602 889
602 930
603 151
603 465
603 473
603 482
603 528
603 619
603 918
604 78
604 222
604 305
604 318
604 349
604 557
604 587
604 600
604 722
604 848
604 905
605 163
605 260
605 375
605 394
605 403
605 495
605 513
605 541
605 637
605 646
605 769
606 152
606 226
606 269
606 526
606 672
606 777
606 848
606 884
606 940
607 60
607 94
607 225
607 276
607 454
607 459
607 542
607 664
607 668
607 673
607 903
607 906
607 942
608 286
608 322
608 427
608 435
608 449
608 559
608 883
609 614
609 624
609 694
609 735
609 752
609 802
609 827
609 923
609 976
609 985
610 70
610 187
610 251
610 549
610 653
610 658
610 659
610 671
610 677
610 687
611 111
611 180
611 459
611 583
611 628
612 20
612 62
612 158
612 192
612 211
612 228
612 929
612 953
612 971
613 19
613 27
613 65
613 272
613 392
613 489
613 641
613 692
613 702
613 748
613 860
613 932
613 976
614 83
614 105
614 268
614 270
614 311
614 343
614 363
614 391
614 645
614 788
614 829
614 856
614 867
614 869
614 907
614 973
615 36
615 96
615 174
615 258
615 269
615 350
615 360
615 459
615 583
615 718
615 983
616 342
616 344
616 420
616 539
616 583
616 654
616 906
616 913
616 945
617 12
617 30
617 49
617 145
617 326
617 360
617 420
617 464
617 586
617 737
617 873
617 875
617 935
618 363
618 370
618 440
618 567
618 588
618 672
618 815
618 971
619 350
619 393
619 402
619 611
619 658
619 680
619 718
619 819
619 925
619 961
619 989
619 995
620 70
620 145
620 405
620 459
620 484
620 551
620 597
620 779
620 872
621 74
621 181
621 182
621 290
621 535
621 564
621 633
621 702
621 777
621 866
621 998
622 321
622 402
622 572
623 9
623 15
623 36
623 91
623 111
623 148
623 152
623 235
623 305
623 313
623 320
623 337
623 455
623 538
623 868
623 880
623 948
624 28
624 59
624 64
624 79
624 198
624 221
624 239
624 499
624 693
624 718
624 721
624 820
625 64
625 69
625 137
625 187
625 415
625 473
625 550
625 590
625 653
625 866
625 908
625 966
626 77
626 125
626 184
626 200
626 292
626 301
626 343
626 357
626 390
626 444
626 506
626 661
626 709
626 721
626 800
626 806
626 901
626 956
626 958
627 141
627 177
627 275
627 423
627 616
627 688
627 888
627 975
627 994
628 31
628 177
628 372
628 566
628 675
628 779
628 797
628 818
628 852
628 916
628 961
628 970
629 32
629 40
629 82
629 241
629 499
630 129
630 140
630 211
630 251
630 293
630 600
630 642
630 926
630 938
630 945
630 989
631 132
631 184
631 324
631 397
631 486
631 632
631 702
631 767
631 786
632 178
632 198
632 254
632 311
632 317
632 374
632 376
632 387
632 390
632 587
632 647
632 744
632 767
632 869
633 212
633 566
633 635
633 732
633 813
633 915
634 30
634 94
634 149
634 275
634 358
634 409
634 559
634 831
634 847
634 864
634 870
634 876
634 924
634 964
634 976
635 40
635 114
635 373
635 557
635 961
636 79
636 178
636 184
636 382
636 432
636 452
636 489
636 530
636 613
636 923
636 972
637 43
637 134
637 214
637 272
637 343
637 579
637 711
637 956
638 90
638 118
638 190
638 213
638 278
638 305
638 310
638 731
638 795
638 830
638 831
638 979
638 986
639 354
639 402
639 506
639 541
639 578
639 615
639 624
639 846
639 963
640 72
640 276
640 419
640 461
640 518
640 753
640 820
640 854
640 869
640 969
641 49
641 143
641 268
641 270
641 461
641 468
641 484
641 839
641 851
641 926
642 46
642 96
642 155
642 275
642 487
642 742
643 91
643 208
643 308
643 331
643 358
643 634
643 670
643 826
643 921
643 966
644 75
644 145
644 420
644 429
644 508
644 522
644 601
644 632
644 669
644 872
644 893
644 902
645 21
645 125
645 173
645 260
645 454
645 484
645 844
645 880
645 928
646 86
646 164
646 554
646 936
647 35
647 47
647 554
647 594
647 614
647 637
647 716
647 719
647 870
647 993
648 81
648 137
648 254
648 256
648 375
648 390
648 514
648 588
648 756
648 784
648 861
648 928
649 59
649 80
649 140
649 169
649 182
649 380
649 414
649 479
649 839
649 886
649 911
650 28
650 87
650 296
650 394
650 442
650 518
650 638
650 662
650 721
650 846
650 931
651 7
651 24
651 176
651 300
651 306
652 66
652 188
652 283
652 314
652 489
652 583
652 640
652 741
652 761
652 818
652 845
652 885
653 24
653 104
653 210
653 422
653 477
653 480
653 841
654 12
654 46
654 57
654 96
654 140
654 297
654 365
654 623
654 687
654 768
654 817
654 871
654 893
654 904
654 928
655 33
655 66
655 532
655 538
655 578
655 906
656 55
656 65
656 120
656 283
656 445
656 468
656 490
656 663
656 915
656 995
657 62
657 115
657 208
657 251
657 621
657 622
657 713
657 927
658 3
658 17
658 19
658 80
658 142
658 152
658 291
658 361
658 573
658 814
658 921
659 24
659 27
659 346
659 389
659 448
659 505
659 732
659 828
659 922
659 992
660 54
660 142
660 285
660 520
660 583
660 605
660 957
661 131
661 291
661 482
661 499
661 570
661 643
661 673
661 727
661 774
661 908
661 948
662 61
662 117
662 358
662 475
662 597
662 656
662 859
662 983
663 73
663 85
663 212
663 292
663 695
663 734
663 828
663 874
663 971
664 56
664 58
664 575
664 665
664 680
664 711
664 781
664 840
664 907
664 999
665 233
665 263
665 488
665 543
665 689
666 106
666 287
666 572
666 590
666 712
666 872
666 939
666 979
667 5
667 10
667 254
667 372
667 435
667 737
667 830
668 8
668 22
668 77
668 289
668 318
668 525
668 644
668 674
668 973
669 155
669 249
669 253
669 321
669 423
669 460
669 479
669 517
669 919
669 961
669 975
670 2
670 137
670 201
670 299
670 361
670 406
670 494
670 517
670 537
670 565
670 646
670 671
670 878
670 936
671 248
671 276
671 342
671 457
671 535
671 612
671 760
671 776
671 841
671 874
671 940
672 63
672 182
672 225
672 248
672 344
672 755
672 847
672 954
673 81
673 83
673 125
673 442
673 486
673 625
673 708
673 712
673 719
673 728
673 830
674 3
674 18
674 78
674 101
674 155
674 218
674 507
674 521
674 549
674 634
674 697
674 730
674 894
675 93
675 245
675 360
675 558
675 656
675 740
675 744
675 940
676 24
676 156
676 278
676 324
676 394
676 502
676 616
676 626
676 844
676 850
676 889
676 962
677 406
677 459
677 514
677 636
677 755
677 777
677 844
677 877
677 879
677 945
678 8
678 48
678 404
678 673
678 782
678 887
678 988
679 21
679 29
679 109
679 161
679 257
679 355
679 511
679 680
679 689
679 826
680 4
680 151
680 202
680 241
680 283
680 407
680 515
680 576
680 577
680 807
681 94
681 139
681 178
681 414
681 417
681 586
681 615
681 664
681 800
681 896
681 937
682 114
682 130
682 132
682 148
682 418
682 581
682 846
683 117
683 190
683 379
683 398
683 423
683 492
683 791
683 887
683 919
683 939
684 183
684 462
684 515
684 516
684 711
684 778
684 814
684 964
685 123
685 156
685 229
685 247
685 301
685 513
685 623
685 874
685 908
686 37
686 71
686 148
686 181
686 237
686 327
686 364
686 435
686 443
686 493
686 670
686 704
686 870
687 23
687 226
687 344
687 404
687 432
687 580
687 617
687 878
687 988
688 63
688 235
688 292
688 530
688 625
688 727
688 741
688 751
688 760
688 822
688 837
689 35
689 46
689 48
689 128
689 227
689 255
689 284
689 374
689 409
689 750
689 826
690 37
690 178
690 184
690 204
690 238
690 258
690 308
690 389
690 456
690 474
690 786
690 805
691 24
691 87
691 123
691 161
691 443
691 492
691 522
691 631
691 735
691 856
692 84
692 156
692 244
692 339
692 452
692 964
693 119
693 176
693 395
693 430
693 431
693 899
694 243
694 307
694 365
694 371
694 534
694 546
694 630
694 654
694 669
694 742
694 794
694 802
694 964
694 990
695 172
695 249
695 470
695 796
695 886
695 938
695 962
695 977
696 25
696 116
696 151
696 156
696 282
696 316
696 482
696 639
696 786
697 7
697 78
697 84
697 213
697 248
697 380
697 399
697 414
697 731
697 890
697 979
698 73
698 110
698 114
698 278
698 410
698 419
698 447
698 473
698 514
698 524
698 695
698 819
698 872
699 39
699 112
699 161
699 312
699 339
699 427
699 444
699 506
699 528
699 542
699 753
700 156
700 176
700 177
700 288
700 529
700 559
700 568
700 615
700 629
700 828
700 864
701 45
701 56
701 57
701 249
701 373
701 457
701 622
701 693
702 193
702 343
702 359
702 379
702 721
702 739
702 946
702 994
703 44
703 68
703 72
703 153
703 179
703 283
703 319
703 368
703 609
703 758
703 798
703 833
704 289
704 619
704 721
704 822
704 852
704 863
704 883
704 965
705 7
705 86
705 116
705 139
705 416
705 536
705 549
705 570
705 573
705 625
705 688
705 697
705 783
706 137
706 205
706 322
706 436
706 483
706 670
706 705
706 717
706 738
706 841
706 883
706 936
706 945
707 259
707 299
707 436
707 522
707 671
707 797
707 899
708 6
708 148
708 225
708 362
708 532
708 785
709 5
709 17
709 101
709 155
709 347
709 389
709 471
709 562
709 806
709 901
710 187
710 191
710 234
710 503
710 683
711 79
711 95
711 119
711 650
711 895
711 905
712 111
712 211
712 304
712 516
712 658
712 806
712 857
712 916
713 86
713 248
713 298
713 395
713 476
713 741
713 760
713 859
714 512
714 864
714 955
714 983
715 94
715 250
715 267
715 419
715 554
715 663
715 926
716 29
716 58
716 78
716 180
716 193
716 248
716 322
716 506
716 651
716 655
716 675
716 688
716 713
716 753
716 768
716 872
716 925
717 7
717 18
717 143
717 457
717 460
717 573
717 637
717 811
717 910
717 923
718 116
718 404
718 635
718 833
718 881
718 911
718 932
718 950
719 314
719 484
719 529
719 681
719 698
719 736
719 746
719 941
719 951
720 62
720 95
720 408
720 467
720 473
720 496
720 584
720 685
720 741
720 826
720 934
720 937
720 963
721 88
721 103
721 221
721 367
721 504
721 605
721 812
722 139
722 297
722 427
722 513
722 641
722 644
722 767
722 819
722 944
723 51
723 225
723 256
723 421
723 563
723 813
723 918
724 15
724 16
724 22
724 59
724 304
724 314
724 568
724 812
724 857
724 998
725 90
725 107
725 127
725 213
725 215
725 222
725 245
725 258
725 692
725 762
725 775
725 947
726 367
726 641
726 820
726 866
726 890
726 896
727 12
727 72
727 94
727 98
727 243
727 281
727 310
727 371
727 429
727 485
727 520
727 522
728 114
728 145
728 357
728 855
728 927
728 939
728 950
729 101
729 163
729 238
729 532
729 581
729 911
729 930
730 193
730 227
730 335
730 398
730 506
730 680
730 851
730 887
730 896
731 65
731 158
731 198
731 347
731 483
731 528
731 546
731 558
731 572
731 762
731 995
732 108
732 148
732 160
732 178
732 401
732 417
732 552
732 613
732 850
732 862
732 904
733 34
733 149
733 161
733 186
733 188
733 529
733 571
733 591
733 754
733 791
733 862
734 94
734 194
734 251
734 308
734 332
734 393
734 521
734 589
734 598
734 606
734 771
734 797
735 74
735 214
735 549
735 577
735 728
735 843
736 256
736 320
736 353
736 515
736 660
736 807
736 902
736 913
736 927
736 947
737 91
737 149
737 210
737 326
737 438
737 494
737 559
737 575
737 609
737 778
737 895
737 984
738 54
738 230
738 234
738 325
738 347
738 367
738 399
738 410
738 687
738 799
738 893
738 988
739 86
739 263
739 352
739 471
739 488
739 594
739 615
739 681
739 792
739 918
740 1
740 65
740 298
740 399
740 416
740 463
740 635
740 702
740 796
740 816
740 850
741 124
741 245
741 419
741 465
741 793
741 979
742 12
742 78
742 331
742 492
742 534
742 869
743 6
743 34
743 119
743 194
743 231
743 240
743 306
743 469
743 485
743 647
743 696
743 709
743 710
743 991
743 992
744 257
744 353
744 390
744 400
744 593
744 653
744 854
744 878
745 11
745 13
745 66
745 166
745 313
745 340
745 579
745 622
745 663
745 675
745 704
745 734
745 814
745 868
745 926
745 987
745 998
746 2
746 457
746 623
746 872
746 905
747 158
747 301
747 306
747 422
747 628
747 825
747 896
747 961
747 964
748 44
748 94
748 97
748 116
748 128
748 215
748 373
748 691
748 729
748 757
748 935
748 936
748 967
748 976
748 991
749 30
749 100
749 143
749 202
749 210
749 708
749 945
750 206
750 232
750 252
750 271
750 281
750 296
750 561
750 741
750 749
750 822
750 851
750 887
750 896
750 918
751 0
751 20
751 56
751 262
751 324
751 484
751 516
751 545
751 565
751 568
751 613
751 637
751 862
751 872
751 939
752 20
752 126
752 219
752 232
752 594
752 679
752 785
752 923
753 60
753 142
753 253
753 349
753 426
753 439
753 471
753 526
753 624
753 651
753 657
753 779
753 989
754 29
754 136
754 198
754 202
754 327
754 437
754 535
754 600
754 761
754 787
754 860
754 912
755 112
755 145
755 292
755 295
755 351
755 754
755 825
755 984
756 28
756 138
756 189
756 231
756 297
756 838
756 939
756 949
756 983
756 994
757 75
757 118
757 140
757 196
757 215
757 243
757 328
757 483
757 657
757 661
757 771
757 796
757 839
757 918
757 988
758 39
758 50
758 154
758 309
758 492
758 535
758 727
758 792
758 816
758 845
758 986
759 55
759 119
759 456
759 639
759 661
759 988
759 993
760 279
760 887
760 969
760 985
761 143
761 232
761 289
761 364
761 426
761 540
761 770
761 878
761 972
762 168
762 291
762 352
762 375
762 429
762 543
762 547
762 582
762 589
762 604
762 675
762 699
762 705
762 758
763 41
763 131
763 140
763 322
763 643
763 701
763 845
763 936
764 14
764 71
764 120
764 144
764 157
764 159
764 167
764 184
764 388
764 484
764 626
764 664
764 676
764 982
765 47
765 101
765 156
765 176
765 290
765 339
765 499
765 615
765 625
765 680
765 923
765 931
765 932
765 962
766 24
766 55
766 445
766 474
766 504
766 534
766 574
766 616
766 715
766 845
766 865
766 867
766 929
767 80
767 233
767 274
767 363
767 422
767 461
767 489
767 710
767 777
767 814
767 843
767 876
767 907
767 997
768 65
768 118
768 200
768 263
768 282
768 841
768 848
768 869
768 967
769 31
769 72
769 100
769 116
769 191
769 299
769 304
769 353
769 392
769 401
769 457
769 544
769 589
769 820
770 55
770 112
770 172
770 343
770 450
770 655
770 738
770 804
770 819
770 945
771 255
771 360
771 429
771 537
771 610
771 635
771 687
771 775
771 817
771 907
772 16
772 66
772 80
772 97
772 102
772 204
772 247
772 263
772 380
772 550
772 732
772 783
772 810
772 856
772 894
772 918
773 54
773 339
773 386
773 419
773 720
773 784
773 890
774 24
774 64
774 459
774 653
774 805
774 842
774 848
774 896
774 942
774 946
774 986
775 91
775 129
775 160
775 464
775 568
775 580
775 654
775 660
775 856
775 996
776 14
776 99
776 285
776 293
776 297
776 309
776 443
776 516
776 611
776 667
776 799
776 958
777 10
777 32
777 62
777 145
777 172
777 215
777 369
777 408
777 435
777 518
777 524
777 948
777 982
778 15
778 225
778 234
778 249
778 280
778 345
778 379
778 485
778 490
778 541
778 583
778 641
778 660
778 799
778 824
778 905
778 923
778 979
779 346
779 455
779 497
779 767
779 845
779 927
780 49
780 97
780 186
780 198
780 311
780 323
780 420
780 706
780 956
781 173
781 222
781 267
781 541
781 567
781 701
781 935
782 89
782 133
782 158
782 404
782 439
782 690
782 725
782 799
783 111
783 132
783 151
783 155
783 258
783 379
783 614
783 736
783 871
783 952
784 47
784 179
784 216
784 372
784 648
784 943
784 978
785 2
785 175
785 203
785 267
785 291
785 545
785 598
785 690
785 693
785 862
785 927
786 397
786 603
786 640
786 665
786 686
786 734
786 741
786 789
786 862
786 915
786 932
787 34
787 181
787 205
787 283
787 429
787 469
787 490
787 510
787 593
787 761
787 862
787 886
787 967
787 972
788 132
788 179
788 228
788 251
788 308
788 330
788 346
788 356
788 418
788 587
788 621
788 749
788 876
788 988
789 100
789 194
789 417
789 534
789 613
789 666
789 724
790 33
790 44
790 80
790 103
790 347
790 471
790 481
790 679
790 818
791 104
791 156
791 296
791 322
791 570
791 604
792 111
792 119
792 398
792 730
793 130
793 271
793 285
793 291
793 651
793 676
793 739
793 797
793 925
794 30
794 34
794 110
794 174
794 188
794 421
794 523
794 900
795 166
795 217
795 229
795 288
795 297
795 440
795 491
795 505
795 515
795 681
795 899
795 911
795 985
796 377
796 428
796 622
796 624
796 855
796 898
796 995
797 271
797 399
797 412
797 451
797 460
797 552
797 575
797 596
797 619
797 648
797 662
797 893
797 933
798 28
798 58
798 196
798 338
798 434
798 701
798 704
799 48
799 49
799 131
799 210
799 342
799 373
799 580
799 583
799 701
799 856
799 874
800 173
800 278
800 298
800 356
800 476
800 781
800 814
800 875
800 931
800 944
800 946
800 970
801 110
801 133
801 148
801 149
801 245
801 359
801 455
801 517
801 564
801 854
802 199
802 242
802 284
802 296
802 433
802 534
802 633
802 859
803 128
803 359
803 396
803 453
803 468
803 481
803 770
803 893
804 229
804 253
804 419
804 454
804 504
804 589
804 690
804 784
804 893
805 17
805 22
805 73
805 83
805 275
805 606
805 724
805 791
805 854
805 907
806 103
806 173
806 190
806 467
806 511
806 539
806 736
806 751
806 856
806 955
807 192
807 193
807 273
807 352
807 532
807 628
807 685
807 924
807 994
808 165
808 267
808 289
808 360
808 401
808 434
808 437
808 511
808 536
808 682
808 936
809 6
809 195
809 236
809 242
809 327
809 395
809 396
809 670
809 907
809 960
809 962
809 984
810 43
810 105
810 359
810 429
810 474
810 733
810 797
810 992
811 36
811 42
811 128
811 239
811 266
811 310
811 363
811 368
811 485
811 518
811 533
811 590
811 630
811 666
811 855
811 908
811 912
812 7
812 317
812 325
812 399
812 582
812 730
812 839
812 934
812 999
813 63
813 120
813 168
813 205
813 222
813 275
813 337
813 521
814 5
814 176
814 243
814 340
814 549
814 599
814 661
814 664
814 675
814 868
814 880
814 924
815 37
815 107
815 115
815 230
815 351
815 454
815 481
815 486
815 985
816 34
816 342
816 425
816 604
816 732
816 802
816 835
816 961
816 971
817 154
817 339
817 346
817 498
817 503
817 516
817 633
817 688
817 740
817 928
818 148
818 498
818 522
818 597
818 671
818 781
818 861
818 898
819 66
819 420
819 439
819 458
819 603
819 712
819 832
819 928
819 945
820 167
820 230
820 272
820 385
820 507
820 705
820 773
820 901
820 902
821 202
821 265
821 397
821 432
821 563
821 659
821 660
821 838
821 913
822 153
822 330
822 459
822 499
822 703
822 857
823 82
823 200
823 279
823 408
823 480
823 493
823 589
823 636
823 805
823 861
823 904
823 953
824 13
824 265
825 65
825 155
825 164
825 352
825 427
825 477
825 546
825 734
825 839
825 883
825 894
826 100
826 144
826 147
826 173
826 388
826 431
826 500
826 592
826 675
826 898
826 958
826 969
826 999
827 101
827 239
827 251
827 347
827 553
827 759
828 100
828 101
828 142
828 263
828 494
828 500
828 542
828 712
828 781
828 801
828 912
828 958
829 6
829 145
829 224
829 234
829 244
829 413
829 559
829 592
829 827
830 22
830 95
830 254
830 283
830 300
830 346
830 376
830 402
830 591
830 607
830 665
830 773
830 795
830 836
830 881
831 42
831 126
831 130
831 216
831 233
831 582
831 624
831 634
831 700
832 233
832 267
832 270
832 386
832 626
832 740
832 798
832 952
832 997
833 131
833 145
833 156
833 243
833 261
833 267
833 346
833 410
833 414
833 468
833 517
833 667
833 714
833 882
834 161
834 193
834 317
834 446
834 448
834 548
834 590
834 625
834 704
834 725
834 814
834 850
835 111
835 161
835 439
835 447
835 557
835 866
836 329
836 509
836 901
837 47
837 150
837 183
837 186
837 219
837 261
837 362
837 416
837 706
837 878
838 180
838 449
838 596
838 612
838 764
838 863
838 867
839 67
839 145
839 186
839 554
839 742
840 9
840 129
840 176
840 364
840 379
840 443
840 612
840 812
840 952
841 15
841 68
841 92
841 184
841 631
841 661
841 751
841 792
841 853
841 906
841 945
842 161
842 252
842 416
842 452
842 593
842 681
842 788
842 794
843 106
843 190
843 321
843 420
843 433
843 442
843 520
843 600
843 640
843 713
843 818
843 884
843 956
844 139
844 143
844 155
844 164
844 213
844 248
844 252
844 359
844 388
844 412
844 540
844 813
844 849
845 188
845 371
845 468
845 813
845 930
846 10
846 105
846 324
846 377
846 519
846 711
846 962
847 112
847 193
847 271
847 337
847 387
847 527
847 628
847 733
847 819
847 825
847 829
848 35
848 53
848 169
848 291
848 311
848 458
848 475
848 717
848 925
848 998
849 103
849 189
849 283
849 507
849 930
850 20
850 64
850 93
850 152
850 194
850 342
850 461
850 478
850 540
850 764
851 552
851 888
852 63
852 143
852 218
852 228
852 362
852 466
852 501
852 555
852 570
852 628
852 646
852 720
852 817
852 818
852 902
852 940
853 103
853 129
853 155
853 300
853 378
853 441
853 473
853 506
853 568
853 584
853 683
853 714
854 80
854 107
854 167
854 301
854 339
854 343
854 424
854 450
854 771
854 792
854 864
855 20
855 90
855 269
855 447
855 495
855 917
855 979
856 52
856 104
856 216
856 259
856 285
856 299
856 385
856 387
856 430
856 504
856 512
856 620
856 708
856 744
856 858
857 156
857 230
857 732
857 806
858 326
858 380
858 438
858 722
858 747
858 975
859 8
859 271
859 375
859 448
859 515
859 682
859 688
860 116
860 235
860 490
860 624
860 670
860 867
860 918
860 962
860 983
861 146
861 201
861 344
861 484
861 545
861 577
861 583
861 585
861 653
861 667
861 784
862 90
862 169
862 246
862 259
862 394
862 431
862 535
862 618
862 719
863 8
863 52
863 142
863 187
863 235
863 351
863 401
863 403
863 420
863 429
863 555
863 658
863 690
863 787
863 789
863 797
863 858
863 881
864 248
864 348
864 355
864 369
864 402
864 459
864 479
864 605
864 620
864 753
864 823
864 847
864 918
864 995
865 131
865 275
865 370
865 749
865 780
865 933
865 985
866 55
866 59
866 132
866 258
866 278
866 297
866 462
866 541
866 622
866 667
866 738
866 860
866 912
867 78
867 403
867 415
867 438
867 546
867 548
867 618
867 655
867 674
867 882
867 893
867 972
868 313
868 614
868 643
868 705
868 805
868 819
868 836
868 981
869 317
869 527
869 617
869 728
869 754
869 772
869 798
869 847
869 857
870 100
870 263
870 748
870 798
870 945
871 26
871 151
871 333
871 417
871 549
871 859
871 960
871 993
872 42
872 335
872 485
872 592
872 822
872 937
873 13
873 71
873 154
873 356
873 385
873 470
873 497
873 867
874 110
874 336
874 598
874 629
874 777
874 853
874 907
875 488
875 521
875 649
875 715
875 807
875 808
875 833
875 898
875 996
876 42
876 43
876 100
876 177
876 330
876 615
876 691
876 842
876 931
877 184
877 281
877 319
877 321
877 336
877 396
877 416
877 496
877 581
877 598
877 885
877 928
878 247
878 443
878 589
878 612
878 636
878 722
878 770
878 802
878 870
878 989
879 40
879 59
879 146
879 317
879 362
879 455
879 467
879 508
879 565
879 570
879 789
880 11
880 70
880 175
880 385
880 450
880 602
881 259
881 570
881 579
881 756
881 824
881 855
881 857
881 885
881 887
881 888
881 955
882 44
882 338
882 379
882 421
882 427
882 518
882 531
882 614
882 634
882 660
882 705
882 863
882 933
883 14
883 45
883 485
883 510
883 522
883 589
883 709
883 967
884 6
884 275
884 327
884 384
884 449
884 467
884 513
884 540
884 700
884 728
884 773
884 901
884 912
885 173
885 376
885 436
885 526
885 547
885 579
885 649
885 860
885 902
886 6
886 46
886 73
886 159
886 167
886 492
886 547
886 647
886 709
886 752
886 767
886 774
886 775
886 780
886 857
886 858
886 887
886 937
886 991
887 21
887 308
887 400
887 476
887 913
887 931
887 978
888 25
888 28
888 67
888 148
888 366
888 444
888 608
888 637
888 676
888 764
888 825
888 873
888 942
889 11
889 105
889 118
889 232
889 236
889 315
889 447
889 471
889 549
889 578
889 686
889 826
889 850
889 873
889 996
890 57
890 82
890 381
890 386
890 459
890 702
890 761
891 160
891 179
891 242
891 258
891 268
891 269
891 624
891 629
891 686
891 743
891 746
891 760
891 889
892 52
892 229
892 232
892 300
892 360
892 410
892 422
892 481
892 499
892 513
892 643
892 833
893 132
893 135
893 280
893 303
893 333
893 371
893 388
893 393
893 407
893 432
893 472
893 500
893 605
893 613
893 724
893 764
893 906
893 994
894 103
894 245
894 303
894 464
894 506
894 600
894 688
894 722
894 779
894 883
895 74
895 79
895 120
895 199
895 219
895 351
895 360
895 398
895 414
895 441
895 445
895 478
895 518
895 558
895 677
895 704
895 802
895 962
896 40
896 108
896 118
896 119
896 151
896 165
896 225
896 510
896 992
897 28
897 445
897 471
897 568
897 782
897 927
897 938
897 952
897 966
897 998
898 81
898 331
898 351
898 394
898 530
898 577
898 625
898 747
898 825
898 993
899 366
899 389
899 485
899 602
899 614
899 642
899 645
899 723
899 824
899 874
899 908
899 919
899 995
899 998
900 327
900 486
900 793
900 836
900 886
900 954
901 5
901 11
901 218
901 247
901 556
901 812
901 866
901 891
901 976
902 92
902 248
902 405
902 494
902 612
902 662
902 733
902 862
903 42
903 64
903 107
903 155
903 269
903 356
903 378
903 462
903 534
903 731
903 991
904 2
904 75
904 310
904 383
904 448
904 453
904 499
904 593
904 621
904 649
904 661
904 730
904 733
904 845
904 879
904 887
905 73
905 300
905 519
905 599
905 620
905 646
905 680
905 793
905 864
905 874
905 894
906 28
906 55
906 293
906 595
907 195
907 214
907 229
907 355
907 441
907 638
907 783
907 810
907 902
907 946
907 949
908 46
908 179
908 186
908 338
908 397
908 681
908 683
908 690
908 693
908 971
909 235
909 236
909 386
909 566
909 580
909 670
909 775
909 944
910 33
910 161
910 171
910 192
910 303
910 501
910 781
910 856
910 893
910 927
911 58
911 65
911 107
911 343
911 375
911 494
911 955
912 49
912 165
912 182
912 214
912 261
912 291
912 316
912 498
912 519
912 570
912 619
912 677
912 749
912 780
912 892
913 113
913 138
913 145
913 193
913 195
913 224
913 254
913 315
913 461
913 508
913 513
914 37
914 42
914 170
914 498
914 755
915 7
915 44
915 97
915 99
915 190
915 261
915 325
915 400
915 444
915 543
915 576
915 675
915 706
915 779
915 814
915 850
916 81
916 165
916 206
916 215
916 269
916 394
916 537
916 719
916 740
916 807
916 851
916 869
916 899
916 907
917 18
917 59
917 146
917 195
917 275
917 282
917 343
917 572
917 635
917 708
917 802
917 820
917 876
917 916
917 921
918 62
918 156
918 176
918 312
918 572
918 627
918 879
918 881
918 977
918 988
919 139
919 198
919 237
919 527
919 550
919 569
919 634
919 688
919 725
919 880
920 248
920 354
920 454
920 476
920 539
920 740
920 867
921 270
921 378
921 533
921 590
921 644
921 858
922 81
922 138
922 183
922 645
922 655
922 702
922 744
923 199
923 203
923 220
923 537
923 538
923 628
923 801
923 906
923 996
924 72
924 77
924 154
924 357
924 403
924 440
924 595
924 897
925 16
925 197
925 389
925 437
925 556
925 768
925 903
925 959
926 269
926 342
926 485
926 524
926 595
926 724
926 730
927 194
927 284
927 344
927 350
927 380
927 421
927 437
927 546
927 579
927 705
927 872
927 998
928 51
928 57
928 63
928 279
928 307
928 384
928 392
928 409
928 432
928 661
928 676
928 711
929 121
929 191
929 210
929 305
929 373
929 393
929 442
929 456
929 714
929 779
929 848
930 146
930 362
930 422
930 574
930 623
930 733
930 863
930 923
931 105
931 134
931 337
931 418
931 529
931 621
931 800
932 34
932 108
932 257
932 301
932 445
932 508
932 594
932 627
932 713
932 836
932 865
932 984
933 305
933 393
933 399
933 401
933 553
933 564
933 829
934 40
934 153
934 278
934 293
934 427
934 564
934 676
934 722
934 764
934 784
934 938
934 978
934 987
935 182
935 186
935 248
935 336
935 566
935 657
935 696
935 749
935 830
935 889
936 174
936 232
936 325
936 418
936 511
936 584
936 603
936 670
936 695
936 763
936 944
936 960
937 173
937 185
937 206
937 209
937 465
937 509
937 510
937 572
937 707
937 729
937 740
937 787
937 874
938 133
938 148
938 386
938 463
938 911
938 951
938 953
939 305
939 359
939 443
939 643
939 720
939 896
939 912
939 955
940 180
940 210
940 274
940 393
940 411
940 475
940 616
940 761
940 813
941 68
941 254
941 257
941 425
941 427
941 467
941 813
942 76
942 87
942 98
942 324
942 440
942 484
942 686
942 769
943 110
943 169
943 203
943 284
943 285
943 526
943 567
943 632
943 699
943 878
943 908
944 77
944 164
944 198
944 264
944 524
944 529
944 653
944 706
944 815
944 890
944 981
944 993
945 33
945 85
945 279
945 341
945 358
945 647
945 687
945 708
945 777
945 821
945 831
946 59
946 80
946 326
946 380
946 420
946 447
946 874
946 883
947 238
947 283
947 287
947 298
947 631
947 656
947 674
947 939
947 965
947 975
948 112
948 124
948 319
948 387
948 444
948 447
948 497
948 534
948 580
948 640
948 647
948 722
948 796
948 814
948 965
948 969
948 986
949 89
949 283
949 285
949 288
949 345
949 362
949 431
949 493
949 595
949 655
949 810
949 824
949 853
949 880
950 99
950 426
950 724
950 745
950 815
950 932
950 954
950 976
951 0
951 18
951 58
951 171
951 183
951 222
951 224
951 340
951 359
951 659
952 59
952 576
953 138
953 301
953 304
953 311
953 318
953 354
953 629
953 652
953 852
953 937
954 7
954 31
954 172
954 214
954 302
954 351
954 513
954 591
954 628
954 649
954 748
954 789
955 20
955 48
955 385
955 429
955 446
955 454
955 506
955 534
955 630
955 662
955 877
955 968
955 974
956 96
956 101
956 106
956 346
956 362
956 452
956 621
956 746
956 767
956 840
956 970
956 979
957 78
957 86
957 359
957 401
957 412
957 773
957 798
957 868
958 202
958 435
958 487
958 547
958 648
958 689
958 748
958 760
958 783
959 97
959 179
959 713
959 794
959 850
959 868
960 152
960 222
960 276
960 288
960 374
960 565
960 679
960 694
960 719
960 732
960 772
960 810
961 495
961 689
961 962
962 317
962 511
962 586
962 595
962 663
962 876
962 899
962 909
962 955
963 52
963 109
963 204
963 234
963 340
963 459
963 648
963 791
963 826
964 1
964 144
964 177
964 194
964 243
964 461
964 509
964 544
964 694
964 868
965 34
965 108
965 281
965 290
965 302
965 303
965 304
965 310
965 320
965 513
965 532
965 549
965 628
966 106
966 140
966 337
966 425
966 459
966 494
966 500
966 586
966 629
966 654
966 684
966 750
966 789
967 48
967 231
967 239
967 430
967 499
967 532
967 759
967 769
967 835
967 983
968 22
968 59
968 106
968 153
968 161
968 211
968 473
968 517
968 808
968 812
968 887
968 992
969 24
969 180
969 271
969 342
969 361
969 372
969 428
969 463
969 677
969 682
969 953
969 963
969 977
970 349
970 402
970 424
970 557
970 789
971 10
971 64
971 166
971 182
971 188
971 316
971 382
971 455
971 655
971 690
971 711
971 818
971 932
972 433
972 561
972 640
972 913
973 95
973 135
973 144
973 310
973 514
973 625
973 642
973 706
973 884
974 92
974 209
974 248
974 287
974 341
974 364
974 412
974 493
974 557
974 589
974 607
974 707
974 981
974 990
975 258
975 572
975 624
975 729
975 790
975 825
975 867
975 919
975 969
976 13
976 182
976 266
976 364
976 477
976 797
977 311
977 348
977 601
977 924
978 74
978 370
978 398
978 405
978 446
978 459
978 581
978 586
978 836
978 843
978 932
978 939
978 975
979 333
979 476
979 551
979 669
979 858
979 980
980 9
980 106
980 134
980 194
980 371
980 427
980 448
980 485
980 539
980 672
980 712
980 747
980 753
980 760
980 763
980 799
981 41
981 114
981 205
981 208
981 270
981 285
981 386
981 392
981 544
981 633
981 653
981 718
981 831
982 159
982 188
982 205
982 476
982 647
983 28
983 63
983 114
983 215
983 328
983 514
983 643
983 645
983 785
983 786
983 865
983 977
984 95
984 157
984 241
984 253
984 423
984 463
984 674
984 686
984 711
984 737
984 758
985 333
985 419
985 964
985 977
985 979
986 6
986 24
986 534
986 671
986 830
987 21
987 47
987 214
987 238
987 273
987 293
987 351
987 399
987 596
987 846
987 986
988 30
988 115
988 138
988 221
988 286
988 296
988 382
988 394
988 469
988 656
988 709
988 711
988 962
989 148
989 161
989 193
989 306
989 353
989 388
989 466
989 717
989 792
989 894
989 905
990 20
990 135
990 210
990 321
990 513
990 540
990 560
990 589
990 966
991 85
991 193
991 228
991 404
991 413
991 447
991 545
991 757
991 854
991 910
991 949
991 997
992 8
992 139
992 150
992 196
992 215
992 219
992 346
992 490
992 578
992 856
992 868
992 879
992 957
993 1
993 81
993 334
993 364
993 461
993 481
993 515
993 526
993 664
993 920
993 930
994 57
994 173
994 189
994 233
994 359
995 0
995 135
995 244
995 461
995 465
995 608
995 683
995 755
995 809
995 930
995 961
996 9
996 159
996 210
996 296
996 303
996 317
996 346
996 404
996 474
996 840
996 987
997 59
997 163
997 274
997 311
997 467
997 668
997 670
997 714
997 767
997 777
997 945
998 13
998 308
998 358
998 387
998 410
998 804
998 813
999 319
999 337
999 487
999 509
999 593
