0 82
0 244
0 459
0 561
0 706
1 59
1 65
1 180
1 367
1 374
1 402
1 481
1 637
1 701
1 725
1 761
1 813
2 183
2 189
2 206
2 294
2 365
2 438
2 442
2 697
2 704
2 868
2 911
3 135
3 216
3 251
3 279
3 420
3 502
3 631
3 664
3 699
3 725
3 883
4 79
4 80
4 86
4 94
4 478
4 610
4 794
4 898
5 1
5 57
5 183
5 215
5 266
5 310
5 462
5 472
5 523
5 600
5 680
5 837
5 869
5 908
6 50
6 310
6 436
6 472
6 580
6 599
7 35
7 48
7 216
7 272
7 310
7 348
7 435
7 512
7 523
7 541
7 655
7 673
7 921
8 21
8 262
8 345
8 491
8 547
8 858
8 974
9 40
9 207
9 222
9 302
9 524
9 528
9 701
9 741
9 744
9 828
9 841
10 18
10 22
10 23
10 266
10 337
10 441
10 455
10 524
10 652
10 799
10 813
10 875
10 895
11 282
11 425
11 537
11 652
11 802
11 963
11 969
11 987
12 31
12 116
12 144
12 250
12 330
12 441
12 722
12 762
13 69
13 187
13 208
13 362
13 664
13 674
13 724
13 979
14 115
14 152
14 189
14 222
14 240
14 475
14 632
14 665
14 873
14 884
15 129
15 259
15 293
15 480
15 633
15 813
15 833
15 930
16 258
16 316
16 536
16 608
16 663
16 671
16 819
16 828
16 842
16 988
17 134
17 164
17 225
17 302
17 802
18 111
18 293
18 306
18 597
18 618
18 661
18 674
18 767
18 824
18 911
19 350
19 379
19 409
19 476
19 706
19 714
19 849
19 851
19 891
19 901
19 930
20 257
20 338
20 499
20 613
20 629
20 698
20 741
20 771
20 795
20 895
21 7
21 43
21 76
21 191
21 228
21 434
21 439
21 465
21 577
21 605
21 687
21 949
22 12
22 158
22 160
22 481
22 501
22 601
22 649
22 760
22 786
22 861
22 962
22 980
22 990
23 132
23 148
23 302
23 358
23 361
23 462
23 551
23 612
23 659
23 684
23 719
23 806
23 807
23 918
24 119
24 146
24 236
24 341
24 444
24 478
24 642
24 700
24 756
24 811
24 850
24 865
24 963
25 69
25 335
25 418
25 426
25 438
25 450
25 504
25 559
25 583
25 657
25 769
25 813
25 902
25 921
25 927
26 81
26 130
26 207
26 229
26 314
26 344
26 558
26 581
26 780
27 314
27 540
27 591
27 638
27 670
27 950
28 161
28 196
28 300
28 343
28 390
28 492
28 555
28 664
28 812
28 843
28 979
29 16
29 70
29 110
29 307
29 457
29 548
29 551
30 48
30 113
30 211
30 214
30 327
30 358
30 383
30 428
30 590
30 604
30 642
30 684
30 690
30 819
30 821
30 935
31 105
31 226
31 247
31 604
31 659
32 347
32 462
32 531
32 618
32 772
32 776
32 778
33 40
33 117
33 118
33 262
33 393
33 426
33 524
33 552
33 897
34 70
34 242
34 362
34 491
34 579
34 590
34 630
34 731
34 791
34 902
34 974
34 987
35 216
35 227
35 440
35 935
36 169
36 378
36 458
36 623
36 671
36 707
36 720
36 762
36 779
36 786
36 793
36 995
37 285
37 303
37 333
37 366
37 412
37 461
37 666
37 713
37 740
37 744
37 763
37 935
38 79
38 82
38 102
38 193
38 435
38 445
38 656
38 673
38 854
38 868
39 288
39 306
39 380
39 388
39 627
39 676
39 811
39 826
39 852
39 864
39 904
40 233
40 377
40 475
40 531
40 608
40 643
40 749
40 781
40 860
40 876
40 979
41 38
41 130
41 193
41 373
41 435
41 512
41 569
41 583
41 727
41 806
41 808
41 824
42 161
42 303
42 336
42 358
42 391
42 716
42 752
42 777
43 143
43 322
43 565
43 687
43 727
43 821
43 981
43 990
44 327
44 768
44 812
44 909
45 50
45 67
45 198
45 260
45 385
45 816
46 307
46 361
46 508
46 600
46 654
47 185
47 189
47 212
47 312
47 354
47 400
47 480
47 534
47 578
47 618
47 667
47 760
47 959
48 18
48 131
48 150
48 290
48 380
48 597
48 607
48 626
48 654
48 776
49 51
49 56
49 70
49 289
49 497
49 669
49 748
50 90
50 106
50 236
50 381
50 422
50 565
50 571
50 599
50 624
50 664
50 845
50 887
50 931
51 93
51 97
51 177
51 234
51 247
51 302
51 508
51 509
51 604
51 628
51 711
51 767
51 811
51 905
51 906
51 944
52 76
52 304
52 354
52 391
52 873
53 8
53 81
53 219
53 434
53 468
53 475
53 521
53 568
53 860
53 941
54 132
54 280
54 395
54 457
54 573
54 604
54 618
54 636
54 676
54 745
54 776
54 819
54 824
54 906
54 998
55 68
55 378
55 453
55 494
55 633
55 710
55 751
55 860
56 161
56 208
56 223
56 237
56 298
56 319
56 527
56 793
56 814
57 11
57 24
57 26
57 119
57 123
57 149
57 154
57 202
57 209
57 310
57 358
57 529
57 538
57 731
57 749
58 108
58 157
58 376
58 429
58 812
58 865
58 868
58 977
59 190
59 233
59 242
59 360
59 390
59 469
59 785
59 926
59 948
60 198
60 397
60 505
60 511
60 697
60 700
60 716
60 853
60 864
60 874
61 419
61 503
61 536
61 781
61 952
62 136
62 299
62 478
62 730
62 741
62 989
63 120
63 300
63 597
64 127
64 293
64 431
64 488
64 739
64 740
64 750
65 19
65 29
65 260
65 285
65 557
65 647
66 57
66 115
66 141
66 162
66 382
66 905
67 70
67 100
67 328
67 415
67 533
67 566
67 569
67 573
67 635
67 780
67 866
67 963
68 6
68 200
68 402
68 699
68 848
68 946
68 990
68 995
69 25
69 58
69 81
69 200
69 232
69 387
69 418
69 428
69 486
69 550
69 588
69 680
69 864
70 13
70 140
70 225
70 310
70 378
70 465
70 603
70 914
70 934
71 41
71 111
71 181
71 301
71 643
72 50
72 60
72 177
72 192
72 636
72 651
72 678
72 937
73 25
73 47
73 58
73 211
73 330
73 408
73 514
73 532
73 565
73 620
73 679
73 694
73 896
73 904
73 931
73 961
73 968
74 313
74 338
74 448
74 461
74 524
74 573
74 589
74 612
74 676
74 764
74 872
74 881
74 963
74 980
75 7
75 43
75 163
75 306
75 349
75 411
75 554
75 687
75 714
75 799
75 997
75 999
76 206
76 244
76 309
76 453
76 521
76 640
76 772
77 30
77 51
77 108
77 240
77 316
77 594
77 804
77 906
77 976
78 132
78 140
78 249
78 448
78 562
78 689
78 726
78 842
78 947
79 71
79 158
79 163
79 193
79 475
79 510
79 601
79 650
79 677
79 851
79 919
79 952
79 982
80 158
80 350
80 467
80 475
80 520
80 565
80 592
80 635
80 954
81 67
81 361
81 511
81 779
81 813
81 843
81 865
81 900
81 945
81 968
82 163
82 263
82 299
82 376
82 391
82 465
82 695
82 800
82 819
82 822
82 952
82 991
83 388
83 658
83 763
84 197
84 198
84 284
84 308
84 316
84 602
84 753
84 826
85 21
85 32
85 203
85 222
85 388
85 515
85 523
85 544
85 658
85 747
85 763
85 820
86 174
86 192
86 227
86 358
86 511
86 551
86 574
86 672
86 751
86 774
86 789
86 822
86 911
87 38
87 79
87 250
87 274
87 309
87 352
87 365
87 455
87 512
87 689
87 711
87 751
87 785
87 813
88 68
88 157
88 186
88 211
88 308
88 383
88 523
88 642
88 661
88 694
88 737
88 739
88 748
88 812
88 902
88 956
89 52
89 188
89 226
89 354
89 420
89 630
89 973
90 146
90 173
90 191
90 341
90 347
90 366
90 472
90 640
90 686
90 700
90 716
90 899
90 954
91 54
91 131
91 188
91 255
91 300
91 362
91 560
91 617
91 624
91 829
91 851
92 62
92 386
92 390
92 633
92 643
92 823
92 898
92 957
93 45
93 97
93 131
93 154
93 178
93 607
93 905
93 985
94 80
94 138
94 205
94 769
94 797
94 843
95 23
95 273
95 341
95 396
95 401
95 496
95 524
95 577
95 694
95 726
95 930
95 986
96 116
96 133
96 158
96 274
96 285
96 483
96 507
96 565
96 605
96 606
96 630
96 652
96 849
97 200
97 495
97 581
97 635
97 686
97 832
97 869
97 891
97 969
98 28
98 225
98 422
98 424
98 439
98 596
98 648
98 703
99 215
99 223
99 458
99 533
99 545
99 559
99 732
99 750
99 837
99 909
100 72
100 109
100 289
100 398
100 599
100 625
100 705
100 711
100 803
100 869
100 905
101 20
101 26
101 135
101 328
101 416
101 487
101 526
101 788
102 19
102 41
102 70
102 166
102 175
102 179
102 308
102 363
102 493
102 668
102 683
102 686
102 726
102 859
102 893
103 204
103 309
103 452
103 600
103 617
103 668
103 756
104 232
104 388
104 468
104 567
104 574
104 578
104 804
104 889
104 934
105 13
105 179
105 198
105 272
105 462
105 489
105 510
105 543
105 592
105 649
105 721
105 766
105 825
105 889
105 897
105 993
106 20
106 125
106 225
106 308
106 365
106 470
106 509
106 517
106 578
106 804
106 940
107 96
107 165
107 341
107 382
107 392
107 504
107 579
107 594
107 754
107 828
107 905
108 97
108 200
108 237
108 303
108 304
108 352
108 362
108 444
108 516
108 632
108 722
108 769
108 957
109 5
109 263
109 304
109 412
109 433
109 459
109 562
109 578
109 785
110 50
110 477
110 585
110 635
110 683
110 827
110 838
110 889
111 38
111 120
111 125
111 362
111 458
111 492
111 529
111 630
111 709
111 710
111 824
111 837
111 872
111 884
111 988
112 24
112 84
112 137
112 189
112 209
112 367
112 394
112 427
112 467
112 488
112 591
112 632
112 715
112 732
112 741
112 751
113 23
113 381
113 403
113 751
114 112
114 139
114 177
114 310
114 625
114 810
114 815
114 984
114 998
115 53
115 102
115 368
115 374
115 578
115 721
116 52
116 337
116 655
116 665
116 735
116 922
117 211
117 215
117 291
117 299
117 353
117 419
117 522
117 610
117 640
117 661
117 698
117 732
117 849
117 863
117 864
117 982
118 15
118 193
118 198
118 243
118 269
118 356
118 496
118 513
118 601
118 956
118 990
119 111
119 134
119 305
119 325
119 351
119 435
119 664
119 748
119 754
119 930
120 36
120 46
120 49
120 51
120 88
120 208
120 231
120 276
120 303
120 311
120 360
120 397
120 403
120 416
120 481
120 573
120 628
120 643
120 665
120 961
120 973
120 978
121 18
121 27
121 82
121 243
121 670
121 703
121 762
121 794
121 808
121 838
122 115
122 166
122 201
122 367
122 462
122 495
122 564
122 620
122 684
122 697
122 840
122 991
123 136
123 180
123 205
123 218
123 308
123 401
123 543
123 826
123 839
123 877
123 953
123 966
124 24
124 58
124 89
124 90
124 152
124 156
124 244
124 346
124 479
124 532
124 605
124 750
124 953
125 248
125 337
125 802
125 874
125 912
126 23
126 195
126 303
126 567
126 653
126 719
126 738
126 780
126 963
126 993
127 128
127 262
127 306
127 335
127 482
127 501
127 542
127 550
127 639
127 648
127 662
127 735
127 736
127 743
127 800
127 878
127 986
128 58
128 78
128 166
128 473
128 942
129 13
129 203
129 330
129 375
129 521
129 574
130 136
130 146
130 189
130 235
130 463
130 767
130 911
131 39
131 61
131 168
131 241
131 274
131 441
131 512
131 712
131 735
131 807
131 895
131 905
132 12
132 72
132 167
132 229
132 241
132 303
132 473
132 517
132 627
132 933
132 942
132 993
133 32
133 123
133 131
133 192
133 200
133 211
133 245
133 271
133 296
133 509
133 546
133 608
133 686
133 766
133 777
133 836
133 893
134 160
134 189
134 212
134 355
134 551
134 571
134 616
134 670
135 40
135 62
135 66
135 439
135 563
135 602
135 762
135 785
135 814
135 820
135 872
135 950
135 961
136 101
136 195
136 254
136 438
136 600
136 666
136 722
136 758
136 835
136 904
136 959
136 960
137 64
137 302
137 396
137 702
137 931
138 107
138 231
138 368
138 466
138 481
138 589
138 647
138 714
138 956
139 94
139 96
139 129
139 140
139 226
139 286
139 296
139 380
139 417
139 446
139 449
139 525
139 654
139 701
139 749
139 780
139 876
140 404
140 424
140 815
140 896
140 926
140 969
141 26
141 34
141 36
141 350
141 476
141 496
141 514
141 515
141 526
141 596
141 726
141 804
141 898
142 72
142 130
142 291
142 412
142 529
142 549
142 616
142 713
142 761
142 780
142 797
143 49
143 193
143 200
143 237
143 319
143 326
143 484
143 507
143 655
143 682
143 768
143 908
143 918
143 945
143 963
144 772
144 905
145 81
145 422
145 424
145 583
145 673
145 781
145 803
145 809
145 836
145 913
146 388
146 450
146 477
146 664
146 815
146 856
146 931
147 7
147 48
147 163
147 165
147 378
147 429
147 545
147 642
147 676
147 777
147 795
147 896
147 909
147 971
147 976
148 322
148 555
148 717
148 720
148 758
149 176
149 392
149 732
149 808
149 854
149 872
149 940
150 278
150 454
150 714
150 732
150 753
150 767
150 820
150 910
150 979
151 41
151 291
151 367
151 436
151 439
151 525
151 549
151 776
151 778
151 813
151 842
152 7
152 96
152 109
152 153
152 284
152 384
152 456
152 461
152 771
152 833
152 847
152 876
152 933
152 936
153 111
153 143
153 164
153 218
153 386
153 421
153 429
153 546
153 631
153 701
153 757
153 850
153 875
154 3
154 117
154 246
154 856
154 875
154 902
154 908
155 56
155 198
155 258
155 407
155 555
155 618
155 696
156 28
156 108
156 366
156 423
156 424
156 426
156 639
156 660
156 780
157 203
157 227
157 236
157 348
157 522
157 746
157 790
157 839
157 872
157 892
158 197
158 247
158 270
158 519
158 653
158 694
158 696
158 790
158 835
158 880
159 69
159 221
159 353
159 375
159 418
159 443
159 504
159 684
159 725
160 64
160 132
160 314
160 315
160 404
160 681
160 751
160 801
160 858
160 880
160 982
161 125
161 260
161 285
161 399
161 400
161 481
161 663
161 990
162 198
162 269
162 289
162 398
162 620
162 624
162 676
162 737
162 782
162 799
163 12
163 62
163 117
163 302
163 337
163 452
163 478
163 565
163 567
163 617
163 804
163 892
163 966
163 981
164 41
164 182
164 194
164 288
164 582
164 749
164 794
164 869
164 922
164 998
165 16
165 43
165 102
165 282
165 301
165 383
165 492
165 523
165 753
165 811
165 848
165 905
166 212
166 443
166 618
166 737
166 813
166 823
166 893
166 982
167 27
167 79
167 85
167 175
167 394
167 461
167 479
168 14
168 87
168 94
168 223
168 271
168 294
168 357
168 494
168 596
168 737
168 825
168 833
168 843
169 4
169 167
169 259
169 303
169 554
169 564
169 567
169 934
170 6
170 63
170 118
170 131
170 325
170 489
170 490
170 553
170 554
170 839
170 915
171 46
171 128
171 158
171 198
171 391
171 516
171 538
171 576
171 917
171 918
172 48
172 70
172 345
172 367
172 644
172 653
172 690
172 692
172 774
172 798
172 809
172 832
172 883
172 887
172 906
172 911
172 948
172 994
173 72
173 182
173 375
173 429
173 464
173 673
173 690
173 732
174 158
174 184
174 226
174 254
174 277
174 281
174 597
174 750
174 945
174 962
175 68
175 362
175 480
175 674
175 810
175 835
176 238
176 309
176 387
176 574
176 641
176 691
177 16
177 55
177 67
177 249
177 644
177 782
177 835
177 852
178 259
178 370
178 392
178 425
178 515
178 553
178 568
178 622
178 710
178 785
178 843
178 863
178 890
178 973
179 54
179 101
179 105
179 127
179 313
179 317
179 422
179 699
179 713
180 99
180 123
180 202
180 345
180 386
180 395
180 408
180 428
180 541
180 629
180 642
180 688
180 702
180 715
180 742
180 933
180 955
180 973
181 9
181 12
181 41
181 55
181 273
181 488
181 505
181 519
181 576
181 671
181 878
181 892
181 906
181 925
182 63
182 69
182 99
182 133
182 254
182 383
182 665
182 670
182 795
182 855
182 955
183 29
183 237
183 446
183 465
183 485
183 623
183 935
183 980
184 379
184 818
184 914
185 4
185 18
185 40
185 228
185 277
185 496
185 655
185 676
186 89
186 202
186 212
186 270
186 375
186 394
186 451
186 465
186 685
186 731
186 908
186 932
187 62
187 123
187 127
187 371
187 423
187 518
187 546
187 566
187 658
187 706
187 719
187 774
187 962
188 33
188 49
188 90
188 401
189 101
189 209
189 746
189 861
189 877
189 969
189 991
190 39
190 79
190 90
190 382
190 399
190 426
190 431
190 494
190 498
190 600
190 892
191 165
191 270
191 349
191 488
191 663
191 739
191 787
191 896
191 946
192 35
192 51
192 202
192 277
192 500
192 544
192 714
192 801
192 856
192 931
192 974
193 135
193 211
193 375
193 393
193 443
193 451
193 457
193 499
193 532
193 540
193 658
193 711
193 714
193 884
193 913
193 975
194 76
194 106
194 288
194 336
194 402
194 413
194 420
194 524
194 540
194 554
194 646
194 868
194 880
194 898
194 976
195 66
195 72
195 146
195 206
195 302
195 599
195 768
195 912
195 973
195 990
196 43
196 57
196 141
196 405
196 493
196 511
196 655
196 683
196 868
197 141
197 165
197 192
197 382
197 701
197 957
198 119
198 156
198 217
198 239
198 365
198 452
198 581
198 623
198 631
198 657
198 741
198 755
198 817
198 898
199 32
199 117
199 153
199 192
199 233
199 274
199 301
199 540
199 635
199 717
199 751
199 863
200 34
200 92
200 131
200 322
200 340
200 367
200 369
200 526
200 845
201 141
201 211
201 349
201 355
201 381
201 641
201 691
201 946
201 958
201 967
202 81
202 164
202 325
202 409
202 525
202 548
202 551
202 560
202 589
203 13
203 89
203 241
203 299
203 335
203 348
203 551
203 742
203 786
203 943
204 171
204 199
204 235
204 320
204 323
204 370
204 383
204 556
204 833
204 906
205 48
205 85
205 106
205 250
205 271
205 550
206 114
206 212
206 329
206 431
206 566
206 591
206 646
206 726
206 775
206 784
206 858
207 20
207 104
207 360
207 429
207 448
207 563
207 667
207 729
207 743
207 765
207 781
207 796
207 889
207 983
208 116
208 227
208 282
208 365
208 396
208 427
208 476
208 730
208 783
209 56
209 201
209 245
209 404
209 414
209 545
209 548
209 594
209 601
209 602
209 648
209 806
209 907
209 934
209 968
210 193
210 196
210 198
210 389
210 452
210 509
210 588
210 621
210 718
210 742
210 781
210 787
210 838
211 83
211 192
211 205
211 347
211 354
211 395
211 462
211 627
211 666
211 747
211 876
212 137
212 495
212 500
212 627
212 638
212 741
212 854
212 878
212 910
212 911
213 58
213 109
213 194
213 272
213 362
213 551
213 659
213 683
213 745
213 779
214 24
214 31
214 644
214 843
214 991
215 51
215 146
215 223
215 544
215 583
215 623
215 723
215 788
215 899
215 968
215 981
216 122
216 194
216 240
216 337
216 601
216 736
216 800
216 807
216 820
216 822
216 977
217 36
217 82
217 176
217 206
217 243
217 343
217 390
218 80
218 369
218 436
218 529
218 768
218 819
218 914
218 972
219 63
219 173
219 208
219 275
219 299
219 387
219 425
219 784
220 98
220 168
220 210
220 269
220 350
220 378
220 391
220 402
220 454
220 468
220 598
220 678
220 732
220 772
220 861
220 949
220 956
220 993
221 50
221 237
221 532
221 734
221 769
221 771
221 801
221 883
221 892
221 930
222 159
222 260
222 299
222 309
222 322
222 442
222 484
222 492
222 660
223 170
223 224
223 226
223 437
223 450
223 778
223 821
223 836
224 52
224 195
224 197
224 407
224 480
224 482
224 556
224 568
224 691
224 892
224 900
224 991
225 27
225 268
225 296
225 569
225 618
225 687
225 703
225 715
225 735
225 805
225 920
225 958
225 972
225 999
226 348
226 453
226 670
226 687
226 722
226 724
226 769
226 822
226 850
227 2
227 154
227 199
227 300
227 586
227 785
227 982
228 247
228 332
228 362
228 497
228 516
228 642
228 706
228 770
228 796
228 895
228 925
228 974
228 985
229 24
229 320
229 352
229 384
229 408
229 416
229 604
229 605
229 614
229 660
229 764
229 806
229 809
229 954
229 964
229 988
230 119
230 205
230 580
230 756
230 782
231 24
231 36
231 201
231 263
231 276
231 446
231 696
232 16
232 150
232 216
232 256
232 558
232 625
232 828
232 842
232 873
232 962
233 4
233 27
233 131
233 222
233 237
233 591
233 779
233 811
233 865
234 212
234 357
234 367
234 393
234 576
235 147
235 217
235 341
235 475
235 725
235 909
236 32
236 45
236 130
236 290
236 342
236 436
236 501
236 507
236 533
236 822
236 994
237 134
237 173
237 190
237 191
237 458
237 669
237 920
237 949
237 970
237 986
238 65
238 118
238 129
238 137
238 155
238 350
238 514
238 594
238 642
238 712
238 924
238 995
239 152
239 158
239 318
239 497
239 537
239 649
239 709
239 728
239 901
240 59
240 122
240 136
240 188
240 216
240 287
240 298
240 596
240 599
240 636
240 677
240 978
241 36
241 311
241 446
241 577
241 647
241 684
241 986
242 57
242 134
242 236
242 245
242 294
242 308
242 695
242 956
242 999
243 16
243 215
243 265
243 299
243 346
243 414
243 806
243 901
243 913
243 969
244 6
244 116
244 148
244 155
244 199
244 200
244 257
244 348
244 414
244 426
244 494
244 510
244 544
244 562
244 787
244 868
245 12
245 126
245 199
245 340
245 471
245 786
245 862
245 944
246 202
246 364
246 586
246 732
246 851
246 921
246 958
247 45
247 49
247 325
247 406
247 457
247 476
247 689
247 805
247 835
247 876
247 921
248 150
248 163
248 167
248 176
248 186
248 227
248 249
248 381
248 387
248 408
248 424
248 425
248 468
248 833
249 91
249 118
249 289
249 409
249 680
249 782
249 818
249 821
249 895
250 17
250 72
250 182
250 221
250 288
250 363
250 383
250 560
250 622
250 660
250 680
250 777
250 798
250 810
250 828
250 940
250 969
251 52
251 95
251 232
251 265
251 369
251 508
251 617
251 746
251 876
252 35
252 107
252 323
252 489
252 492
252 576
252 670
252 882
253 5
253 10
253 181
253 244
253 455
253 647
253 926
254 27
254 110
254 168
254 316
254 320
254 366
254 435
254 477
254 553
254 601
254 618
254 896
254 917
255 318
255 460
255 562
255 669
255 759
255 963
256 8
256 30
256 227
256 427
256 440
256 535
256 543
256 554
256 814
256 840
256 948
257 127
257 159
257 301
257 341
257 505
257 579
257 681
257 730
257 890
258 45
258 81
258 163
258 319
258 333
258 442
258 605
258 627
258 730
258 821
259 169
259 253
259 370
259 419
259 421
259 435
259 441
259 587
259 697
259 868
260 43
260 129
260 139
260 181
260 296
260 634
260 689
260 767
261 290
261 302
261 328
261 338
261 342
261 349
261 539
261 798
261 876
262 28
262 75
262 435
262 546
262 630
262 693
262 725
262 755
262 853
263 39
263 141
263 238
263 351
263 355
263 485
263 700
263 860
263 886
263 887
263 920
263 936
263 949
264 12
264 208
264 584
264 715
264 841
264 857
264 907
264 919
264 976
265 199
265 254
265 359
265 423
265 437
265 469
265 718
265 899
265 983
265 988
266 56
266 104
266 305
266 448
266 555
266 631
266 673
266 932
267 133
267 181
267 270
267 370
267 499
267 531
267 602
267 635
267 901
268 251
268 278
268 398
268 644
268 662
268 688
268 848
268 909
269 24
269 221
269 321
269 346
269 420
269 556
269 797
269 942
270 48
270 104
270 173
270 178
270 216
270 218
270 393
270 417
270 778
270 936
270 966
270 980
271 646
271 788
271 849
272 169
272 278
272 286
272 344
272 453
272 459
272 476
272 529
272 793
272 964
273 131
273 330
273 401
273 427
273 454
273 476
273 589
273 645
273 701
273 711
273 716
273 852
273 953
273 969
274 83
274 182
274 389
274 467
274 512
274 675
274 690
274 839
274 854
274 997
275 24
275 220
275 270
275 272
275 283
275 307
275 390
275 562
275 602
275 863
276 29
276 246
276 317
276 321
276 338
276 419
276 548
276 665
276 835
276 962
276 998
277 20
277 56
277 221
277 266
277 336
277 370
277 404
277 447
277 469
277 492
277 534
277 580
277 711
277 736
277 841
277 950
278 228
278 296
278 334
278 379
278 400
278 430
278 672
278 685
278 789
278 969
279 45
279 168
279 348
279 412
279 615
279 641
279 686
279 753
280 95
280 174
280 324
280 356
280 557
280 591
280 656
280 849
280 916
280 928
280 942
281 109
281 175
281 263
281 484
281 779
281 860
281 873
281 921
281 985
282 77
282 85
282 206
282 342
282 415
282 493
282 529
282 540
282 591
282 643
282 745
282 770
282 789
282 906
283 3
283 356
283 682
283 749
283 846
283 883
283 980
283 992
284 60
284 248
284 264
284 564
284 586
284 622
284 728
284 737
284 854
284 865
284 909
285 282
285 366
285 416
285 438
285 461
285 532
285 574
285 611
285 613
285 663
285 673
285 697
285 716
285 788
285 844
285 886
286 25
286 59
286 299
286 420
286 599
286 626
286 664
286 761
286 914
286 939
286 961
286 969
287 134
287 237
287 378
287 389
287 883
287 998
288 0
288 93
288 374
288 569
288 617
288 851
288 901
288 932
289 132
289 163
289 164
289 175
289 182
289 186
289 268
289 516
289 846
289 890
290 289
290 451
290 499
290 523
290 718
290 747
290 911
291 98
291 356
291 369
291 497
291 546
291 571
291 778
291 979
291 983
292 134
292 192
292 259
292 311
292 350
292 433
292 498
292 614
292 674
292 915
292 916
292 963
293 161
293 199
293 232
293 288
293 354
293 365
293 501
293 625
293 633
293 667
293 738
293 761
293 788
293 795
293 821
293 858
293 996
294 16
294 92
294 108
294 386
294 468
294 638
294 690
294 801
294 881
294 902
295 76
295 252
295 271
295 321
295 351
295 376
295 588
295 714
295 761
295 835
295 951
296 91
296 94
296 186
296 260
296 269
296 298
296 326
296 366
296 445
296 581
296 584
296 890
296 974
297 135
297 183
297 407
297 458
297 526
297 527
297 916
297 981
298 243
298 754
298 799
298 983
298 997
299 12
299 29
299 81
299 313
299 328
299 534
299 977
300 109
300 478
300 504
300 560
300 604
300 704
300 729
300 803
300 961
300 968
301 7
301 185
301 196
301 263
301 592
301 684
301 834
301 842
301 985
302 72
302 97
302 145
302 264
302 299
302 384
302 413
302 695
303 37
303 116
303 178
303 182
303 387
303 448
303 493
303 606
303 743
303 748
303 980
304 45
304 131
304 172
304 180
304 201
304 280
304 443
304 521
304 607
304 737
304 743
304 766
304 773
304 807
304 832
304 922
305 114
305 191
305 279
305 398
305 547
305 552
305 571
305 672
305 684
305 746
305 894
305 955
305 970
306 36
306 103
306 140
306 175
306 455
306 482
306 519
306 719
306 883
306 917
307 197
307 270
307 364
307 436
307 532
307 640
307 724
307 745
307 810
307 947
307 999
308 63
308 93
308 149
308 270
308 271
308 514
308 530
308 768
308 769
308 845
308 869
308 874
308 902
308 940
309 107
309 171
309 173
309 240
309 250
309 274
309 281
309 290
309 537
309 929
309 951
310 15
310 31
310 39
310 73
310 119
310 223
310 308
310 362
310 448
310 634
310 650
310 680
310 772
310 813
310 928
311 172
311 372
311 393
311 508
311 550
311 622
311 712
311 887
311 905
312 44
312 79
312 85
312 95
312 230
312 368
312 584
312 621
312 633
312 973
313 45
313 62
313 80
313 239
313 329
313 349
313 407
313 408
313 445
313 465
313 522
313 591
313 647
313 744
313 868
314 18
314 255
314 344
314 469
314 484
314 616
314 671
314 762
314 808
314 858
314 906
315 97
315 127
315 198
315 239
315 241
315 278
315 397
315 400
315 402
315 644
315 866
315 971
315 992
316 134
316 237
316 260
316 284
316 332
316 429
316 653
316 751
316 900
316 953
317 2
317 123
317 262
317 275
317 369
317 517
317 800
317 810
317 854
317 876
317 922
317 978
318 90
318 246
318 248
318 265
318 493
318 787
318 916
319 168
319 440
319 534
319 937
320 152
320 158
320 183
320 371
320 428
320 481
320 554
320 629
320 669
320 801
320 814
321 56
321 94
321 131
321 201
321 420
321 583
321 646
321 651
321 714
321 821
321 852
321 997
322 115
322 188
322 351
322 386
322 674
322 723
322 774
322 843
322 987
323 1
323 26
323 255
323 479
323 856
323 882
323 986
324 38
324 108
324 151
324 213
324 346
324 443
324 503
324 577
324 638
324 708
324 816
324 832
324 975
325 6
325 150
325 285
325 560
325 671
325 710
325 832
326 85
326 313
326 373
326 442
326 665
326 782
326 790
326 817
326 879
326 912
326 953
327 292
327 458
327 620
327 678
327 679
327 684
327 685
327 697
327 764
327 775
327 847
327 904
327 999
328 18
328 210
328 367
328 455
328 561
328 748
328 761
328 781
328 844
328 955
329 26
329 93
329 106
329 244
329 479
329 519
329 581
329 641
329 683
329 889
329 903
329 908
330 124
330 197
330 406
330 503
330 552
330 674
330 698
330 886
330 903
330 937
330 956
330 963
331 394
331 435
331 554
331 569
331 606
331 627
331 746
331 786
331 860
331 959
332 347
332 377
332 391
332 409
332 411
332 464
332 495
332 499
332 618
332 629
332 791
332 794
332 795
332 874
333 210
333 250
333 368
333 531
333 554
333 786
333 803
333 874
334 201
334 383
334 483
334 491
334 500
334 578
334 646
334 932
335 256
335 343
335 624
335 709
335 798
335 803
335 805
335 864
335 902
336 136
336 266
336 457
336 731
336 739
336 795
336 840
336 928
336 930
337 119
337 169
337 235
337 307
337 328
337 506
337 731
337 825
337 973
337 997
338 413
338 486
338 540
338 595
338 663
338 819
339 66
339 67
339 511
339 587
339 637
339 750
339 751
339 769
340 2
340 647
340 808
340 927
341 28
341 296
341 314
341 354
341 453
341 703
341 785
341 877
341 981
342 65
342 137
342 202
342 224
342 269
342 572
342 623
342 639
342 640
342 698
342 774
342 851
342 858
342 944
343 18
343 124
343 261
343 263
343 298
343 527
343 592
343 598
343 742
343 753
343 777
343 856
344 105
344 120
344 202
344 380
344 385
344 465
344 752
344 839
344 840
344 905
344 997
345 122
345 129
345 212
345 301
345 378
345 381
345 448
345 462
345 512
345 666
345 902
345 988
345 994
346 18
346 31
346 74
346 87
346 108
346 291
346 370
346 468
346 513
346 628
346 719
346 736
346 960
347 63
347 158
347 166
347 264
347 368
347 489
347 613
347 638
347 699
347 725
347 783
348 170
348 196
348 281
348 316
348 358
348 419
348 516
348 589
348 694
348 736
348 741
348 750
348 968
348 982
349 204
349 303
349 358
349 449
349 748
349 825
349 933
350 15
350 87
350 107
350 217
350 514
350 525
350 548
350 553
350 590
350 733
350 781
350 827
350 888
350 941
351 17
351 52
351 97
351 142
351 210
351 340
351 542
351 550
351 560
351 610
352 35
352 217
352 219
352 303
352 374
352 496
352 498
352 533
352 583
352 614
352 709
352 757
352 828
352 928
352 992
353 97
353 123
353 129
353 279
353 424
353 458
353 524
353 583
353 621
353 839
354 66
354 70
354 185
354 268
354 309
354 616
354 638
354 722
354 731
355 86
355 142
355 212
355 591
355 669
355 845
355 988
356 11
356 45
356 85
356 155
356 181
356 254
356 262
356 328
356 341
356 594
356 611
356 624
356 637
356 658
356 659
356 691
356 720
356 993
357 122
357 271
357 274
357 305
357 390
357 400
357 566
357 742
358 95
358 177
358 216
358 231
358 332
358 699
358 715
358 831
358 845
358 928
359 101
359 143
359 248
359 260
359 272
359 325
359 339
359 801
359 936
360 32
360 241
360 282
360 426
360 442
360 596
360 739
360 898
361 36
361 127
361 172
361 263
361 280
361 326
361 403
361 556
361 613
361 629
361 969
362 16
362 84
362 371
362 462
362 640
362 687
362 790
362 883
362 953
363 86
363 146
363 223
363 459
363 527
363 694
363 767
363 817
363 850
363 913
363 922
363 988
364 167
364 192
364 299
364 318
364 424
364 721
364 756
364 763
364 819
364 962
365 16
365 108
365 219
365 240
365 248
365 382
365 527
365 530
365 557
365 582
365 707
365 807
365 838
365 861
365 961
365 975
366 37
366 67
366 166
366 195
366 242
366 299
366 308
366 405
366 500
366 649
366 791
366 849
366 933
367 50
367 125
367 203
367 232
367 302
367 530
367 672
367 712
367 825
368 90
368 176
368 188
368 215
368 226
368 245
368 265
368 348
368 427
368 484
368 520
368 670
368 680
368 828
368 838
368 895
368 991
369 4
369 167
369 273
369 523
369 678
369 803
369 939
369 985
370 100
370 326
370 361
370 445
370 569
370 577
370 748
370 756
370 842
370 867
371 0
371 166
371 218
371 307
371 410
371 422
371 454
371 641
371 653
371 825
371 827
371 919
371 978
372 19
372 75
372 149
372 294
372 439
372 512
372 607
372 634
372 744
372 844
372 890
372 923
372 969
372 973
373 39
373 109
373 122
373 129
373 587
373 826
373 832
374 42
374 90
374 119
374 262
374 323
374 446
374 599
374 623
374 889
374 997
375 6
375 45
375 76
375 89
375 169
375 210
375 280
375 319
375 341
375 406
375 470
375 569
375 622
375 648
375 667
375 681
376 110
376 340
376 356
376 478
376 611
376 651
376 696
376 729
376 856
376 978
377 119
377 135
377 257
377 272
377 442
377 485
377 538
377 565
377 598
377 749
377 977
377 981
378 62
378 95
378 109
378 119
378 208
378 242
378 463
378 581
378 630
378 635
378 657
378 727
378 793
378 843
378 879
379 95
379 384
379 469
379 643
379 669
379 766
379 853
379 898
380 60
380 112
380 147
380 491
380 531
380 617
380 655
380 692
380 794
380 800
380 907
381 253
381 298
381 416
381 445
381 501
381 634
381 660
381 663
381 677
381 790
381 985
381 986
382 138
382 372
382 563
382 567
382 621
382 804
382 844
382 922
382 924
382 959
383 125
383 215
383 223
383 259
383 311
383 389
383 457
383 467
383 556
383 680
383 884
383 948
384 143
384 312
384 386
384 518
384 770
384 854
384 881
385 28
385 122
385 145
385 305
385 372
385 404
385 460
385 592
385 695
385 930
386 26
386 52
386 200
386 207
386 302
386 377
386 446
386 538
386 656
386 697
386 763
386 787
386 826
386 913
386 919
386 951
386 996
386 999
387 70
387 81
387 153
387 182
387 229
387 325
387 386
387 403
387 567
387 572
387 655
387 677
387 976
388 136
388 357
388 470
388 510
388 596
388 626
388 627
388 681
388 750
388 870
388 915
388 933
388 950
388 978
389 37
389 55
389 225
389 456
389 657
389 698
389 700
389 726
389 767
389 792
390 24
390 184
390 232
390 321
390 439
390 440
390 612
390 615
390 713
390 816
391 320
391 614
391 630
391 660
391 666
391 670
391 896
391 924
391 970
392 188
392 207
392 242
392 393
392 475
392 499
392 581
392 670
392 963
392 996
393 47
393 54
393 250
393 290
393 419
393 441
393 543
393 564
393 677
393 717
393 781
394 168
394 203
394 278
394 310
394 391
394 403
394 413
394 421
394 425
394 733
395 21
395 22
395 134
395 202
395 420
395 432
395 513
395 594
395 696
395 811
395 836
395 922
395 947
395 986
396 140
396 202
396 261
396 395
396 437
396 439
396 648
396 758
396 787
396 966
396 971
396 994
396 998
397 253
397 300
397 303
397 349
397 409
397 446
397 456
397 584
397 777
397 791
398 141
398 245
398 307
398 350
398 475
398 690
398 744
398 769
398 953
398 997
399 49
399 128
399 182
399 501
399 589
399 770
399 853
399 901
400 97
400 242
400 388
400 803
400 810
400 865
401 74
401 161
401 235
401 364
401 383
401 586
401 837
401 871
401 919
401 923
401 932
402 6
402 172
402 197
402 284
402 471
402 547
402 566
402 750
402 917
403 112
403 135
403 293
403 354
403 398
403 419
403 453
403 500
403 610
403 622
403 638
403 754
403 759
403 857
403 964
404 220
404 239
404 293
404 307
404 312
404 556
404 591
404 592
404 711
404 832
404 852
404 862
404 907
405 92
405 111
405 306
405 416
405 826
406 157
406 219
406 224
406 228
406 253
406 327
406 458
406 489
406 505
406 537
406 598
406 631
406 787
407 70
407 74
407 82
407 148
407 293
407 312
407 314
407 337
407 350
407 358
407 389
407 503
407 925
408 41
408 53
408 462
408 539
408 589
408 877
408 906
409 78
409 107
409 136
409 275
409 427
409 455
409 512
409 563
409 570
409 572
409 594
409 646
409 731
409 850
409 907
409 927
409 976
410 21
410 62
410 109
410 118
410 204
410 319
410 443
410 567
410 572
410 720
410 759
410 845
410 995
411 333
411 534
411 570
411 755
411 810
411 840
412 108
412 140
412 230
412 445
412 655
412 825
412 912
412 957
413 3
413 79
413 173
413 188
413 271
413 282
413 302
413 333
413 492
413 499
413 522
413 712
413 742
413 817
413 834
414 306
414 392
414 445
414 770
414 789
414 913
414 964
414 966
414 989
415 138
415 205
415 243
415 276
415 355
415 630
415 633
415 743
415 755
416 59
416 95
416 216
416 321
416 535
416 723
416 811
416 837
416 915
417 59
417 123
417 346
417 606
417 608
417 627
417 792
417 793
417 813
418 21
418 332
418 388
418 405
418 526
418 606
418 619
418 822
418 887
418 942
418 959
419 84
419 234
419 399
419 546
419 753
419 783
419 877
419 896
419 955
420 382
420 469
420 646
420 679
420 693
420 732
420 781
420 967
420 982
420 983
420 994
421 207
421 270
421 321
421 336
421 344
421 386
421 577
421 701
421 885
422 74
422 126
422 187
422 242
422 488
422 557
422 765
422 899
423 68
423 69
423 110
423 191
423 212
423 326
423 446
423 473
423 529
423 606
423 827
423 925
424 58
424 61
424 276
424 317
424 378
424 519
424 629
424 896
424 937
424 938
424 951
424 969
425 20
425 22
425 46
425 158
425 206
425 287
425 300
425 391
425 444
425 563
425 771
425 779
425 794
425 877
425 973
426 61
426 223
426 235
426 282
426 322
426 326
426 339
426 514
426 589
426 634
426 674
426 710
426 726
427 143
427 291
427 339
427 344
427 557
427 573
427 583
427 642
427 661
427 861
427 864
427 882
427 889
427 896
427 897
427 930
427 936
428 87
428 275
428 281
428 446
428 513
428 591
429 68
429 167
429 233
429 372
429 420
429 458
429 537
429 997
430 41
430 91
430 144
430 292
430 400
430 531
430 619
430 627
430 665
430 762
430 963
431 417
431 474
431 522
431 793
431 842
431 871
431 893
431 900
431 947
431 967
432 283
432 391
432 426
432 430
432 446
432 574
432 622
432 707
432 727
432 757
432 890
433 51
433 71
433 231
433 292
433 329
433 429
433 435
433 604
433 618
433 632
433 788
433 789
434 10
434 114
434 483
434 931
434 977
435 71
435 444
435 482
435 562
435 708
435 800
435 895
435 915
435 998
436 132
436 205
436 280
436 308
436 353
436 520
436 538
436 544
436 667
436 731
436 910
436 938
436 983
437 377
437 447
437 473
437 486
437 535
437 579
437 601
437 608
437 759
437 777
437 783
437 790
437 983
438 321
438 324
438 337
438 580
438 753
438 820
438 983
439 98
439 214
439 237
439 297
439 362
439 377
439 385
439 523
439 641
439 712
439 905
439 963
440 237
440 373
440 472
440 525
440 602
440 676
440 778
440 809
441 202
441 254
441 297
441 360
441 402
441 436
441 749
441 859
441 864
441 878
442 341
442 344
442 401
442 549
442 568
442 586
442 668
442 854
442 860
442 907
442 916
442 980
443 74
443 205
443 542
443 618
443 626
443 662
443 748
443 808
443 809
444 37
444 54
444 117
444 186
444 195
444 293
444 296
444 306
444 382
444 690
444 762
444 776
444 940
445 22
445 46
445 105
445 177
445 345
445 429
445 869
445 962
446 228
446 297
446 759
446 799
446 899
447 178
447 269
447 362
447 412
447 859
447 876
447 880
447 959
448 98
448 221
448 237
448 292
448 321
448 475
448 558
448 566
448 689
448 760
448 816
448 834
448 861
449 160
449 162
449 177
449 267
449 330
449 443
449 459
449 698
449 805
449 932
450 51
450 52
450 76
450 93
450 143
450 231
450 732
450 897
451 35
451 60
451 166
451 188
451 306
451 446
451 677
451 825
451 909
451 913
452 63
452 225
452 413
452 560
452 690
452 717
452 746
452 949
452 958
453 28
453 133
453 305
453 479
453 583
453 606
453 715
453 734
454 45
454 89
454 181
454 572
454 670
454 673
454 848
455 81
455 120
455 258
455 300
455 328
455 458
455 487
455 583
455 629
455 634
455 846
455 931
456 16
456 123
456 223
456 351
456 432
456 458
456 586
456 738
456 806
456 970
456 994
457 107
457 153
457 177
457 239
457 324
457 521
457 738
458 6
458 189
458 192
458 240
458 424
458 506
458 589
458 855
458 978
459 17
459 78
459 242
459 402
459 496
459 561
459 596
459 940
459 988
460 11
460 192
460 263
460 290
460 309
460 415
460 559
460 633
460 665
460 666
460 692
460 722
460 816
460 876
461 87
461 212
461 370
461 389
461 414
461 657
461 662
461 743
461 804
461 826
461 904
461 939
462 131
462 174
462 222
462 238
462 260
462 267
462 314
462 379
462 423
462 522
462 530
462 725
462 946
463 249
463 303
463 399
463 634
463 672
463 850
464 51
464 167
464 252
464 306
464 388
464 510
464 527
464 724
464 850
464 909
465 153
465 191
465 535
465 605
465 667
465 766
465 919
466 623
466 767
466 930
466 984
466 994
467 24
467 36
467 149
467 154
467 358
467 685
467 809
468 8
468 30
468 102
468 153
468 160
468 388
468 396
468 730
468 773
468 807
468 849
468 953
469 4
469 19
469 179
469 193
469 204
469 245
469 253
469 419
469 446
469 483
469 665
469 677
469 912
470 278
470 290
470 483
470 519
470 799
470 856
471 16
471 19
471 82
471 434
471 445
471 492
471 771
471 821
471 835
471 944
472 38
472 60
472 136
472 268
472 309
472 315
472 360
472 781
472 788
472 926
473 29
473 136
473 140
473 180
473 289
473 290
473 327
473 360
473 441
473 448
473 459
473 467
473 472
473 480
473 560
473 591
473 594
473 608
473 696
473 702
473 774
473 777
473 803
473 872
473 882
474 186
474 330
474 337
474 617
474 688
474 690
474 755
474 820
475 115
475 154
475 253
475 432
475 495
475 557
475 609
475 844
475 857
476 133
476 169
476 266
476 372
476 418
476 695
476 700
476 718
476 915
476 916
477 16
477 23
477 34
477 110
477 286
477 959
478 403
478 482
478 600
478 626
478 743
478 761
478 785
478 805
478 836
479 80
479 187
479 228
479 414
479 417
479 624
479 718
479 937
480 2
480 78
480 181
480 183
480 204
480 327
480 587
480 708
480 777
480 866
481 333
481 534
481 581
481 791
481 810
481 872
481 898
482 26
482 167
482 239
482 370
482 576
482 958
483 231
483 247
483 360
483 415
483 503
483 506
483 628
483 648
483 684
483 711
483 719
483 728
483 813
483 906
483 976
484 38
484 80
484 159
484 202
484 224
484 591
484 725
484 786
484 915
485 95
485 262
485 336
485 473
485 663
485 710
485 753
485 782
485 863
486 53
486 55
486 60
486 308
486 410
486 497
486 678
486 744
486 750
486 774
487 3
487 94
487 193
487 473
487 528
487 615
487 632
487 755
487 804
487 817
487 957
487 973
488 115
488 369
488 423
488 529
488 591
488 684
488 887
489 53
489 372
489 451
489 488
489 630
489 916
490 100
490 108
490 358
490 368
490 385
490 395
490 417
490 437
490 593
490 748
490 905
490 938
490 978
491 9
491 256
491 299
491 392
491 553
491 734
491 795
491 808
491 816
491 940
492 36
492 60
492 248
492 261
492 303
492 326
492 423
492 600
492 777
492 830
492 833
493 1
493 127
493 242
493 259
493 302
493 326
493 400
493 463
493 777
493 822
493 878
494 260
494 302
494 329
494 421
494 426
494 556
494 675
495 157
495 327
495 521
495 613
495 702
495 739
495 793
495 855
495 877
495 979
496 1
496 105
496 325
496 406
496 672
497 219
497 367
497 421
497 528
497 845
497 969
498 10
498 18
498 48
498 65
498 142
498 180
498 553
498 699
498 804
498 902
498 977
499 222
499 319
499 430
499 505
499 648
499 665
499 850
499 919
499 948
499 949
500 44
500 151
500 204
500 223
500 262
500 285
500 302
500 366
500 702
500 910
500 931
500 952
501 3
501 165
501 367
501 373
501 378
501 461
501 599
501 696
501 700
501 838
501 947
501 989
502 32
502 41
502 51
502 56
502 72
502 122
502 221
502 268
502 287
502 494
502 512
502 648
502 806
503 3
503 92
503 131
503 139
503 237
503 389
503 466
503 781
503 822
503 830
503 922
503 944
503 989
504 81
504 301
504 509
504 514
504 563
504 671
504 707
504 757
504 808
505 178
505 242
505 332
505 372
505 498
505 614
505 786
505 809
505 973
505 988
506 146
506 183
506 313
506 390
506 394
506 432
506 475
506 501
506 547
506 574
506 598
506 984
507 157
507 226
507 532
507 595
507 597
507 856
508 9
508 51
508 159
508 216
508 339
508 427
508 551
508 580
508 611
508 615
508 796
508 875
508 876
509 48
509 145
509 259
509 306
509 510
509 612
509 731
509 741
509 803
509 846
510 51
510 353
510 365
510 390
510 505
510 610
510 630
510 726
510 738
510 826
510 907
511 81
511 120
511 247
511 298
511 372
511 564
511 808
511 832
511 841
511 973
512 23
512 103
512 120
512 273
512 408
512 465
512 502
512 613
512 642
513 21
513 126
513 240
513 248
513 322
513 622
513 714
513 902
513 935
514 23
514 148
514 196
514 241
514 266
514 335
514 524
514 585
514 604
514 723
514 923
515 144
515 193
515 218
515 263
515 598
515 709
515 990
516 3
516 53
516 201
516 259
516 260
516 285
516 381
516 457
516 664
516 761
516 826
516 909
517 188
517 561
517 569
517 666
517 737
517 755
517 831
517 884
517 929
517 934
518 93
518 100
518 109
518 169
518 181
518 408
518 492
518 504
518 750
518 953
519 62
519 196
519 288
519 323
519 477
519 488
519 601
519 625
519 810
519 980
520 429
520 508
520 771
520 810
520 855
520 944
521 236
521 271
521 529
521 712
521 730
521 837
521 951
521 987
522 22
522 103
522 126
522 149
522 181
522 292
522 349
522 351
522 414
522 616
522 647
522 857
523 207
523 504
523 813
523 844
524 74
524 93
524 184
524 553
524 570
524 977
525 11
525 73
525 190
525 275
525 355
525 467
525 618
525 729
525 773
525 804
525 830
525 973
526 85
526 107
526 251
526 399
526 630
526 734
526 808
527 21
527 120
527 270
527 291
527 361
527 555
527 571
527 617
527 635
527 669
527 850
528 87
528 160
528 319
528 334
528 411
528 573
528 831
528 914
529 3
529 67
529 152
529 156
529 359
529 400
529 493
529 561
529 675
529 771
529 796
530 332
530 777
530 873
531 14
531 456
531 478
531 499
531 550
531 561
531 752
531 963
532 6
532 99
532 125
532 271
532 342
532 426
532 454
532 504
532 561
532 648
532 754
533 26
533 34
533 64
533 138
533 210
533 481
533 482
533 509
533 633
533 675
533 708
533 841
533 869
533 872
533 904
533 946
534 19
534 116
534 273
534 429
534 453
534 691
534 808
535 5
535 82
535 199
535 418
535 541
535 587
535 621
535 647
535 653
535 762
535 822
535 825
535 948
536 49
536 118
536 138
536 177
536 223
536 224
536 313
536 424
536 426
536 786
536 932
536 940
536 967
537 478
537 515
537 553
537 666
537 771
538 148
538 177
538 241
538 266
538 443
538 570
538 664
538 859
538 875
538 907
538 970
539 34
539 193
539 257
539 895
539 924
540 116
540 233
540 290
540 301
540 313
540 326
540 367
540 396
540 787
540 848
540 862
541 30
541 123
541 168
541 446
541 623
541 716
541 803
541 873
541 923
542 253
542 270
542 289
542 323
542 503
542 748
542 988
543 12
543 161
543 278
543 311
543 312
543 365
543 434
543 637
543 676
543 794
543 964
544 3
544 32
544 143
544 298
544 396
544 733
544 833
545 19
545 22
545 84
545 129
545 193
545 225
545 285
545 294
545 412
545 424
545 579
545 630
545 786
545 922
545 944
545 951
546 13
546 22
546 55
546 68
546 123
546 125
546 202
546 217
546 252
546 317
546 490
546 544
546 746
546 774
546 922
547 61
547 102
547 192
547 222
547 272
547 276
547 368
547 614
547 891
547 909
547 962
548 69
548 125
548 187
548 192
548 222
548 398
548 716
548 786
548 934
549 227
549 239
549 244
549 269
549 304
549 314
549 589
549 765
550 61
550 115
550 185
550 252
550 315
550 429
550 479
550 616
550 860
550 937
550 994
551 28
551 95
551 325
551 425
551 473
551 537
551 588
551 602
551 654
551 793
551 848
551 949
551 974
552 29
552 39
552 240
552 298
552 467
552 469
552 524
552 550
552 676
552 753
552 782
553 161
553 376
553 438
553 468
553 474
553 643
553 785
553 845
554 26
554 32
554 33
554 119
554 127
554 286
554 607
554 681
554 753
554 851
554 857
554 891
554 964
555 249
555 471
555 508
555 593
555 694
555 730
555 758
555 825
555 896
555 971
555 999
556 109
556 412
556 781
556 812
556 958
556 963
557 356
557 489
557 549
557 618
557 639
557 649
557 682
557 836
558 229
558 413
558 774
558 800
558 822
558 878
558 989
559 4
559 19
559 21
559 328
559 445
559 487
559 505
559 658
559 706
559 775
560 26
560 76
560 107
560 506
560 538
560 981
561 36
561 77
561 128
561 163
561 290
561 430
561 601
561 609
561 681
561 743
561 921
561 975
562 18
562 49
562 175
562 440
562 564
562 813
562 902
562 917
563 89
563 121
563 160
563 184
563 249
563 649
563 867
563 964
563 990
564 49
564 456
564 737
564 810
564 861
564 869
564 882
564 931
565 41
565 198
565 403
565 461
565 494
565 644
565 669
565 691
565 731
565 772
565 803
565 835
565 962
566 5
566 16
566 50
566 350
566 746
566 769
566 774
566 855
566 954
567 3
567 108
567 112
567 280
567 326
567 438
567 478
567 531
568 92
568 101
568 160
568 161
568 163
568 251
568 259
568 494
568 572
568 771
568 779
569 27
569 171
569 241
569 289
569 399
569 646
569 711
569 937
570 120
570 254
570 301
570 355
570 404
570 508
570 542
570 590
570 666
570 920
570 942
571 277
571 383
571 642
571 764
571 827
571 914
571 950
572 198
572 606
572 886
572 910
572 974
573 222
573 225
573 253
573 280
573 340
573 777
574 12
574 117
574 136
574 180
574 220
574 342
574 454
574 476
574 563
574 604
574 639
574 651
574 678
574 884
575 42
575 100
575 175
575 226
575 408
575 442
575 463
575 538
575 606
575 626
575 667
575 922
576 75
576 205
576 567
576 616
576 669
576 674
576 675
576 770
576 986
577 19
577 98
577 134
577 142
577 178
577 199
577 311
577 355
577 371
577 387
577 444
577 626
577 823
577 933
578 38
578 137
578 210
578 292
578 466
578 639
578 680
578 743
578 948
578 970
579 14
579 16
579 158
579 167
579 268
579 350
579 450
579 489
579 607
579 651
579 844
579 993
579 995
580 35
580 91
580 120
580 223
580 260
580 453
580 577
580 609
580 656
580 667
580 821
580 826
580 949
581 178
581 244
581 276
581 437
581 479
581 940
582 75
582 278
582 399
582 406
582 431
582 438
582 483
582 822
582 863
583 1
583 94
583 102
583 128
583 181
583 264
583 270
583 346
583 401
583 415
583 606
583 715
583 854
583 867
583 888
583 924
583 940
583 992
584 3
584 11
584 56
584 295
584 345
584 542
584 642
584 673
584 766
584 912
585 0
585 44
585 375
585 489
585 601
585 650
585 653
585 890
585 891
586 25
586 92
586 188
586 479
586 495
586 619
586 636
586 677
586 724
586 843
587 52
587 57
587 152
587 157
587 203
587 363
587 404
587 408
587 421
587 517
587 756
587 988
588 5
588 140
588 175
588 397
588 442
588 499
588 572
588 656
588 763
588 800
588 998
589 78
589 195
589 469
589 523
589 586
589 605
589 665
589 701
589 866
589 882
589 888
589 903
590 249
590 272
590 327
590 380
590 439
590 446
590 646
590 988
591 198
591 294
591 508
591 531
591 551
591 557
591 570
591 604
591 613
591 743
591 814
591 819
592 235
592 380
592 397
592 526
592 549
592 680
592 696
592 753
592 790
592 897
592 943
593 107
593 111
593 152
593 242
593 299
593 307
593 344
593 431
593 625
593 838
594 111
594 218
594 451
594 483
594 670
594 681
594 732
594 815
594 921
595 0
595 27
595 184
595 203
595 276
595 404
595 448
595 471
595 768
596 126
596 327
596 520
596 782
596 886
597 7
597 48
597 66
597 491
597 556
597 694
597 875
597 919
598 23
598 83
598 110
598 228
598 272
598 287
598 304
598 322
598 710
598 883
598 972
599 22
599 37
599 39
599 259
599 265
599 325
599 476
599 494
599 511
599 573
599 644
599 661
599 714
599 899
599 908
599 929
600 18
600 20
600 29
600 183
600 269
600 325
600 614
600 642
600 760
600 907
601 43
601 258
601 396
601 417
601 480
601 482
601 574
601 575
601 615
601 745
601 829
601 900
602 584
602 604
602 664
602 685
602 715
602 920
603 208
603 214
603 402
603 563
603 595
603 926
604 227
604 243
604 370
604 657
604 789
604 930
605 228
605 270
605 495
605 513
605 528
605 742
605 869
606 49
606 108
606 224
606 225
606 252
606 480
606 569
606 586
606 624
606 734
606 881
606 976
607 48
607 171
607 194
607 253
607 373
607 439
607 645
607 792
607 795
607 808
607 809
607 943
608 69
608 132
608 242
608 252
608 482
608 579
608 585
608 621
608 789
608 934
608 944
608 973
608 984
609 27
609 121
609 430
609 501
609 687
609 738
609 936
610 58
610 124
610 219
610 234
610 245
610 289
610 376
610 401
610 474
610 486
610 667
610 751
610 874
610 951
611 20
611 140
611 154
611 268
611 361
611 441
611 460
611 475
611 616
611 713
611 785
611 814
612 80
612 336
612 473
612 906
612 946
613 46
613 285
613 351
613 444
613 468
613 564
613 568
613 827
613 843
614 20
614 26
614 141
614 197
614 206
614 431
614 648
614 700
614 765
614 780
614 856
614 933
614 940
614 975
615 154
615 213
615 232
615 272
615 310
615 341
615 408
615 409
615 452
615 494
615 521
615 522
615 659
615 828
615 852
615 960
616 21
616 57
616 194
616 276
616 295
616 340
616 363
616 455
616 555
616 835
616 856
616 962
617 42
617 53
617 174
617 184
617 288
617 399
617 593
617 605
617 643
617 685
617 773
617 787
618 147
618 204
618 315
618 534
618 639
618 985
618 991
619 39
619 131
619 183
619 186
619 257
619 339
619 342
619 358
619 614
619 771
619 956
619 989
620 168
620 186
620 241
620 242
620 270
620 294
620 565
620 685
620 750
620 838
620 868
621 27
621 138
621 188
621 299
621 370
621 694
621 706
621 995
622 21
622 131
622 283
622 481
622 503
622 507
622 519
622 775
622 790
623 8
623 193
623 210
623 428
623 556
623 741
623 749
623 756
623 916
623 934
624 27
624 97
624 105
624 129
624 202
624 232
624 361
624 541
624 766
624 859
624 947
624 988
625 10
625 100
625 206
625 544
625 573
625 846
625 964
626 330
626 504
626 520
627 0
627 462
627 528
627 699
627 836
627 892
627 896
627 932
627 997
628 0
628 35
628 175
628 255
628 328
628 352
628 403
628 463
628 498
628 553
628 608
628 687
629 38
629 512
629 698
630 82
630 158
630 305
630 413
630 418
630 421
630 510
630 526
630 654
630 693
630 868
630 875
630 888
630 977
631 17
631 155
631 228
631 248
631 255
631 351
631 489
631 843
631 855
631 972
632 64
632 123
632 436
632 767
632 769
632 817
632 840
632 968
633 18
633 99
633 147
633 450
633 648
633 921
633 960
634 104
634 105
634 108
634 156
634 175
634 182
634 192
634 302
634 361
634 635
634 636
634 699
634 750
635 22
635 330
635 519
635 528
635 584
635 712
635 952
636 23
636 375
636 404
636 424
636 661
636 874
636 876
636 998
637 132
637 189
637 266
637 432
637 629
637 718
637 829
637 878
637 998
638 91
638 265
638 398
638 451
638 453
638 559
638 658
638 769
638 770
639 21
639 107
639 125
639 254
639 258
639 285
639 339
639 742
639 882
639 966
640 20
640 33
640 194
640 271
640 406
640 685
640 940
641 45
641 142
641 187
641 213
641 233
641 377
641 379
641 425
641 701
641 714
641 738
641 762
641 839
641 847
641 985
642 54
642 95
642 112
642 169
642 320
642 332
642 372
642 617
642 820
642 991
643 38
643 85
643 178
643 378
643 423
643 447
643 462
643 703
643 820
643 947
643 949
644 38
644 45
644 93
644 119
644 173
644 196
644 224
644 577
644 760
644 847
644 866
645 36
645 310
645 695
645 738
645 762
645 894
646 75
646 80
646 313
646 333
646 470
646 579
646 650
646 761
646 802
646 853
647 131
647 193
647 398
647 414
647 552
647 596
648 3
648 18
648 153
648 496
648 554
648 817
648 873
649 159
649 182
649 462
649 565
649 640
649 860
649 956
650 444
650 599
650 617
650 639
650 710
650 818
650 937
651 78
651 219
651 426
651 609
651 673
651 731
651 760
651 801
651 913
652 484
652 764
652 850
652 854
653 18
653 64
653 245
653 261
653 299
653 631
653 785
653 995
654 136
654 324
654 471
654 478
655 1
655 54
655 114
655 190
655 227
655 400
655 473
655 642
655 663
655 667
655 689
656 173
656 225
656 232
656 247
656 378
656 861
656 925
657 181
657 190
657 443
657 551
657 633
658 90
658 107
658 185
658 236
658 376
658 479
658 556
658 722
658 810
659 183
659 198
659 455
659 590
659 753
659 868
659 937
660 66
660 219
660 367
660 585
660 595
660 705
660 766
660 829
660 961
660 991
661 41
661 96
661 192
661 309
661 411
661 669
661 760
662 283
662 370
662 462
662 488
662 555
662 612
662 722
662 800
662 873
662 903
663 26
663 163
663 191
663 258
663 358
663 561
663 705
663 771
663 776
663 806
664 261
664 276
664 293
664 452
664 726
665 48
665 161
665 181
665 215
665 334
665 337
665 342
665 422
665 672
665 762
665 852
665 896
665 969
666 280
666 372
666 521
666 858
666 988
667 135
667 299
667 381
667 503
667 717
667 872
667 941
667 968
668 47
668 87
668 99
668 218
668 377
668 410
668 474
668 669
668 678
668 756
668 828
668 916
668 929
669 135
669 214
669 482
669 540
669 569
669 612
669 820
669 900
669 966
670 29
670 248
670 305
670 372
670 405
670 507
670 544
670 642
670 712
670 821
670 841
671 159
671 223
671 297
671 347
671 437
671 562
671 600
671 748
671 967
672 92
672 226
672 338
672 452
672 464
672 626
672 732
672 842
673 8
673 16
673 20
673 34
673 36
673 272
673 341
673 367
673 447
673 539
673 692
673 926
673 981
673 997
674 369
674 418
674 447
674 456
674 581
674 642
674 748
674 993
675 24
675 69
675 165
675 198
675 253
675 293
675 308
675 313
675 324
675 335
675 521
675 532
675 558
675 710
675 712
675 748
675 819
675 824
675 898
675 911
675 925
676 37
676 41
676 384
676 443
676 742
676 789
677 115
677 163
677 314
677 342
677 397
677 481
677 626
677 765
677 806
677 853
677 871
677 967
678 7
678 70
678 115
678 357
678 438
678 538
678 544
678 546
678 580
678 716
678 861
678 864
678 894
679 139
679 206
679 235
679 316
679 413
679 885
679 896
680 6
680 268
680 388
680 432
680 485
680 580
680 685
680 844
681 44
681 321
681 340
681 503
681 642
681 656
681 657
681 830
681 860
681 961
682 35
682 39
682 142
682 261
682 364
682 522
682 575
682 737
682 903
683 2
683 13
683 199
683 211
683 358
683 520
683 537
683 673
683 843
684 80
684 168
684 261
684 287
684 458
684 525
684 527
684 560
684 625
684 673
684 918
685 75
685 352
685 375
685 757
685 950
686 99
686 113
686 136
686 215
686 250
686 290
686 364
686 370
686 436
686 463
686 506
686 551
686 607
686 647
686 692
686 747
686 828
686 933
686 948
686 956
687 110
687 222
687 462
687 514
687 573
687 818
687 855
688 53
688 232
688 466
688 614
688 652
688 787
688 910
689 175
689 182
689 211
689 254
689 328
689 337
689 346
689 449
689 555
689 964
690 128
690 134
690 165
690 250
690 465
690 530
690 692
690 694
690 818
690 949
691 130
691 345
691 373
691 405
691 520
691 529
691 822
691 828
692 177
692 815
692 973
693 60
693 101
693 270
693 649
693 881
693 925
693 957
694 196
694 438
694 446
694 465
694 507
694 534
694 881
694 896
694 956
694 964
695 15
695 154
695 281
695 351
695 382
695 443
695 530
695 544
695 570
695 842
695 902
695 999
696 8
696 126
696 371
696 423
696 446
696 471
696 602
696 637
696 707
696 927
697 218
697 499
697 581
697 664
697 765
697 843
697 906
698 57
698 87
698 93
698 150
698 276
698 277
698 332
698 443
698 456
698 520
698 560
698 734
698 747
698 789
698 963
698 997
699 37
699 106
699 128
699 250
699 306
699 344
699 543
699 582
699 724
699 793
700 39
700 78
700 471
700 508
700 531
700 558
700 650
700 656
700 813
701 78
701 89
701 90
701 140
701 324
701 325
701 432
701 606
701 630
701 634
701 649
701 694
701 759
702 54
702 290
702 307
702 505
702 681
702 698
702 746
702 794
702 839
703 47
703 457
703 474
703 764
703 951
704 210
704 251
704 265
704 293
704 383
704 412
704 785
704 871
704 985
705 89
705 132
705 180
705 209
705 312
705 321
705 359
705 363
705 436
705 577
705 625
705 687
705 743
705 982
706 90
706 185
706 345
706 450
706 590
706 597
706 670
706 680
706 802
706 915
706 945
707 3
707 102
707 228
707 396
707 471
707 577
707 655
707 659
707 922
707 943
708 126
708 155
708 408
708 709
708 813
708 973
709 56
709 109
709 159
709 278
709 387
709 479
709 788
709 876
710 60
710 221
710 265
710 290
710 310
710 705
710 714
710 877
710 953
711 120
711 184
711 188
711 329
711 374
711 436
711 476
711 507
711 635
711 709
712 0
712 104
712 112
712 189
712 281
712 433
712 527
712 630
712 940
712 947
712 953
713 15
713 250
713 265
713 328
713 338
713 411
713 529
713 577
713 801
713 806
713 932
713 969
713 986
714 48
714 52
714 66
714 211
714 245
714 423
714 434
714 455
714 662
714 708
714 875
714 905
715 65
715 549
715 610
715 898
715 902
715 949
716 21
716 27
716 100
716 152
716 185
716 616
716 649
716 654
716 900
716 945
717 89
717 159
717 229
717 346
717 362
717 483
717 655
717 688
717 693
717 757
717 953
718 73
718 110
718 372
718 728
718 738
718 877
718 981
719 110
719 181
719 200
719 498
719 789
719 854
719 905
720 120
720 141
720 143
720 215
720 288
720 340
720 395
720 496
720 644
720 687
720 839
720 840
721 316
721 367
721 371
721 396
721 560
721 584
721 784
721 852
722 58
722 111
722 112
722 208
722 243
722 310
722 383
722 416
722 630
722 660
722 732
722 748
722 992
723 139
723 158
723 365
723 516
723 830
723 929
723 952
724 269
724 327
724 368
724 831
724 898
725 206
725 212
725 297
725 399
725 439
725 795
725 875
726 138
726 165
726 225
726 401
726 434
726 486
726 555
726 572
726 576
726 689
726 832
726 896
726 937
727 144
727 203
727 266
727 268
727 271
727 335
727 435
727 495
727 605
727 917
727 946
728 40
728 42
728 44
728 84
728 123
728 177
728 272
728 411
728 415
728 440
728 604
728 605
729 99
729 108
729 199
729 316
729 515
730 75
730 133
730 137
730 249
730 272
730 401
730 673
730 846
730 851
730 919
730 948
731 50
731 291
731 317
731 332
731 382
731 564
731 575
731 597
731 620
731 966
732 241
732 295
732 387
732 569
732 719
732 799
732 909
732 919
733 9
733 137
733 269
733 297
733 325
733 326
733 703
733 838
733 843
733 943
733 988
734 34
734 220
734 239
734 289
734 392
734 432
734 514
734 602
734 835
734 985
735 254
735 403
735 404
735 563
735 622
735 733
735 757
735 826
736 73
736 74
736 261
736 524
736 677
736 915
737 113
737 412
737 447
737 504
737 539
737 560
737 582
737 778
737 818
737 951
738 8
738 21
738 288
738 379
738 545
738 664
738 698
738 764
738 791
738 831
738 841
738 881
738 918
738 925
739 190
739 258
739 275
739 538
739 682
739 685
739 732
739 835
739 885
739 974
740 3
740 179
740 243
740 285
740 321
740 467
740 498
740 622
740 798
741 14
741 63
741 254
741 299
741 387
741 677
741 724
741 876
742 12
742 77
742 102
742 152
742 212
742 248
742 266
742 504
742 530
742 837
742 873
742 883
742 985
742 993
743 4
743 5
743 105
743 249
743 257
743 292
743 384
743 412
743 666
743 902
744 124
744 272
744 337
744 364
744 372
744 391
744 439
744 472
744 488
744 577
744 625
744 637
744 652
744 818
744 838
744 879
745 15
745 51
745 629
745 824
745 906
745 941
745 964
746 134
746 224
746 277
746 327
746 393
746 720
746 766
746 791
746 800
746 802
746 854
746 938
746 957
746 965
746 974
747 113
747 140
747 177
747 361
747 388
747 548
747 636
747 971
748 113
748 148
748 222
748 249
748 353
748 459
748 679
748 843
748 942
749 203
749 255
749 312
749 370
749 591
749 702
749 754
749 817
749 925
750 19
750 131
750 260
750 421
750 438
750 596
750 625
750 791
750 821
750 955
751 122
751 170
751 184
751 237
751 264
751 473
751 605
751 678
751 682
751 826
751 839
751 987
752 70
752 114
752 288
752 398
752 580
752 588
752 682
752 753
753 34
753 197
753 240
753 326
753 772
753 877
753 996
754 30
754 194
754 240
754 481
754 525
754 555
754 564
754 827
754 858
754 950
755 5
755 26
755 98
755 199
755 229
755 386
755 448
755 488
755 542
755 573
755 698
755 703
755 746
756 124
756 130
756 247
756 297
756 304
756 395
756 469
756 479
756 598
756 786
757 205
757 511
757 630
757 634
757 663
757 667
757 742
758 115
758 129
758 289
758 381
758 485
758 640
758 782
758 801
759 20
759 60
759 190
759 385
759 388
759 410
759 485
759 495
759 525
759 808
759 825
759 893
759 925
759 937
760 34
760 94
760 201
760 251
760 293
760 304
760 347
760 661
760 718
760 850
760 873
760 943
760 967
761 23
761 31
761 52
761 144
761 310
761 495
761 508
761 568
761 580
761 592
761 766
761 832
761 976
761 982
761 987
762 188
762 235
762 321
762 464
762 645
762 756
762 773
762 928
762 944
763 15
763 85
763 174
763 382
763 463
763 661
763 717
764 56
764 99
764 194
764 307
764 658
764 681
764 793
764 878
764 918
764 930
764 996
765 82
765 83
765 89
765 104
765 149
765 238
765 332
765 384
765 405
765 408
765 458
765 541
765 645
765 740
765 807
766 177
766 223
766 356
766 401
766 467
766 511
766 693
766 707
766 745
767 7
767 134
767 296
767 443
767 699
767 700
767 817
767 866
768 9
768 134
768 157
768 332
768 719
769 0
769 7
769 61
769 116
769 205
769 219
769 456
769 509
769 572
769 613
769 731
769 828
770 50
770 66
770 141
770 226
770 231
770 284
770 366
770 426
770 591
771 33
771 103
771 231
771 407
771 418
771 482
771 507
771 576
771 680
771 909
771 991
772 75
772 100
772 126
772 141
772 278
772 310
772 320
772 464
772 607
772 840
772 900
773 77
773 265
773 304
773 310
773 482
773 491
773 534
773 630
773 680
773 744
773 792
773 884
774 22
774 31
774 35
774 146
774 185
774 238
774 336
774 382
774 444
774 515
774 560
774 567
774 746
774 789
774 800
774 806
774 811
774 832
774 842
774 897
775 72
775 108
775 165
775 178
775 749
776 130
776 182
776 204
776 446
776 447
776 843
776 901
777 29
777 190
777 232
777 311
777 389
777 420
777 556
777 847
777 978
778 174
778 337
778 351
778 505
778 956
778 976
779 89
779 95
779 189
779 212
779 559
779 584
779 585
779 760
779 829
779 869
779 926
779 975
779 985
780 508
780 790
780 815
780 823
780 908
781 289
781 387
781 463
781 540
781 712
781 716
781 882
781 892
782 12
782 15
782 63
782 197
782 219
782 569
782 619
782 640
782 668
782 764
782 888
783 37
783 43
783 188
783 219
783 244
783 343
783 514
783 634
783 733
783 911
784 86
784 193
784 475
784 603
784 850
784 872
784 924
785 2
785 148
785 194
785 234
785 272
785 364
785 645
785 707
785 780
785 796
785 806
785 878
785 948
786 37
786 157
786 312
786 318
786 446
786 599
786 688
786 709
786 797
787 316
787 439
787 495
787 639
787 642
787 692
787 933
788 134
788 168
788 284
788 516
788 525
788 594
788 625
788 687
788 934
789 57
789 125
789 188
789 342
789 367
789 489
789 596
789 778
789 834
789 835
789 902
789 928
790 218
790 277
790 544
790 693
790 769
790 802
790 985
791 97
791 334
791 450
791 522
791 558
791 566
791 717
791 793
791 878
791 917
791 945
792 297
792 388
792 413
792 416
792 565
792 591
792 594
792 621
792 686
792 722
792 767
793 87
793 358
793 534
793 577
793 684
793 710
793 916
793 941
794 178
794 194
794 230
794 252
794 427
794 556
794 604
794 795
794 805
795 233
795 239
795 331
795 383
795 449
795 495
795 551
795 609
795 680
795 987
796 150
796 296
796 363
796 411
796 551
796 569
796 656
796 807
796 822
796 830
796 902
796 903
796 960
796 981
797 0
797 24
797 106
797 296
797 542
797 548
797 558
797 650
797 728
797 854
797 945
798 382
798 393
798 550
798 690
798 756
798 764
798 954
799 45
799 193
799 284
799 287
799 306
799 340
799 369
799 447
799 459
799 470
799 519
799 555
799 726
799 766
800 47
800 60
800 190
800 208
800 238
800 328
800 340
800 385
800 520
800 828
800 936
801 61
801 64
801 143
801 153
801 211
801 219
801 262
801 318
801 460
801 592
801 606
801 690
801 773
801 894
802 114
802 250
802 458
802 549
802 558
802 569
802 711
802 790
802 920
802 947
802 999
803 8
803 9
803 439
803 486
803 532
803 791
803 807
803 872
804 139
804 337
804 540
804 564
804 617
804 793
804 809
804 871
805 150
805 303
805 475
805 514
805 702
805 998
806 27
806 157
806 287
806 317
806 329
806 602
807 137
807 223
807 238
807 308
807 519
807 539
807 629
807 663
807 910
808 12
808 164
808 321
808 345
808 657
808 948
809 29
809 112
809 131
809 300
809 356
809 398
809 420
809 526
809 619
809 646
809 736
809 918
810 29
810 85
810 139
810 172
810 317
810 348
810 400
810 430
810 481
810 583
810 720
810 812
810 833
810 848
810 860
810 870
811 212
811 292
811 302
811 325
811 484
811 540
811 652
811 820
811 893
811 937
812 94
812 97
812 106
812 320
812 333
812 408
812 487
812 527
812 596
812 637
812 758
812 884
812 952
813 77
813 162
813 232
813 251
813 346
813 423
813 439
813 453
813 494
813 668
813 773
813 879
814 64
814 118
814 167
814 383
814 580
814 843
815 76
815 85
815 104
815 145
815 629
815 661
815 679
815 713
815 827
815 893
816 22
816 503
817 32
817 101
817 146
817 267
817 375
817 402
817 488
817 536
817 559
817 605
817 771
817 783
817 925
817 948
818 26
818 117
818 256
818 270
818 358
818 678
818 790
818 810
818 962
818 980
818 995
819 64
819 391
819 418
819 435
819 460
819 477
819 536
819 746
819 968
819 991
820 54
820 283
820 440
820 882
820 883
820 930
821 284
821 477
821 845
821 896
822 8
822 49
822 57
822 205
822 231
822 382
822 438
822 506
822 626
822 887
822 923
822 929
823 136
823 247
823 342
823 356
823 503
823 532
823 607
823 611
823 717
823 788
824 135
824 405
824 486
824 516
824 666
824 749
824 796
824 887
824 966
825 2
825 93
825 157
825 176
825 338
825 370
825 992
826 534
826 601
826 971
827 37
827 40
827 47
827 65
827 84
827 131
827 136
827 311
827 540
827 909
828 23
828 184
828 351
828 704
828 978
828 984
829 187
829 241
829 549
829 635
829 715
829 726
829 930
830 60
830 158
830 240
830 478
830 564
830 610
830 705
830 921
830 956
831 243
831 347
831 501
831 529
831 629
831 812
831 818
831 865
832 32
832 158
832 336
832 384
832 393
832 931
833 223
833 318
833 329
833 365
833 376
833 413
833 481
833 494
833 504
833 579
833 714
833 737
833 756
833 757
833 948
834 67
834 160
834 266
834 473
834 493
834 499
834 594
834 622
834 626
834 675
834 783
835 91
835 126
835 146
835 244
835 270
835 402
835 453
835 480
835 561
835 642
836 61
836 172
836 288
836 324
836 397
836 517
836 535
836 770
836 801
836 831
837 115
837 171
837 276
837 319
837 329
837 475
837 476
837 518
837 624
837 630
837 735
837 873
837 906
838 221
838 338
838 398
838 467
838 577
838 591
838 618
838 656
838 699
838 932
839 127
839 134
839 184
839 349
839 390
839 402
839 480
839 543
839 771
839 881
840 9
840 32
840 141
840 158
840 206
840 215
840 216
840 248
840 451
840 857
840 975
841 161
841 209
841 228
841 234
841 531
841 551
841 578
841 917
841 975
842 108
842 334
842 548
842 722
842 748
842 903
843 50
843 122
843 201
843 337
843 342
843 377
843 570
843 665
843 755
843 823
844 94
844 142
844 302
844 359
844 468
844 574
844 652
844 653
844 797
845 183
845 185
845 260
845 295
845 361
845 418
845 446
845 516
845 594
845 612
845 684
845 767
845 819
846 135
846 173
846 354
846 425
846 503
846 573
846 757
846 807
846 960
847 39
847 162
847 221
847 548
847 722
847 766
847 791
847 974
848 11
848 267
848 365
848 368
848 523
848 684
848 732
848 740
849 25
849 39
849 51
849 226
849 268
849 291
849 331
849 391
849 588
849 702
849 788
849 845
849 870
849 906
849 962
849 966
850 47
850 53
850 95
850 136
850 159
850 305
850 508
850 720
850 822
851 211
851 249
851 328
851 377
851 579
851 994
852 114
852 168
852 431
852 584
852 796
852 955
853 42
853 138
853 150
853 239
853 441
853 457
853 519
853 842
854 36
854 155
854 204
854 460
854 462
854 697
854 714
854 870
854 930
855 33
855 295
855 301
855 337
855 426
855 448
855 568
855 623
855 792
855 842
855 886
856 188
856 356
856 435
856 437
856 602
856 665
856 695
857 170
857 269
857 321
857 374
857 428
857 461
857 543
857 659
857 798
858 160
858 320
858 392
858 398
858 461
858 599
858 613
859 5
859 16
859 39
859 381
859 524
859 591
859 632
859 735
859 830
859 842
859 994
860 231
860 433
860 736
860 842
861 171
861 237
861 276
861 392
861 516
861 560
861 562
861 599
861 902
861 936
862 90
862 309
862 576
862 614
862 721
863 14
863 76
863 123
863 171
863 275
863 341
863 706
863 707
863 908
863 926
864 20
864 89
864 222
864 401
864 406
864 483
864 850
864 945
865 39
865 63
865 199
865 393
865 404
865 510
865 856
866 13
866 44
866 103
866 167
866 191
866 247
866 686
866 695
866 864
867 68
867 119
867 372
867 395
867 496
867 574
867 658
867 661
867 834
867 993
868 152
868 342
868 445
868 524
868 669
868 701
868 746
868 754
868 839
869 82
869 244
869 297
869 392
869 428
869 483
869 523
869 578
869 621
869 700
869 794
869 850
869 882
869 927
869 976
870 131
870 165
870 390
870 602
870 693
870 764
870 945
871 68
871 432
871 807
871 876
872 61
872 183
872 281
872 283
872 296
872 347
872 582
872 670
872 702
872 775
872 840
873 22
873 35
873 49
873 73
873 136
873 179
873 206
873 307
873 389
873 457
873 561
873 788
873 821
874 1
874 25
874 46
874 62
874 101
874 153
874 181
874 232
874 241
874 449
874 492
874 493
874 528
874 638
874 667
874 942
875 92
875 131
875 251
875 287
875 296
875 468
875 505
875 623
875 773
875 839
876 15
876 32
876 102
876 123
876 172
876 244
876 253
876 259
876 288
876 293
876 486
876 574
876 669
876 801
876 810
876 936
876 957
877 166
877 214
877 229
877 231
877 286
877 456
877 580
877 806
877 948
878 57
878 67
878 121
878 163
878 203
878 357
878 500
878 657
878 733
878 734
878 751
879 44
879 81
879 175
879 202
879 342
879 434
879 439
879 467
879 755
879 804
879 838
879 912
879 943
880 70
880 167
880 247
880 379
880 421
880 462
880 532
880 726
880 731
881 9
881 245
881 413
881 606
881 795
881 837
881 912
882 76
882 208
882 212
882 213
882 270
882 285
882 325
882 488
882 499
882 623
882 683
882 690
882 693
882 731
882 787
882 826
882 892
882 944
883 87
883 147
883 242
883 464
883 747
883 800
883 863
883 872
883 884
883 890
884 204
884 230
884 232
884 269
884 348
884 411
884 462
884 470
884 549
884 552
884 611
884 712
884 758
884 779
884 895
884 948
885 14
885 98
885 455
885 561
885 594
885 658
885 840
885 969
886 52
886 192
886 198
886 219
886 251
886 333
886 344
886 675
886 946
886 988
887 45
887 97
887 190
887 303
887 314
887 457
887 606
887 748
887 816
887 881
888 63
888 89
888 361
888 400
888 604
888 676
888 687
888 736
888 785
888 852
889 72
889 191
889 304
889 355
889 372
889 443
889 494
889 605
889 637
889 878
889 955
889 967
889 987
890 369
890 479
890 695
890 820
891 46
891 56
891 144
891 163
891 166
891 226
891 239
891 320
891 342
891 535
891 547
891 565
891 576
891 637
891 706
891 800
891 996
892 50
892 65
892 221
892 333
892 360
892 552
892 666
892 687
892 724
892 786
892 868
892 923
892 928
893 80
893 257
893 464
893 599
893 627
893 648
893 655
893 839
894 295
894 318
894 384
894 606
894 624
894 851
895 64
895 75
895 145
895 517
895 544
896 213
896 234
896 361
896 520
896 534
896 787
896 831
896 856
896 876
897 94
897 148
897 348
897 446
897 509
897 824
897 889
897 940
898 337
898 349
898 541
898 585
898 597
898 682
898 723
898 840
898 991
899 0
899 242
899 331
899 380
899 390
899 397
899 438
899 682
899 721
899 760
899 848
899 859
900 299
900 304
900 317
900 418
900 450
900 501
900 719
900 882
900 944
900 975
901 34
901 85
901 88
901 291
901 446
901 516
901 548
901 674
901 713
901 816
901 962
901 988
902 268
902 381
902 384
902 599
902 602
902 605
902 656
902 700
902 787
902 867
903 62
903 121
903 180
903 218
903 339
903 341
903 586
903 660
903 661
903 665
903 717
903 730
903 733
903 800
903 841
903 969
904 0
904 126
904 181
904 219
904 350
904 370
904 378
904 518
904 618
904 652
904 878
904 938
905 24
905 45
905 175
905 192
905 262
905 335
905 353
905 524
905 549
905 588
905 595
905 620
905 846
905 904
905 920
906 121
906 164
906 188
906 453
906 655
906 693
906 834
906 914
906 974
907 17
907 143
907 189
907 207
907 267
907 271
907 308
907 380
907 508
907 555
907 557
907 560
907 599
907 768
907 791
907 885
907 924
907 996
908 14
908 148
908 330
908 373
908 969
909 61
909 65
909 191
909 288
909 360
909 440
909 543
909 639
909 794
909 827
909 988
910 120
910 186
910 710
910 727
910 739
910 786
910 803
910 874
911 51
911 177
911 371
911 383
911 465
911 582
911 849
912 313
912 438
912 457
912 701
912 750
912 860
912 876
913 96
913 163
913 271
913 564
913 630
913 689
914 47
914 76
914 149
914 184
914 256
914 296
914 420
914 634
914 681
914 832
914 983
915 359
915 514
915 702
915 819
915 866
915 983
916 142
916 306
916 429
916 452
916 476
916 557
916 613
916 895
916 902
917 3
917 23
917 40
917 45
917 124
917 197
917 199
917 256
917 265
917 267
917 326
917 461
917 501
917 611
917 648
917 658
917 814
917 919
917 966
918 7
918 330
918 409
918 532
918 546
918 606
918 665
918 721
918 760
918 770
918 826
918 865
918 900
919 99
919 125
919 252
919 257
919 557
919 564
919 589
919 758
919 844
920 175
920 235
920 277
920 430
920 443
920 498
920 604
920 634
920 643
920 647
920 791
920 797
920 826
920 970
921 23
921 37
921 86
921 131
921 315
921 338
921 426
921 432
921 488
921 518
921 733
921 811
921 911
921 983
922 175
922 207
922 251
922 411
922 524
922 643
922 891
923 102
923 143
923 430
923 501
923 562
923 761
924 34
924 277
924 299
924 324
924 348
924 354
924 391
924 445
924 777
924 801
924 849
924 912
925 42
925 222
925 344
925 361
925 400
925 696
925 762
925 812
925 899
926 129
926 172
926 236
926 241
926 246
926 350
926 369
926 431
926 483
926 565
926 811
926 827
927 16
927 35
927 57
927 89
927 320
927 360
927 517
927 611
927 666
927 701
927 769
927 787
927 853
927 958
927 974
927 980
928 135
928 148
928 363
928 488
928 726
928 740
928 785
928 910
928 918
929 34
929 63
929 116
929 127
929 204
929 226
929 291
929 593
929 644
929 803
929 876
929 896
930 39
930 132
930 167
930 252
930 310
930 428
930 453
930 543
930 556
930 562
930 586
930 800
930 884
930 910
931 6
931 8
931 99
931 150
931 367
931 563
931 709
932 1
932 178
932 546
932 632
932 634
932 864
932 935
932 938
932 954
932 986
933 31
933 75
933 133
933 335
933 410
933 414
933 422
933 473
933 575
933 790
933 825
933 854
934 24
934 308
934 557
934 771
934 792
935 23
935 99
935 122
935 191
935 284
935 473
935 699
935 705
935 745
935 782
935 930
935 976
936 23
936 351
936 805
936 820
937 99
937 196
937 240
937 290
937 387
937 807
937 841
937 905
938 24
938 265
938 345
938 369
938 390
938 403
938 448
938 523
938 571
938 578
938 600
938 750
938 753
938 763
938 794
938 801
938 984
939 89
939 91
939 149
939 453
939 499
939 676
939 841
939 926
939 941
940 50
940 61
940 139
940 197
940 220
940 260
940 342
940 506
940 536
940 552
940 633
940 644
940 794
940 920
941 97
941 170
941 225
941 239
941 250
941 386
941 428
941 632
941 652
941 774
941 816
941 859
941 979
942 239
942 465
942 543
942 614
942 704
942 755
942 940
942 944
943 211
943 217
943 225
943 271
943 278
943 288
943 304
943 306
943 538
943 721
943 734
943 742
943 849
943 851
943 927
943 929
943 981
944 50
944 208
944 381
944 531
944 711
944 759
944 866
944 975
944 984
945 15
945 107
945 162
945 168
945 219
945 470
945 556
945 836
945 898
945 915
946 70
946 485
946 652
946 727
946 728
946 895
946 914
946 935
946 944
947 102
947 208
947 235
947 261
947 318
947 329
947 401
947 463
947 607
947 619
947 859
947 887
948 10
948 28
948 59
948 106
948 414
948 542
948 719
948 770
948 921
949 31
949 41
949 91
949 529
949 541
949 618
949 855
949 935
949 962
950 107
950 142
950 285
950 385
950 459
950 528
950 731
950 733
950 754
950 768
950 890
950 952
950 953
951 44
951 63
951 160
951 253
951 689
951 729
951 780
951 965
952 146
952 213
952 360
952 479
952 587
952 621
952 648
952 744
952 930
953 19
953 105
953 113
953 260
953 287
953 424
953 658
953 691
953 791
953 864
953 982
954 36
954 49
954 309
954 315
954 507
954 595
954 665
954 704
954 801
954 956
954 969
955 150
955 208
955 346
955 351
955 471
955 568
955 699
955 764
955 942
956 111
956 632
956 838
956 951
956 976
956 985
957 176
957 210
957 334
957 377
957 932
958 8
958 200
958 244
958 487
958 545
958 567
958 712
958 827
958 997
959 177
959 192
959 309
959 356
959 395
959 448
959 479
959 560
959 644
959 816
960 89
960 373
960 593
961 19
961 126
961 254
961 483
961 485
961 623
961 894
961 933
962 191
962 348
962 375
962 557
962 773
962 927
963 28
963 249
963 344
963 364
963 564
963 601
963 690
963 793
963 815
963 990
964 6
964 81
964 125
964 176
964 230
964 261
964 264
964 563
964 630
964 634
964 837
964 900
965 37
965 42
965 71
965 162
965 185
965 313
965 668
965 738
965 986
966 51
966 148
966 269
966 331
966 354
966 368
966 477
966 564
966 573
966 774
966 786
966 864
967 143
967 345
967 350
967 359
967 464
967 545
967 594
967 610
967 670
967 753
967 806
967 841
967 846
967 937
968 19
968 299
968 560
968 686
968 692
968 768
969 147
969 179
969 258
969 435
969 545
969 604
969 687
970 44
970 105
970 324
970 485
970 489
970 526
970 543
970 594
970 630
970 985
971 156
971 191
971 266
971 283
971 309
971 315
971 529
971 542
971 555
971 691
971 823
971 866
971 918
971 946
971 992
972 128
972 391
972 500
972 598
972 610
972 613
972 616
972 663
972 881
972 928
973 86
973 155
973 162
973 335
973 443
973 476
973 504
973 636
974 142
974 213
974 301
974 444
974 661
974 762
974 889
974 943
974 950
975 6
975 34
975 54
975 149
975 183
975 379
975 518
975 639
975 804
975 840
976 113
976 142
976 167
976 321
976 323
976 637
976 741
976 908
976 919
976 925
977 39
977 188
977 215
977 354
977 520
977 644
977 690
977 718
977 815
977 879
977 920
977 975
977 995
978 10
978 68
978 124
978 185
978 244
978 271
978 409
978 572
978 641
978 661
978 715
978 822
979 51
979 74
979 101
979 177
979 351
979 628
979 701
979 731
979 762
979 881
979 998
980 182
980 440
980 452
980 531
980 532
980 574
980 639
980 773
980 814
980 942
980 985
980 999
981 60
981 235
981 259
981 391
981 487
981 489
981 610
981 674
981 802
981 984
981 995
982 26
982 341
982 410
982 510
982 708
982 841
982 912
982 950
983 2
983 17
983 200
983 284
983 388
983 390
983 526
983 587
983 690
983 735
983 761
983 772
983 842
983 903
983 945
983 975
984 62
984 92
984 490
984 533
984 802
984 875
985 39
985 52
985 106
985 144
985 223
985 225
985 234
985 363
985 631
985 644
985 655
985 700
985 702
985 824
985 864
985 899
985 925
986 33
986 122
986 174
986 227
986 354
986 638
986 646
986 704
986 754
986 779
986 793
986 848
986 871
986 955
987 32
987 200
987 364
987 460
987 645
987 654
987 904
987 967
988 338
988 957
988 998
989 8
989 36
989 344
989 408
989 415
989 841
989 847
989 951
990 125
990 140
990 161
990 182
990 241
990 261
990 348
990 358
990 430
990 661
990 663
990 772
990 786
990 849
990 905
991 25
991 212
991 254
991 335
991 512
991 613
991 623
991 752
991 774
991 850
991 892
992 304
992 332
992 350
992 383
992 466
992 522
992 896
992 988
993 77
993 204
993 328
993 554
993 672
993 747
993 823
993 939
994 252
994 339
994 651
994 977
995 139
995 149
995 481
995 482
995 491
995 819
995 834
996 12
996 61
996 115
996 260
996 449
996 666
996 750
996 772
996 842
996 875
996 929
997 4
997 73
997 167
997 218
997 321
997 511
997 596
997 658
997 699
997 744
997 791
997 824
998 141
998 230
998 482
998 741
998 910
999 197
999 372
999 599
999 869
999 897
999 987
