0 72
0 331
0 399
0 561
0 575
0 787
1 2
1 55
1 142
1 148
1 166
1 447
1 462
1 526
1 658
1 737
1 988
2 101
2 207
2 250
2 375
2 488
2 636
2 722
2 895
2 898
2 921
2 940
3 44
3 76
3 119
3 217
3 249
3 283
3 440
3 557
3 685
4 251
4 416
4 510
4 584
4 594
4 636
4 704
4 837
4 926
4 969
5 72
5 176
5 462
5 532
5 644
5 997
6 252
6 339
6 635
6 789
6 803
7 60
7 67
7 237
7 293
7 298
7 329
7 337
7 518
7 530
7 596
7 628
7 630
7 637
7 715
7 758
7 769
8 59
8 64
8 69
8 132
8 216
8 255
8 279
8 386
8 728
8 746
8 878
9 37
9 223
9 604
9 725
9 765
9 776
9 794
9 864
9 909
9 999
10 57
10 103
10 131
10 208
10 400
10 714
10 966
10 970
11 111
11 170
11 248
11 273
11 412
11 579
11 724
11 842
11 942
11 999
12 402
12 444
12 647
12 684
12 686
12 700
12 848
12 966
12 992
12 996
13 43
13 105
13 396
13 543
13 944
14 26
14 79
14 140
14 180
14 188
14 208
14 340
14 502
14 584
14 614
14 675
14 825
15 75
15 450
15 481
15 517
15 593
15 755
15 787
15 844
15 856
15 883
15 983
16 68
16 83
16 100
16 337
16 563
16 733
16 751
17 201
17 221
17 313
17 327
17 435
17 515
17 570
17 603
17 656
17 723
17 839
17 906
17 944
18 29
18 146
18 231
18 242
18 384
18 393
18 409
18 412
18 626
18 652
18 684
18 762
18 781
18 802
18 980
18 986
19 45
19 118
19 138
19 510
19 653
19 668
19 684
19 711
19 757
19 889
19 903
20 149
20 429
20 542
20 555
20 575
20 597
20 675
20 704
20 752
20 765
20 881
20 991
21 87
21 146
21 159
21 351
21 484
21 504
21 687
22 7
22 125
22 218
22 268
22 274
22 398
22 404
22 417
22 669
22 719
22 886
23 50
23 174
23 249
23 381
23 392
23 393
23 407
23 466
23 677
23 718
23 810
23 828
24 482
24 583
24 660
24 742
24 812
24 872
24 897
24 907
25 212
25 257
25 340
25 608
25 619
25 643
25 684
25 732
25 873
25 887
26 14
26 24
26 143
26 287
26 366
26 376
26 455
26 461
26 555
27 117
27 136
27 189
27 217
27 322
27 562
27 918
28 44
28 62
28 70
28 93
28 461
28 508
28 616
28 811
28 817
28 822
28 827
28 904
28 997
29 20
29 36
29 115
29 157
29 200
29 228
29 233
29 259
29 313
29 322
29 329
29 861
29 918
30 147
30 293
30 492
30 644
30 689
30 839
31 192
31 469
31 500
31 595
31 637
31 691
31 754
31 767
31 781
31 851
31 906
32 107
32 166
32 272
32 477
32 574
32 594
32 821
32 826
32 968
33 61
33 266
33 383
33 645
33 769
33 780
33 850
33 931
34 5
34 22
34 76
34 127
34 335
34 415
34 469
34 504
34 691
34 746
34 756
34 851
34 882
35 55
35 195
35 253
35 298
35 404
35 405
35 422
35 621
35 844
35 889
35 932
35 984
36 27
36 52
36 262
36 304
36 540
36 556
36 660
36 705
36 710
36 834
36 909
37 176
37 345
37 372
37 436
37 582
37 604
37 637
37 707
37 833
38 43
38 164
38 284
38 445
38 493
38 557
38 712
38 757
38 777
38 926
39 106
39 150
39 234
39 337
39 382
39 421
39 440
39 464
39 466
39 467
39 773
39 890
39 938
40 8
40 10
40 85
40 86
40 230
40 336
40 361
40 366
40 484
40 772
40 991
41 23
41 66
41 84
41 93
41 146
41 197
41 312
41 933
42 17
42 73
42 96
42 138
42 160
42 389
42 409
42 578
42 585
42 707
42 862
42 945
43 67
43 130
43 235
43 460
43 464
43 469
43 472
43 732
43 758
43 810
44 7
44 16
44 210
44 306
44 328
44 331
44 345
44 549
44 569
44 641
44 816
44 832
44 846
44 883
45 141
45 235
45 558
45 584
45 624
45 762
46 112
46 336
46 476
46 622
46 642
46 846
46 887
46 897
47 54
47 124
47 169
47 222
47 312
47 551
47 766
48 98
48 236
48 374
48 549
48 638
48 806
48 860
48 990
49 35
49 152
49 479
49 482
49 610
49 624
49 757
49 809
50 84
50 97
50 559
50 566
50 621
50 738
50 763
50 806
50 819
50 856
50 918
50 949
50 983
51 142
51 283
51 368
51 476
51 976
52 169
52 173
52 175
52 261
52 514
52 641
52 743
52 929
53 101
53 379
53 426
53 462
53 520
53 552
53 613
53 705
53 858
53 866
53 869
53 932
53 964
54 396
54 498
54 868
54 953
55 27
55 40
55 235
55 280
55 286
55 456
55 803
55 914
55 920
55 945
56 36
56 178
56 437
56 497
56 509
56 641
56 651
56 661
56 800
56 820
56 900
57 42
57 54
57 67
57 173
57 209
57 230
57 288
57 374
57 386
58 165
58 261
58 346
58 369
58 423
58 542
58 546
58 562
58 579
58 613
58 676
58 787
58 848
58 901
58 902
58 965
59 16
59 36
59 67
59 83
59 304
59 339
59 382
59 389
59 495
59 497
59 518
59 610
59 646
59 658
59 659
59 787
59 863
59 896
59 898
59 987
59 993
60 13
60 44
60 123
60 131
60 195
60 412
60 548
60 614
60 758
60 808
61 109
61 137
61 168
61 194
61 219
61 414
61 566
61 872
62 171
62 190
62 226
62 255
62 385
62 432
62 661
62 820
62 896
63 337
63 514
63 611
63 659
63 855
64 85
64 106
64 147
64 156
64 364
64 409
64 549
64 647
64 669
64 741
64 831
64 994
65 227
65 274
65 282
65 419
65 480
65 567
65 773
65 780
66 197
66 315
66 322
66 354
66 619
66 677
66 708
66 772
66 912
66 954
67 357
67 359
67 488
67 658
67 726
67 869
68 75
68 123
68 196
68 233
68 485
68 609
68 749
68 871
69 184
69 317
69 394
69 427
69 452
69 531
69 567
69 661
69 679
69 688
69 750
69 918
69 968
70 75
70 135
70 153
70 207
70 449
70 539
70 607
70 643
70 657
70 746
70 802
71 82
71 213
71 329
71 399
71 435
71 477
71 515
71 549
71 800
71 891
71 902
71 916
72 51
72 152
72 298
72 834
73 6
73 50
73 179
73 253
73 265
73 474
73 608
73 769
73 804
73 888
74 391
74 471
74 623
74 639
74 995
75 175
75 331
75 408
75 996
76 34
76 341
76 674
76 760
76 868
77 58
77 203
77 275
77 332
77 575
77 677
77 708
77 744
77 835
77 836
78 31
78 291
78 323
78 355
78 451
78 540
78 685
78 707
78 977
78 991
79 130
79 330
79 402
79 528
79 553
79 732
79 774
79 815
80 18
80 211
80 275
80 308
80 397
80 450
80 538
80 545
80 611
80 951
80 960
80 993
81 78
81 443
81 518
81 530
81 594
81 775
81 777
81 941
81 961
81 999
82 13
82 89
82 451
82 614
82 948
82 984
83 496
83 660
83 892
84 168
84 364
84 371
84 373
84 379
84 690
84 959
85 64
85 119
85 434
85 545
85 674
86 219
86 259
86 363
86 376
86 460
86 526
86 564
86 622
86 713
86 927
87 93
87 302
87 347
87 354
87 650
87 723
87 776
87 813
87 831
87 927
87 929
88 887
88 898
88 924
89 140
89 143
89 160
89 188
89 292
89 305
89 362
89 400
89 932
89 970
90 110
90 173
90 174
90 247
90 443
90 483
90 508
90 708
91 144
91 161
91 223
91 250
91 643
91 656
91 716
91 734
91 735
91 856
91 883
91 903
91 929
91 983
92 252
92 518
92 657
92 664
92 795
92 953
93 345
93 346
93 375
93 410
93 416
93 511
93 661
93 918
93 973
93 980
94 239
94 285
94 380
94 648
94 726
95 35
95 80
95 300
95 375
95 737
95 745
95 947
95 982
96 90
96 125
96 128
96 173
96 202
96 300
96 349
96 571
96 805
96 892
96 965
97 177
97 182
97 253
97 269
97 303
97 401
97 404
97 474
97 846
97 924
98 35
98 67
98 77
98 81
98 163
98 171
98 207
98 584
98 588
98 678
98 698
98 744
98 754
98 807
99 68
99 209
99 255
99 375
99 451
99 955
100 59
100 123
100 131
100 177
100 237
100 491
100 703
100 743
100 817
100 892
100 985
101 230
101 247
101 256
101 376
101 405
101 506
101 551
101 646
101 667
101 724
101 729
101 851
101 868
102 227
102 305
102 434
102 661
102 873
102 911
102 999
103 152
103 527
103 535
103 699
103 726
103 892
104 38
104 172
104 673
104 823
104 935
104 967
105 189
105 203
105 250
105 383
105 430
105 477
105 486
105 686
105 698
105 843
106 11
106 67
106 292
106 366
106 480
106 597
106 734
106 895
106 958
107 129
107 184
107 206
107 234
107 347
107 523
107 648
107 696
107 884
107 938
107 939
107 998
108 111
108 257
108 309
108 362
108 381
108 387
108 423
108 586
108 657
108 717
108 777
108 792
109 49
109 53
109 56
109 165
109 301
109 326
109 516
109 703
109 750
109 807
109 954
110 250
110 290
110 409
110 515
110 584
110 735
110 817
110 838
110 953
111 282
111 401
111 427
111 492
111 500
111 571
111 572
111 776
111 808
111 824
111 938
112 9
112 18
112 235
112 273
112 327
112 560
112 927
112 928
113 32
113 61
113 162
113 335
113 387
113 537
113 607
113 621
113 818
114 1
114 100
114 287
114 289
114 325
114 389
114 418
114 554
114 763
114 828
115 13
115 14
115 58
115 77
115 324
115 328
115 440
115 596
115 659
115 847
115 976
116 44
116 50
116 461
116 481
116 489
116 567
116 571
116 582
116 774
116 949
117 12
117 63
117 131
117 150
117 370
117 394
117 474
117 537
117 568
117 747
117 997
118 166
118 381
118 448
118 471
118 628
118 673
118 856
118 925
119 125
119 134
119 385
119 393
119 496
119 806
119 830
119 864
119 910
119 975
119 993
120 75
120 302
120 358
120 391
120 512
120 552
120 711
120 792
120 932
121 159
121 164
121 225
121 582
121 720
121 835
121 996
122 127
122 152
122 180
122 231
122 423
122 447
122 455
122 525
122 936
123 15
123 25
123 222
123 380
123 410
123 428
123 483
123 580
123 583
123 585
123 864
123 940
124 6
124 110
124 140
124 466
124 469
124 603
124 653
124 680
124 681
124 716
124 719
124 776
124 882
125 197
125 389
125 410
125 963
126 35
126 60
126 194
126 237
126 245
126 280
126 314
126 440
126 443
126 751
127 11
127 84
127 92
127 151
127 197
127 344
127 435
127 730
127 822
127 859
128 26
128 156
128 194
128 229
128 419
128 475
128 584
128 665
128 685
128 732
128 790
128 796
128 912
128 952
129 255
129 284
129 675
129 715
129 802
129 810
129 847
129 975
130 79
130 93
130 241
130 269
130 376
130 456
130 470
130 648
130 970
131 39
131 209
131 300
131 343
131 396
131 494
131 897
132 27
132 105
132 151
132 496
132 569
132 600
132 629
132 675
132 699
132 813
132 848
133 233
133 438
133 481
133 566
134 40
134 92
134 209
134 240
134 391
134 438
134 618
134 774
134 825
134 931
135 119
135 151
135 557
135 590
135 605
135 672
135 790
135 796
135 858
135 915
135 953
136 33
136 211
136 247
136 371
136 415
136 758
136 915
137 3
137 34
137 78
137 94
137 531
137 545
137 622
137 679
137 824
137 868
137 960
138 14
138 157
138 226
138 368
138 510
138 694
138 774
138 823
138 996
138 998
139 81
139 102
139 216
139 239
139 386
139 520
139 584
139 597
139 661
139 879
139 902
140 519
140 551
140 706
140 906
140 939
141 85
141 93
141 199
141 268
141 351
141 438
141 491
141 558
141 578
141 833
141 951
142 55
142 181
142 337
142 355
142 480
142 590
142 726
142 980
143 95
143 427
143 580
143 775
143 929
144 59
144 138
144 367
144 413
144 518
144 536
144 546
144 581
144 605
144 628
144 652
144 662
144 679
144 827
144 878
144 881
144 926
145 24
145 76
145 284
145 292
145 326
145 354
145 359
145 441
145 748
145 770
145 820
145 926
145 948
146 9
146 31
146 289
146 307
146 641
146 713
146 750
146 994
147 66
147 98
147 203
147 406
147 717
147 820
147 861
147 878
148 248
148 274
148 304
148 436
148 577
148 587
148 676
148 726
148 829
148 838
148 890
149 78
149 299
149 342
149 361
149 501
149 766
149 876
149 889
149 996
150 42
150 349
150 612
150 752
150 806
150 812
150 828
151 130
151 361
151 376
151 446
151 473
151 567
151 643
151 684
151 831
151 832
151 863
152 99
152 227
152 260
152 286
152 628
152 686
152 743
152 780
152 873
153 216
153 229
153 327
153 706
153 843
154 75
154 330
154 393
154 422
154 539
154 640
154 939
154 960
155 303
155 555
155 682
155 747
155 821
155 902
155 996
156 40
156 72
156 196
156 334
156 468
156 556
156 564
156 584
156 691
156 880
156 990
157 16
157 110
157 196
157 251
157 639
157 738
157 756
157 802
157 961
157 982
158 342
158 394
158 419
158 479
158 575
158 617
158 786
158 840
158 867
159 80
159 96
159 254
159 256
159 284
159 511
159 621
159 626
159 866
159 994
160 129
160 195
160 226
160 316
160 324
160 469
160 471
160 599
160 664
160 728
160 749
160 801
160 862
161 43
161 84
161 166
161 519
161 571
161 576
161 800
161 864
161 871
161 912
161 995
162 106
162 204
162 289
162 487
162 593
162 842
162 847
163 116
163 129
163 161
163 203
163 219
163 277
163 394
163 414
163 603
163 694
163 744
163 905
164 162
164 226
164 500
164 680
164 686
164 720
164 723
164 748
164 842
164 892
164 929
165 181
165 281
165 305
165 415
165 442
165 445
165 472
165 496
165 508
165 533
165 581
165 623
165 685
165 739
165 885
165 899
166 13
166 217
166 221
166 337
166 346
166 410
166 681
166 977
167 16
167 258
167 321
167 493
167 518
167 573
167 675
167 833
167 836
167 862
168 194
168 393
168 439
168 558
168 624
169 79
169 108
169 227
169 254
169 527
169 824
169 910
170 54
170 106
170 212
170 237
170 249
170 368
170 427
170 530
170 573
170 762
170 940
170 991
170 994
171 18
171 156
171 188
171 251
171 253
171 269
171 554
171 721
171 774
171 806
171 983
172 43
172 175
172 235
172 266
172 276
172 287
172 398
172 466
172 950
173 70
173 83
173 159
173 198
173 919
173 938
173 991
174 156
174 321
174 323
174 495
174 810
174 819
174 871
175 207
175 221
175 299
175 304
175 359
175 486
175 516
175 545
175 597
175 790
175 835
175 848
175 911
176 169
176 177
176 230
176 255
176 264
176 299
176 379
176 438
176 465
176 507
176 643
176 703
177 5
177 8
177 119
177 140
177 250
177 298
177 565
177 574
177 688
177 708
177 727
177 809
177 813
177 875
178 101
178 148
178 237
178 299
178 337
178 456
178 472
178 798
178 830
178 989
179 53
179 60
179 107
179 278
179 292
179 317
179 504
179 507
179 687
179 840
179 922
179 978
180 31
180 56
180 60
180 78
180 343
180 461
180 526
180 866
180 906
180 921
180 932
181 88
181 199
181 344
181 412
181 427
181 672
181 706
181 787
181 981
182 1
182 13
182 71
182 98
182 143
182 186
182 331
182 369
182 375
182 408
182 577
182 579
182 733
182 775
183 131
183 146
183 259
183 445
183 530
183 536
183 675
183 720
183 960
184 220
184 379
184 461
184 535
184 724
184 869
185 66
185 88
185 123
185 425
185 551
185 802
185 921
185 941
185 967
185 980
186 175
186 184
186 385
186 420
186 539
186 681
186 712
186 889
187 119
187 455
187 460
187 591
187 917
188 101
188 109
188 124
188 156
188 456
188 521
188 551
188 591
188 675
188 737
188 761
188 769
189 51
189 120
189 328
189 341
189 343
189 383
189 397
189 462
189 472
189 569
189 591
189 736
189 830
189 937
189 970
190 44
190 222
190 277
190 336
190 457
190 538
190 613
190 621
190 659
190 699
190 828
190 981
191 61
191 91
191 94
191 301
191 540
191 562
191 609
191 658
191 691
191 705
191 730
191 855
191 876
191 984
191 985
192 23
192 128
192 163
192 226
192 447
192 587
192 760
192 762
192 832
192 962
193 247
193 283
193 358
193 364
193 441
193 517
193 642
193 734
193 762
193 824
194 61
194 104
194 522
194 592
194 850
194 932
195 10
195 11
195 181
195 415
195 451
195 492
195 620
195 730
195 741
195 801
196 27
196 88
196 129
196 270
196 416
196 486
196 554
196 585
196 612
196 709
196 816
196 836
196 926
196 986
197 71
197 93
197 105
197 122
197 143
197 160
197 334
197 341
197 453
197 471
197 482
197 695
197 715
197 757
197 956
197 997
198 26
198 30
198 182
198 360
198 483
198 515
198 559
198 621
198 860
199 32
199 79
199 129
199 296
199 319
199 442
199 683
199 758
200 188
200 304
200 480
200 545
200 721
200 745
200 863
200 868
200 901
200 954
201 46
201 155
201 344
201 430
201 539
201 703
201 764
201 855
201 880
201 881
201 918
201 961
202 9
202 430
202 527
202 597
202 806
202 875
202 898
202 902
202 983
203 7
203 66
203 174
203 220
203 233
203 266
203 390
203 536
203 615
203 783
203 898
204 267
204 563
204 683
204 799
204 879
205 13
205 242
205 396
205 562
205 572
205 603
205 677
205 822
205 881
205 898
206 55
206 195
206 314
206 484
206 524
206 819
206 901
206 939
207 105
207 476
207 700
207 707
207 729
207 739
207 794
207 796
207 803
207 954
208 16
208 332
208 430
208 556
208 559
208 675
208 888
208 906
208 972
209 100
209 367
209 476
209 540
209 546
209 685
209 799
209 917
210 182
210 353
210 403
210 477
210 570
210 883
210 937
210 958
210 980
211 74
211 270
211 473
211 542
211 617
211 628
211 645
211 797
211 895
211 930
212 243
212 282
212 425
212 505
212 658
212 739
212 823
212 924
213 106
213 227
213 276
213 310
213 383
213 458
213 537
213 541
213 542
213 603
213 605
213 607
213 639
213 715
213 788
214 140
214 154
214 211
214 378
214 414
214 471
214 768
214 992
215 283
215 913
215 942
215 976
216 98
216 278
216 300
216 619
216 650
216 657
216 945
217 11
217 189
217 219
217 329
217 505
217 539
217 589
217 596
217 632
217 759
217 767
217 784
217 792
218 99
218 173
218 307
218 575
218 581
218 637
218 725
218 774
218 814
219 173
219 298
219 324
219 388
219 409
219 712
219 839
220 24
220 366
220 394
220 414
220 465
220 588
220 661
220 735
220 817
220 982
220 987
221 9
221 168
221 194
221 248
221 395
221 485
221 512
221 562
221 588
221 647
221 660
221 673
221 686
221 759
221 897
222 89
222 102
222 189
222 310
222 489
222 772
222 859
222 961
222 962
223 13
223 491
223 596
223 646
223 746
223 759
223 846
223 932
223 994
224 35
224 140
224 302
224 486
224 503
224 515
224 544
224 624
224 699
224 710
224 883
224 910
224 964
225 37
225 58
225 209
225 215
225 579
225 615
225 765
225 798
226 170
226 179
226 396
226 544
226 736
226 786
226 801
226 913
227 74
227 75
227 120
227 124
227 143
227 185
227 189
227 258
227 291
227 348
227 694
227 834
227 869
227 923
227 962
228 171
228 180
228 219
228 348
228 356
228 372
228 417
228 605
228 837
228 970
229 64
229 108
229 377
229 415
229 444
229 508
229 549
229 558
229 572
229 617
229 883
229 975
230 16
230 33
230 45
230 48
230 105
230 162
230 439
230 508
230 520
230 559
230 598
230 646
230 733
230 812
230 826
230 900
230 998
231 6
231 559
231 594
231 603
231 607
231 678
232 70
232 93
232 220
232 314
232 337
232 350
232 417
232 437
232 733
232 740
233 6
233 224
233 267
233 270
233 414
233 515
233 560
233 789
234 153
234 337
234 535
235 204
235 255
235 269
235 305
235 314
235 385
235 588
235 726
235 938
236 12
236 178
236 249
236 288
236 442
236 619
236 665
236 889
236 905
237 20
237 279
237 347
237 382
237 431
237 604
237 697
238 13
238 215
238 229
238 368
238 386
238 466
238 468
238 496
238 526
238 567
238 792
238 797
238 937
239 41
239 150
239 201
239 506
239 711
239 896
239 967
240 93
240 254
240 404
240 549
240 586
240 607
240 864
240 903
241 159
241 203
241 288
241 482
241 527
241 657
241 669
241 858
241 918
241 922
242 35
242 39
242 46
242 184
242 477
242 519
242 607
242 791
242 963
243 102
243 286
243 334
243 449
243 802
243 820
244 54
244 335
244 485
244 521
244 654
244 661
244 805
244 861
244 901
245 68
245 108
245 222
245 414
245 466
245 497
245 690
245 764
246 171
246 473
246 531
246 707
246 770
246 786
246 803
246 879
246 946
247 10
247 63
247 161
247 204
247 219
247 436
247 500
247 561
247 618
247 945
247 958
248 43
248 47
248 122
248 138
248 251
248 528
248 553
248 588
248 660
248 771
248 808
248 935
248 969
248 977
249 231
249 307
249 330
249 339
249 388
249 568
249 624
250 50
250 72
250 232
250 386
250 448
250 520
250 796
250 975
251 11
251 70
251 440
251 452
251 683
251 684
251 986
252 116
252 132
252 459
252 538
252 601
252 706
252 818
252 854
252 935
253 100
253 201
253 278
253 365
253 461
253 486
253 534
253 701
253 946
254 27
254 60
254 101
254 320
254 351
254 385
254 442
254 521
254 757
254 808
254 881
255 36
255 86
255 189
255 340
255 476
255 617
255 762
255 798
255 831
256 0
256 82
256 95
256 113
256 361
256 394
256 578
256 754
256 907
256 933
257 145
257 163
257 195
257 228
257 230
257 315
257 328
257 411
257 429
257 546
257 583
257 649
257 652
257 884
257 972
258 17
258 165
258 362
258 409
258 410
258 490
258 599
258 606
258 726
258 840
258 854
258 859
259 35
259 47
259 59
259 203
259 285
259 373
259 755
260 44
260 357
260 464
260 601
260 726
260 859
260 942
260 975
261 170
261 183
261 236
261 385
261 393
261 465
261 473
261 512
261 525
261 812
262 32
262 248
262 344
262 492
262 512
262 533
262 649
262 720
262 728
262 737
262 786
262 804
262 937
262 958
262 982
263 246
263 432
263 637
263 794
263 911
263 930
264 16
264 71
264 215
264 217
264 360
264 362
264 388
264 465
264 499
264 520
264 648
264 819
265 79
265 122
265 338
265 389
265 630
265 721
265 758
265 841
265 858
265 866
265 932
266 6
266 16
266 20
266 27
266 98
266 268
266 320
266 329
266 479
266 808
266 848
266 884
266 909
267 36
267 73
267 382
267 418
267 809
267 872
267 953
268 37
268 397
268 469
268 497
268 538
268 654
268 797
268 825
269 11
269 299
269 364
269 534
269 572
269 580
269 672
269 735
269 875
269 876
270 4
270 194
270 306
270 363
270 515
270 520
270 639
270 716
270 727
270 772
270 945
271 24
271 164
271 208
271 277
271 299
271 304
271 645
271 718
271 721
271 847
271 915
271 958
272 38
272 50
272 114
272 387
272 501
272 513
272 868
272 907
272 919
273 115
273 164
273 198
273 442
273 676
273 725
273 783
274 4
274 21
274 23
274 358
274 656
274 705
274 819
274 913
274 947
274 994
275 3
275 137
275 139
275 218
275 355
275 639
275 660
275 665
275 702
275 759
275 812
275 840
275 849
275 861
275 913
276 47
276 155
276 364
276 415
276 466
276 508
276 615
276 656
276 697
276 726
276 801
276 817
276 903
277 44
277 138
277 227
277 236
277 389
277 412
277 429
277 474
277 502
277 629
277 644
277 860
277 882
277 957
278 18
278 55
278 65
278 70
278 291
278 293
278 302
278 329
278 441
278 454
278 488
278 591
278 888
278 894
278 920
279 103
279 187
279 394
279 599
279 621
279 788
279 911
279 987
280 356
280 439
280 488
280 544
280 674
280 691
280 710
280 739
280 859
281 98
281 117
281 125
281 301
281 483
281 514
281 590
281 768
281 957
281 992
282 21
282 52
282 58
282 67
282 209
282 290
282 301
282 313
282 486
282 714
282 910
282 950
283 55
283 166
283 311
283 439
283 476
283 897
284 75
284 224
284 520
284 557
284 907
284 939
285 168
285 284
285 344
285 362
285 524
285 677
285 752
285 811
285 891
285 908
286 63
286 107
286 148
286 163
286 241
286 355
286 500
286 620
286 804
286 920
286 947
286 986
287 66
287 203
287 215
287 268
287 302
287 420
287 551
287 661
287 773
287 785
287 923
287 937
287 985
288 35
288 72
288 123
288 260
288 285
288 315
288 448
288 652
288 668
288 886
289 24
289 154
289 261
289 275
289 276
289 338
289 358
289 634
289 809
289 891
289 947
290 196
290 205
290 224
290 226
290 228
290 245
290 364
290 438
290 479
290 503
290 505
290 563
290 594
290 598
290 778
290 935
291 24
291 168
291 236
291 298
291 445
291 615
291 677
291 747
291 924
291 944
292 166
292 188
292 211
292 297
293 36
293 156
293 209
293 500
293 501
293 548
293 755
293 777
293 801
293 860
293 869
293 903
294 60
294 91
294 166
294 220
294 348
294 439
294 495
294 538
294 591
294 700
294 854
294 976
295 187
295 207
295 209
295 214
295 257
295 489
295 731
295 781
295 859
295 931
296 77
296 78
296 272
296 409
296 426
296 453
296 604
296 676
297 284
297 290
297 349
297 382
297 438
297 593
297 596
297 597
297 849
297 859
297 900
298 140
298 167
298 209
298 210
298 223
298 399
298 524
298 713
298 717
298 772
298 798
298 863
298 875
298 922
298 973
298 978
299 28
299 196
299 370
299 494
299 527
299 548
299 613
299 615
299 657
299 712
299 852
299 879
300 47
300 52
300 77
300 301
300 313
300 692
300 701
300 702
300 765
300 880
300 899
301 82
301 198
301 290
301 382
301 417
301 486
301 621
301 677
301 682
301 727
301 866
301 882
302 19
302 120
302 239
302 295
302 313
302 330
302 340
302 624
302 658
302 672
302 820
302 851
302 853
302 952
302 995
303 26
303 217
303 229
303 509
303 561
303 575
303 584
303 709
303 726
303 983
304 33
304 47
304 57
304 66
304 195
304 297
304 364
304 428
304 449
305 47
305 72
305 85
305 210
305 288
305 406
305 453
305 477
305 533
305 588
305 606
305 773
305 869
306 16
306 375
306 783
306 851
306 864
307 3
307 294
307 488
307 594
307 763
307 828
307 853
307 860
307 875
307 945
307 971
308 17
308 481
308 686
308 693
308 726
308 922
308 926
308 949
309 22
309 42
309 85
309 119
309 136
309 172
309 221
309 305
309 329
309 366
309 457
309 524
309 740
309 761
309 821
310 14
310 214
310 254
310 337
310 416
310 554
310 569
310 656
310 688
310 691
310 753
310 773
310 907
310 927
311 257
311 266
311 302
311 401
311 420
311 562
311 656
311 692
311 705
311 759
312 275
312 302
312 328
312 394
312 574
312 597
312 866
313 12
313 67
313 165
313 350
313 424
313 507
313 578
313 586
313 603
313 752
313 848
313 863
313 941
314 112
314 127
314 381
314 546
314 699
314 786
314 906
315 28
315 644
315 989
316 16
316 28
316 67
316 106
316 184
316 219
316 445
316 631
316 809
316 858
316 900
316 933
316 983
317 89
317 155
317 219
317 253
317 284
317 314
317 332
317 426
317 475
317 757
317 797
317 885
318 119
318 405
318 551
318 664
318 668
318 846
318 854
319 335
319 583
319 643
319 756
319 975
319 979
320 250
320 484
320 496
320 596
320 608
321 152
321 188
321 242
321 493
321 540
321 796
321 887
321 924
321 935
322 122
322 170
322 283
322 377
322 510
322 671
322 675
322 718
322 737
323 85
323 417
323 433
323 749
323 778
323 954
323 973
324 29
324 111
324 159
324 489
324 633
324 724
324 745
324 792
324 888
324 914
325 32
325 209
325 258
325 397
325 422
325 435
325 710
325 765
325 948
326 124
326 194
326 224
326 256
326 261
326 311
326 563
326 564
326 579
326 908
327 16
327 100
327 447
327 478
327 618
327 781
327 903
327 972
328 30
328 218
328 264
328 292
328 332
328 400
328 425
328 490
328 513
328 639
328 706
328 782
328 928
329 24
329 164
329 179
329 236
329 335
329 768
329 800
329 815
329 837
329 847
329 848
329 968
329 991
330 225
330 237
330 465
330 570
330 583
330 686
330 699
330 782
330 802
330 918
330 931
330 938
331 48
331 115
331 313
331 332
331 340
331 388
331 494
331 551
331 585
331 670
331 855
331 880
331 985
332 25
332 88
332 399
332 482
332 489
332 643
332 651
332 791
332 882
332 964
332 967
333 265
333 276
333 309
333 498
333 518
333 878
334 0
334 70
334 216
334 372
334 408
334 435
334 482
334 644
334 855
334 908
335 48
335 202
335 280
335 400
335 622
335 642
335 733
335 738
335 823
335 879
335 969
336 15
336 133
336 375
336 717
336 747
337 22
337 69
337 89
337 91
337 172
337 239
337 414
337 431
337 486
337 507
337 545
337 550
337 606
337 757
337 770
337 882
338 252
338 371
338 520
338 530
338 625
338 736
338 800
338 962
339 117
339 226
339 293
339 555
339 635
339 769
339 834
339 992
340 52
340 464
340 557
340 732
340 739
341 211
341 216
341 421
341 459
341 621
341 672
341 949
341 983
342 28
342 36
342 279
342 289
342 352
342 434
342 514
342 560
342 680
342 681
342 758
342 904
342 980
343 327
343 544
343 830
343 855
343 924
344 129
344 186
344 194
344 205
344 207
344 305
344 315
344 330
344 467
344 656
344 884
345 24
345 155
345 260
345 292
345 337
345 414
345 465
345 617
345 644
345 712
345 786
345 832
345 922
346 18
346 132
346 140
346 191
346 217
346 247
346 293
346 354
346 453
346 780
346 847
346 886
346 946
347 9
347 53
347 115
347 127
347 167
347 321
347 561
347 978
348 29
348 218
348 388
348 400
348 409
348 447
348 487
348 575
348 691
348 763
348 834
348 870
348 944
349 126
349 138
349 219
349 705
349 874
350 63
350 123
350 375
350 410
350 523
350 550
350 790
350 868
350 869
350 960
351 97
351 249
351 277
351 310
351 459
351 479
351 686
351 730
351 782
351 919
352 117
352 190
352 249
352 509
352 567
352 793
352 819
352 957
353 50
353 187
353 235
353 312
353 321
353 436
353 466
353 604
353 609
353 610
353 619
353 698
353 699
353 703
353 784
353 865
353 988
354 162
354 207
354 260
354 365
354 377
354 624
354 726
354 760
354 779
354 811
354 877
354 905
355 2
355 124
355 229
355 255
355 563
355 586
355 669
355 739
356 771
357 3
357 43
357 80
357 129
357 188
357 192
357 204
357 253
357 286
357 338
357 369
357 463
357 469
357 499
357 517
357 577
357 666
357 763
357 787
357 899
357 917
358 251
358 303
358 383
358 468
358 506
358 583
358 820
359 122
359 170
359 339
359 427
359 454
359 535
359 669
359 722
359 904
359 959
360 362
360 378
360 418
360 533
360 547
360 628
360 826
361 74
361 253
361 260
361 367
361 417
361 456
361 633
362 21
362 155
362 351
362 390
362 417
362 599
362 694
362 742
362 974
362 976
363 31
363 87
363 305
363 306
363 421
363 430
363 472
363 480
363 486
363 490
363 595
363 796
363 809
363 823
363 989
364 71
364 98
364 123
364 287
364 311
364 335
364 434
364 451
364 502
364 694
364 695
364 750
364 783
365 43
365 153
365 165
365 273
365 302
365 401
365 458
365 596
365 652
365 960
366 223
366 257
366 396
366 403
366 475
366 566
366 643
366 653
366 702
366 713
366 763
366 887
366 918
367 87
367 203
367 280
367 286
367 373
367 391
367 441
367 549
367 551
367 788
367 874
367 889
367 955
367 961
368 196
368 223
368 314
368 523
368 588
368 591
368 597
368 639
368 691
368 712
368 718
368 834
368 858
369 84
369 242
369 598
369 884
369 913
370 1
370 114
370 148
370 250
370 333
370 343
370 612
370 809
371 57
371 840
371 859
372 23
372 105
372 142
372 272
372 441
372 500
372 530
372 557
372 644
372 652
372 910
373 30
373 302
373 427
373 518
373 669
373 670
373 702
373 744
374 122
374 162
374 177
374 295
374 301
374 574
374 623
374 699
374 735
374 752
374 778
374 797
374 896
375 19
375 104
375 187
375 277
375 391
375 543
375 565
375 761
375 838
375 970
376 504
376 667
376 947
377 115
377 170
377 206
377 360
377 384
377 443
377 461
377 526
377 528
377 559
377 765
377 885
377 910
377 999
378 176
378 192
378 259
378 327
378 472
378 661
378 714
378 803
378 890
379 46
379 140
379 460
379 810
379 962
380 82
380 123
380 164
380 304
380 319
380 335
381 1
381 85
381 114
381 372
381 417
381 481
381 633
381 641
381 837
381 851
381 883
381 954
382 41
382 175
382 292
382 319
382 333
382 419
382 448
382 586
382 607
382 634
382 649
382 897
382 968
383 320
383 387
383 685
383 774
383 922
384 36
384 110
384 147
384 304
384 332
384 371
384 403
384 508
384 677
384 762
385 163
385 210
385 470
385 476
385 672
385 783
385 931
385 974
385 998
386 15
386 28
386 128
386 184
386 249
386 350
386 406
386 481
386 529
386 566
386 635
386 755
386 985
387 65
387 162
387 290
387 306
387 371
387 409
387 415
387 452
387 498
387 543
387 546
387 730
387 735
387 842
387 908
387 960
388 138
388 302
388 316
388 371
388 385
388 515
388 551
388 852
388 892
389 34
389 135
389 227
389 454
389 691
389 804
389 840
389 919
390 156
390 189
390 194
390 310
390 336
390 365
390 436
390 598
390 814
390 858
390 867
391 8
391 50
391 115
391 187
391 222
391 282
391 300
391 522
391 617
391 756
391 884
391 991
392 95
392 215
392 283
392 421
392 488
392 663
392 677
392 723
392 869
392 937
393 46
393 161
393 162
393 389
393 410
393 441
393 445
393 453
393 586
393 607
393 711
394 92
394 108
394 123
394 277
394 305
394 363
394 453
394 576
394 595
394 652
394 711
394 833
394 834
394 920
395 39
395 63
395 85
395 132
395 197
395 398
395 519
395 618
395 623
395 876
396 88
396 137
396 168
396 289
396 295
396 423
396 480
396 493
396 701
396 728
396 778
397 67
397 256
397 404
397 406
397 426
397 466
397 533
397 792
397 810
397 819
397 892
397 911
397 961
397 968
398 18
398 76
398 163
398 241
398 337
398 433
398 451
398 582
398 730
398 751
398 920
398 932
399 48
399 106
399 111
399 205
399 461
399 473
399 525
399 692
399 725
399 778
399 836
399 893
399 952
400 144
400 187
400 231
400 310
400 418
400 429
400 507
400 527
400 843
400 896
400 938
401 56
401 189
401 347
401 367
401 607
401 657
401 773
401 805
402 39
402 59
402 105
402 195
402 273
402 494
402 559
402 650
402 819
403 156
403 214
403 332
403 335
403 692
403 860
404 147
404 265
404 476
404 574
404 593
404 718
404 807
404 879
405 101
405 177
405 290
405 501
405 630
405 839
406 114
406 264
406 288
406 334
406 340
406 377
406 407
406 477
406 617
406 749
406 879
407 143
407 239
407 377
407 415
407 652
407 670
407 810
407 917
408 151
408 220
408 234
408 440
408 446
408 467
408 470
408 601
408 603
408 716
408 771
408 800
409 88
409 156
409 306
409 314
409 755
409 790
409 831
409 990
410 83
410 156
410 354
410 515
410 877
410 881
410 896
410 984
411 83
411 291
411 351
411 458
411 492
411 596
411 869
411 932
411 943
412 105
412 384
412 473
412 835
412 961
413 163
413 171
413 232
413 373
413 504
413 574
413 655
413 685
413 693
413 826
413 964
414 33
414 79
414 106
414 169
414 222
414 305
414 363
414 403
414 458
414 471
414 514
414 586
414 646
414 726
414 758
414 767
415 45
415 90
415 126
415 128
415 325
415 376
415 631
415 772
415 932
415 994
416 173
416 275
416 446
416 518
416 569
416 596
416 606
416 612
416 643
416 673
416 765
416 852
416 891
416 929
417 168
417 240
417 277
417 444
417 478
417 534
417 541
417 678
417 710
417 858
417 893
417 922
418 128
418 160
418 185
418 187
418 225
418 231
418 292
418 407
418 436
418 583
418 660
418 854
418 894
418 982
419 127
419 178
419 390
419 521
419 552
419 647
419 885
419 925
419 977
420 65
420 78
420 277
420 286
420 300
420 391
420 394
420 415
420 549
420 613
420 652
420 693
420 709
420 786
420 925
420 974
421 9
421 254
421 582
421 725
421 786
421 920
422 18
422 180
422 226
422 379
422 399
422 639
422 731
422 972
423 36
423 137
423 144
423 215
423 314
423 396
423 497
423 754
423 788
423 825
423 902
424 140
424 216
424 343
424 352
424 357
424 430
424 465
424 600
424 660
424 761
424 770
424 986
425 106
425 140
425 226
425 394
425 473
425 492
425 635
425 667
425 714
426 230
426 244
426 305
426 331
426 406
426 422
426 429
426 454
426 587
426 677
426 711
426 737
426 770
426 800
426 843
426 859
427 190
427 209
427 297
427 317
427 587
427 707
427 829
427 847
427 927
428 13
428 122
428 128
428 134
428 469
428 702
428 895
428 898
428 924
429 58
429 91
429 195
429 427
429 687
429 762
429 949
429 959
430 16
430 26
430 99
430 163
430 217
430 306
430 402
430 423
430 518
430 547
430 600
430 601
430 602
430 956
431 94
431 159
431 196
431 250
431 391
431 409
431 497
431 678
432 42
432 344
432 350
432 574
432 788
432 889
432 891
432 928
433 44
433 102
433 147
433 218
433 234
433 416
433 434
433 640
433 689
433 731
433 842
433 872
434 50
434 144
434 248
434 336
434 364
434 552
434 576
434 848
434 871
434 933
435 9
435 148
435 154
435 293
435 385
435 428
435 433
435 454
435 560
435 713
435 808
435 819
435 849
435 938
435 994
436 45
436 87
436 312
436 354
436 409
436 421
436 644
436 680
436 813
436 837
436 990
437 25
437 44
437 49
437 55
437 64
437 188
437 268
437 352
437 353
437 714
437 769
437 776
438 258
438 354
438 410
438 452
438 467
438 822
438 854
439 21
439 24
439 67
439 78
439 237
439 364
439 475
439 480
439 502
439 517
439 577
439 578
439 629
439 715
439 742
439 929
440 200
440 220
440 339
440 340
440 473
440 743
440 817
440 869
440 881
440 992
441 262
441 282
441 342
441 373
441 484
441 649
441 709
441 763
441 798
442 373
442 377
442 498
442 649
442 787
442 833
442 921
443 245
443 254
443 340
443 375
443 452
443 468
443 631
443 649
443 696
443 847
444 50
444 74
444 392
444 394
444 519
444 715
444 753
444 816
444 868
444 998
445 142
445 191
445 256
445 340
445 503
445 577
445 640
445 753
445 762
445 781
445 813
445 862
446 295
446 326
446 334
446 359
446 375
446 587
446 636
446 762
447 42
447 93
447 235
447 377
447 395
447 706
447 732
448 61
448 99
448 123
448 138
448 145
448 166
448 235
448 250
448 379
448 409
448 851
448 973
449 30
449 34
449 61
449 108
449 433
449 454
449 606
449 709
449 746
449 926
449 967
450 1
450 190
450 323
450 345
450 530
450 758
450 846
450 959
451 68
451 187
451 192
451 551
451 703
451 727
451 833
451 868
451 891
451 911
452 480
452 535
452 540
452 552
452 644
452 936
453 31
453 316
453 823
453 904
453 961
453 983
454 58
454 80
454 152
454 158
454 183
454 252
454 528
454 671
454 908
455 5
455 324
455 332
455 504
455 522
455 607
455 782
455 832
456 53
456 95
456 497
456 513
456 584
456 625
456 798
456 800
456 859
456 928
457 75
457 96
457 112
457 171
457 400
457 415
457 558
457 607
457 741
457 836
457 982
458 72
458 132
458 198
458 275
458 332
458 499
458 514
458 551
458 575
458 663
458 673
458 877
459 25
459 29
459 57
459 187
459 388
459 481
459 580
459 792
459 807
459 808
459 831
460 183
460 194
460 306
460 307
460 386
460 551
460 600
460 622
460 886
461 10
461 190
461 244
461 364
461 394
461 479
461 496
461 510
462 40
462 100
462 174
462 288
462 417
462 623
462 627
462 746
462 755
462 811
462 914
462 929
462 941
463 376
463 395
463 487
463 570
463 637
463 672
463 867
464 15
464 146
464 283
464 411
464 455
464 669
464 748
464 783
464 846
464 851
464 914
465 75
465 520
465 546
465 562
465 587
465 636
465 826
465 831
465 886
465 908
465 911
466 104
466 328
466 351
466 509
466 634
466 667
466 729
466 767
466 839
466 846
467 173
467 231
467 238
467 291
467 369
467 685
467 755
467 762
468 24
468 253
468 366
468 413
468 446
468 516
468 557
468 682
468 828
468 867
468 886
469 2
469 36
469 54
469 79
469 100
469 151
469 241
469 270
469 343
469 367
469 537
469 576
469 698
469 739
469 829
469 971
470 96
470 141
470 209
470 258
470 356
470 421
470 433
470 551
470 618
470 627
470 741
470 751
470 781
470 875
470 957
471 44
471 116
471 326
471 331
471 454
471 582
471 595
471 670
471 896
472 11
472 163
472 202
472 263
473 36
473 103
473 183
473 264
473 512
473 905
473 943
473 980
474 3
474 51
474 221
474 224
474 252
474 515
474 584
474 702
474 748
475 40
475 55
475 179
475 498
475 616
475 625
475 757
475 802
475 820
475 827
475 836
475 839
475 948
476 39
476 81
476 131
476 283
476 427
476 707
476 795
476 868
476 936
477 51
477 113
477 235
477 324
477 348
477 411
477 579
477 795
478 106
478 147
478 315
478 387
478 493
478 772
478 846
478 877
479 57
479 254
479 430
479 604
479 686
479 787
479 829
479 860
480 11
480 414
480 510
480 511
480 514
480 752
480 773
480 986
481 211
481 461
481 479
481 480
481 778
481 799
481 809
481 947
482 84
482 107
482 164
482 262
482 274
482 481
482 488
482 538
482 643
482 815
482 893
483 7
483 226
483 351
483 387
483 410
483 519
483 558
483 559
483 654
483 707
483 716
483 851
483 912
484 75
484 238
484 266
484 440
484 593
484 623
484 637
484 721
484 736
484 764
485 107
485 646
485 935
485 949
485 952
486 34
486 192
486 211
486 222
486 347
486 538
486 577
486 648
486 694
486 718
486 967
487 108
487 140
487 559
487 561
487 661
487 710
487 718
487 734
487 882
487 963
487 978
488 28
488 45
488 48
488 65
488 92
488 184
488 191
488 320
488 365
488 428
488 680
488 762
488 801
488 853
488 876
488 913
488 930
488 958
489 31
489 308
489 382
489 535
489 699
489 766
489 803
489 815
490 139
490 286
490 344
490 411
490 498
490 507
490 577
490 694
490 964
491 21
491 189
491 285
491 306
491 346
491 554
491 587
491 795
491 863
491 979
491 994
492 53
492 95
492 142
492 175
492 182
492 228
492 335
492 413
492 496
492 555
492 563
492 567
492 812
492 860
492 870
492 879
493 16
493 38
493 54
493 73
493 117
493 179
493 323
493 643
494 77
494 92
494 474
494 614
494 710
494 797
494 821
494 833
494 990
495 82
495 197
495 281
495 332
495 382
495 519
495 550
495 591
495 653
495 718
495 822
495 863
495 987
496 213
496 326
496 459
496 547
496 605
496 737
496 843
497 231
497 246
497 357
497 395
497 589
497 826
497 838
497 970
498 161
498 278
498 338
498 340
498 345
498 389
498 658
498 759
498 871
498 931
498 938
498 976
499 112
499 376
499 471
499 489
499 679
499 874
499 931
500 7
500 41
500 126
500 384
500 442
500 602
500 621
500 665
500 786
500 800
500 893
501 36
501 187
501 263
501 462
501 763
501 956
502 331
502 340
502 457
502 580
502 676
502 884
502 964
503 15
503 211
503 425
503 429
503 445
503 531
503 596
503 667
503 744
503 837
503 845
503 865
504 39
504 128
504 143
504 350
504 371
504 402
504 633
504 866
504 924
505 52
505 60
505 265
505 350
505 424
505 435
505 485
505 828
506 0
506 47
506 239
506 367
506 629
506 894
506 917
507 81
507 144
507 186
507 196
507 409
507 604
507 633
507 687
507 915
507 965
507 970
508 98
508 187
508 328
508 330
508 412
508 574
508 691
508 843
508 861
508 873
508 878
508 921
508 974
509 87
509 229
509 245
509 538
509 731
509 917
510 99
510 165
510 174
510 229
510 245
510 253
510 397
510 405
510 644
510 660
510 805
510 819
510 823
510 986
511 283
511 288
511 545
511 570
511 603
511 607
511 611
511 659
511 668
511 973
512 107
512 314
512 401
512 606
512 791
512 817
513 123
513 175
513 286
513 430
514 192
514 232
514 480
514 486
514 664
514 673
514 984
514 998
515 226
515 342
515 562
515 571
515 576
515 878
516 181
516 277
516 377
516 629
516 701
516 706
516 769
517 296
517 431
517 486
517 538
517 662
517 901
518 166
518 293
518 323
518 386
518 464
518 554
518 563
518 662
518 775
518 816
518 853
519 72
519 240
519 254
519 305
519 356
519 362
519 370
519 494
519 500
519 664
519 762
519 811
519 896
519 926
520 106
520 140
520 182
520 235
520 269
520 298
520 411
520 470
520 597
520 803
521 56
521 70
521 175
521 196
521 236
521 259
521 305
521 338
521 350
521 400
521 834
521 948
522 101
522 464
522 589
522 683
522 828
522 829
522 844
522 906
523 42
523 291
523 362
523 418
523 591
523 676
523 737
523 869
523 872
524 411
524 462
524 750
525 224
525 769
525 858
525 952
526 31
526 162
526 316
526 380
526 409
526 418
526 437
526 689
526 773
526 837
526 866
527 15
527 22
527 206
527 520
527 622
527 659
527 661
527 758
527 961
528 29
528 166
528 339
528 398
528 835
528 909
528 924
529 240
529 438
529 562
529 635
529 745
529 973
530 13
530 443
530 608
530 761
530 782
530 918
530 927
531 93
531 118
531 233
531 282
531 319
531 394
531 507
531 560
531 599
531 711
531 847
531 997
532 43
532 61
532 100
532 153
532 178
532 193
532 275
532 513
532 579
532 947
533 249
533 568
533 839
534 148
534 208
534 319
534 414
534 523
535 134
535 176
535 347
535 545
535 621
535 842
535 891
536 147
536 245
536 347
536 507
536 584
536 680
536 930
537 114
537 141
537 257
537 287
537 319
537 380
537 382
537 419
537 434
537 532
537 659
537 706
537 775
537 785
537 881
538 312
538 369
538 386
538 463
538 576
538 616
538 625
538 657
538 811
538 825
539 51
539 379
539 544
539 809
539 811
539 903
540 21
540 458
540 483
540 535
540 644
540 731
540 776
540 791
540 920
541 109
541 195
541 261
541 273
541 325
541 435
541 567
541 580
541 581
541 619
542 43
542 455
542 481
542 593
542 663
542 809
542 895
542 915
542 959
543 1
543 19
543 37
543 267
543 340
543 380
543 402
543 427
543 547
543 586
543 869
543 965
543 984
544 6
544 212
544 216
544 400
544 452
544 550
544 851
544 883
545 67
545 201
545 229
545 242
545 434
545 642
545 773
545 825
545 887
545 890
545 991
546 3
546 10
546 117
546 416
546 578
546 623
546 674
546 690
546 723
546 768
546 916
547 24
547 49
547 109
547 125
547 187
547 364
547 553
547 581
547 662
547 803
547 886
548 30
548 88
548 94
548 224
548 316
548 357
548 463
548 677
548 729
548 981
548 989
549 17
549 275
549 591
549 595
549 740
549 775
549 798
549 806
549 855
550 4
550 37
550 320
550 416
550 429
550 545
550 815
550 880
550 892
550 915
550 942
550 961
551 16
551 31
551 34
551 135
551 162
551 400
551 444
551 613
551 738
551 749
552 487
552 562
552 699
552 757
552 897
552 958
553 90
553 192
553 330
553 444
553 459
553 507
553 602
553 669
553 854
553 883
553 938
554 2
554 40
554 84
554 110
554 429
554 479
554 482
554 524
554 568
554 722
554 791
554 940
554 993
555 38
555 81
555 128
555 189
555 245
555 600
555 738
555 783
555 823
555 884
555 954
556 102
556 157
556 162
556 192
556 228
556 231
556 234
556 291
556 371
556 409
556 436
556 464
556 612
556 620
556 673
556 757
556 873
556 914
556 976
557 302
557 457
557 707
557 730
557 999
558 56
558 121
558 149
558 516
558 761
558 840
558 927
558 955
559 215
559 506
559 520
559 551
559 724
560 23
560 34
560 165
560 211
560 294
560 348
560 382
560 456
560 491
560 513
560 649
560 867
560 887
560 927
560 929
560 977
561 45
561 85
561 103
561 110
561 367
561 429
561 646
561 699
561 751
561 882
561 900
562 79
562 99
562 227
562 272
562 345
562 985
563 53
563 56
563 86
563 149
563 256
563 365
563 393
563 483
563 715
563 915
564 134
564 273
564 393
564 489
564 587
564 693
564 929
564 940
565 114
565 191
565 800
565 972
566 137
566 142
566 304
566 400
566 416
566 567
566 636
566 639
566 868
566 953
566 988
567 77
567 139
567 389
567 452
567 475
567 579
567 585
567 728
567 730
567 776
567 883
567 911
568 63
568 118
568 242
568 301
568 396
568 708
568 761
568 931
568 992
569 25
569 88
569 288
569 410
569 677
569 689
569 799
569 931
570 38
570 150
570 161
570 206
570 314
570 356
570 388
570 399
570 422
570 609
570 644
570 845
570 973
571 147
571 350
571 382
571 443
571 502
571 522
571 546
571 556
571 569
571 623
571 764
571 955
571 973
572 401
572 420
572 554
572 574
572 632
572 682
572 827
573 84
573 232
573 233
573 334
573 408
573 445
573 524
573 588
573 635
573 686
574 15
574 21
574 66
574 112
574 217
574 223
574 242
574 262
574 270
574 462
574 468
574 546
574 701
574 830
574 920
574 941
575 46
575 75
575 264
575 373
575 688
575 809
575 866
575 927
576 120
576 184
576 247
576 306
576 420
576 480
576 507
576 776
576 844
576 853
577 67
577 90
577 232
577 358
577 398
577 460
577 569
577 684
577 802
577 883
577 967
578 178
578 470
578 664
578 677
578 686
578 809
578 828
578 941
578 966
578 975
579 64
579 128
579 160
579 164
579 192
579 198
579 320
579 323
579 364
579 583
579 665
579 771
579 796
579 798
580 77
580 176
580 266
580 325
580 433
580 588
580 592
580 720
580 965
581 52
581 122
581 166
581 180
581 192
581 399
581 998
582 92
582 149
582 230
582 281
582 304
582 393
582 436
582 522
582 524
582 559
582 679
582 690
582 704
582 742
583 102
583 146
583 196
583 374
583 509
583 551
583 567
583 627
583 655
583 670
583 758
583 850
583 891
583 919
583 927
584 54
584 70
584 75
584 153
584 170
584 299
584 479
584 517
584 611
584 654
584 850
584 946
585 133
585 136
585 185
585 187
585 204
585 325
585 703
585 791
585 933
586 175
586 232
586 259
586 291
586 310
586 410
586 508
586 540
586 710
586 721
586 725
586 974
587 55
587 90
587 100
587 445
587 559
587 615
587 826
588 16
588 29
588 40
588 80
588 255
588 351
588 449
588 702
588 893
589 89
589 393
589 616
589 681
589 685
589 784
589 844
590 109
590 374
590 382
590 392
590 432
590 607
590 671
590 754
590 819
590 866
591 21
591 47
591 144
591 386
591 501
591 507
591 679
591 695
591 884
591 899
591 985
592 35
592 39
592 76
592 257
592 304
592 324
592 391
592 495
592 546
592 669
592 736
592 916
592 949
593 105
593 135
593 142
593 191
593 209
593 212
593 372
593 383
593 471
593 574
593 982
594 191
594 453
594 469
594 561
594 723
594 835
594 842
594 915
595 46
595 118
595 230
595 289
595 326
595 673
595 831
595 905
595 937
596 86
596 90
596 448
596 802
597 117
597 226
597 686
597 727
597 835
598 70
598 228
598 274
598 445
598 490
598 520
598 540
598 903
598 953
599 17
599 180
599 206
599 537
599 600
599 683
599 817
599 843
600 69
600 99
600 162
600 207
600 302
600 355
600 515
600 684
600 693
600 913
600 977
600 996
601 205
601 224
601 445
601 507
601 548
601 563
601 595
601 756
602 148
602 405
602 440
602 487
602 503
602 505
602 626
602 628
602 940
603 128
603 193
603 277
603 285
603 315
603 430
603 462
603 600
603 644
603 801
604 32
604 487
604 624
605 129
605 200
605 266
605 416
605 567
605 730
605 792
605 815
605 832
606 25
606 121
606 157
606 200
606 261
606 305
606 338
606 410
606 491
606 744
606 850
606 956
607 145
607 158
607 163
607 182
607 208
607 334
607 341
607 378
607 384
607 418
607 542
607 773
607 814
607 868
608 128
608 161
608 218
608 261
608 408
608 670
608 679
608 721
608 786
608 964
609 23
609 39
609 190
609 288
609 373
609 553
609 705
609 737
609 753
609 792
609 963
610 163
610 181
610 187
610 316
610 497
610 515
610 551
610 597
610 692
610 694
611 144
611 162
611 240
611 323
611 377
611 508
611 696
611 726
611 756
611 929
612 37
612 79
612 100
612 142
612 236
612 339
612 459
612 680
612 721
612 743
612 822
613 9
613 229
613 546
613 646
613 675
613 685
613 792
613 821
613 879
613 968
614 51
614 59
614 153
614 350
614 384
614 426
614 465
614 476
614 563
614 787
614 811
614 812
614 994
615 44
615 135
615 151
615 269
615 382
615 410
615 457
615 699
615 825
615 856
615 894
615 937
615 994
615 999
616 130
616 204
616 370
616 400
616 494
616 513
616 546
616 579
616 669
616 686
616 727
617 125
617 177
617 214
617 284
617 294
617 315
617 363
617 445
617 475
617 553
617 568
617 630
617 959
618 43
618 51
618 116
618 312
618 398
618 526
618 625
618 852
618 903
618 915
618 921
619 11
619 14
619 100
619 181
619 331
619 336
619 471
619 515
619 520
619 546
619 662
619 753
619 840
619 935
620 116
620 118
620 230
620 574
620 581
620 663
620 667
620 906
620 929
620 931
621 142
621 168
621 189
621 372
621 461
621 480
621 515
621 569
621 579
621 819
621 884
621 898
622 13
622 15
622 41
622 170
622 267
622 390
622 546
622 817
622 827
623 62
623 267
623 338
623 392
623 429
623 430
623 743
624 389
624 414
624 429
624 493
624 644
624 659
624 673
624 717
624 887
625 66
625 150
625 187
625 271
625 325
625 358
625 466
625 536
625 566
625 714
625 781
625 999
626 34
626 108
626 151
626 351
626 535
626 572
626 581
626 630
626 660
626 695
626 885
626 957
626 964
627 82
627 199
627 214
627 387
627 437
627 562
627 564
627 570
627 860
627 938
628 60
628 304
628 427
628 507
628 510
628 547
628 670
628 742
628 823
628 862
628 930
628 952
629 31
629 81
629 111
629 247
629 523
629 626
629 718
629 789
629 824
629 963
630 108
630 230
630 292
630 466
630 650
630 728
630 856
630 959
631 197
631 199
631 265
631 470
631 862
632 18
632 468
632 552
632 586
632 599
632 764
633 147
633 378
633 419
633 519
633 706
633 816
634 26
634 176
634 343
634 382
634 576
635 103
635 152
635 229
635 234
635 298
635 496
635 611
635 633
635 669
635 781
635 828
635 905
635 915
635 929
635 943
636 44
636 156
636 205
636 311
636 424
636 594
636 746
636 758
636 866
636 920
636 961
637 143
637 194
637 251
637 324
637 437
637 625
637 979
638 98
638 281
638 380
638 396
638 567
638 623
638 726
638 905
638 939
638 980
638 993
639 65
639 77
639 130
639 177
639 299
639 660
639 688
639 727
639 848
640 37
640 279
640 327
640 726
640 737
640 746
640 836
640 972
641 1
641 35
641 627
641 648
641 666
641 679
641 738
641 756
641 919
641 987
642 150
642 166
642 431
642 455
642 485
642 494
642 580
642 645
642 906
642 911
642 916
642 949
643 25
643 89
643 108
643 129
643 541
643 560
643 759
643 958
644 51
644 213
644 375
644 705
644 794
645 23
645 423
645 485
645 533
645 579
645 618
645 664
645 839
646 20
646 257
646 322
646 477
646 562
646 586
646 599
646 754
646 819
646 989
647 231
647 251
647 326
647 358
647 362
647 469
647 638
647 700
647 896
648 75
648 132
648 226
648 292
648 372
648 389
648 485
648 488
648 540
648 724
648 830
649 23
649 35
649 39
649 191
649 200
649 252
649 336
649 541
649 775
650 20
650 42
650 85
650 466
650 735
650 783
650 859
650 910
651 65
651 74
651 84
651 221
651 226
651 258
651 293
651 387
651 531
651 638
651 680
651 688
651 767
651 851
652 14
652 195
652 237
652 416
652 512
652 537
652 568
652 573
652 778
652 799
652 974
653 21
653 244
653 573
653 939
653 970
654 311
654 348
654 469
654 499
654 505
654 561
654 661
654 669
654 745
654 753
654 777
654 842
654 918
654 952
655 23
655 46
655 185
655 240
655 264
655 376
655 381
656 93
656 138
656 274
656 505
656 538
656 681
656 682
656 692
656 721
656 729
656 817
656 849
657 15
657 52
657 134
657 140
657 223
657 276
657 331
657 477
657 552
657 642
657 855
657 875
657 904
657 946
658 306
658 325
658 388
658 409
658 478
658 539
658 694
658 793
658 799
659 22
659 63
659 124
659 188
659 200
659 235
659 328
659 422
659 480
659 484
659 496
659 545
659 759
659 857
659 913
659 930
659 941
660 60
660 527
660 558
660 827
660 943
660 994
661 539
661 549
661 562
661 649
661 723
662 162
662 168
662 270
662 311
662 450
662 633
662 692
662 753
662 850
662 890
663 39
663 152
663 180
663 240
663 479
663 563
663 810
663 872
663 923
664 4
664 94
664 131
664 156
664 215
664 247
664 259
664 296
664 368
664 542
664 552
664 636
664 788
665 15
665 52
665 285
665 287
665 433
665 481
665 525
665 772
665 934
665 969
666 76
666 287
666 474
666 510
666 580
666 601
666 720
666 816
666 849
666 878
666 952
666 996
667 118
667 156
667 500
667 573
667 869
668 182
668 209
668 228
668 420
668 445
668 467
668 590
668 892
668 990
669 47
669 83
669 288
669 546
669 573
669 581
669 794
669 837
669 930
670 12
670 73
670 96
670 289
670 384
670 406
670 710
670 716
670 819
670 857
670 877
670 941
671 103
671 134
671 350
671 540
671 631
671 703
671 716
671 800
671 805
672 50
672 331
672 450
672 899
672 972
673 271
673 292
673 312
673 501
673 552
673 581
673 653
673 678
673 723
674 138
674 207
674 331
674 394
674 397
674 704
674 904
675 18
675 19
675 25
675 99
675 219
675 229
675 403
675 461
675 625
675 653
675 889
675 920
676 141
676 275
676 298
676 407
676 408
676 418
676 529
676 736
676 889
676 894
677 68
677 192
677 238
677 383
677 424
677 473
677 532
677 586
677 587
677 617
677 641
677 718
677 819
677 855
678 57
678 174
678 181
678 216
678 413
678 469
678 497
678 623
678 702
678 755
678 768
679 104
679 122
679 378
679 435
679 581
679 624
679 634
679 876
679 990
680 265
680 326
680 406
680 550
680 623
680 637
680 654
680 695
680 767
680 826
680 895
680 992
681 71
681 404
681 555
681 673
681 761
681 883
682 213
682 220
682 304
682 418
682 532
682 607
682 681
682 763
682 814
682 840
682 915
683 311
683 320
683 339
683 353
683 391
683 529
683 567
683 731
683 748
683 848
683 927
683 969
683 985
684 54
684 164
684 174
684 217
684 260
684 314
684 387
684 440
684 507
684 620
685 100
685 103
685 180
685 439
685 508
685 597
685 638
685 747
685 778
686 184
686 262
686 299
686 336
686 401
686 478
686 481
686 509
686 598
686 697
686 787
686 797
686 887
686 953
687 261
687 271
687 289
687 338
687 403
687 450
687 551
687 585
687 631
687 728
687 781
688 70
688 92
688 95
688 109
688 124
688 127
688 212
688 616
688 640
688 650
688 663
688 666
688 774
688 903
689 75
689 207
689 273
689 340
689 362
689 503
689 516
689 534
689 702
689 817
689 942
690 197
690 255
690 336
690 533
690 536
690 897
690 952
691 96
691 277
691 443
691 487
691 572
691 580
691 716
691 735
691 825
691 913
691 976
692 21
692 149
692 280
692 304
692 435
692 491
692 741
692 811
692 848
692 917
693 370
693 371
693 444
693 454
693 472
693 631
693 679
693 726
693 970
694 84
694 442
694 519
694 546
694 698
694 859
695 54
695 169
695 180
695 236
695 244
695 458
695 682
695 745
695 770
695 791
695 840
696 20
696 116
696 239
696 499
696 518
696 768
696 824
696 840
696 993
697 32
697 169
697 231
697 331
697 681
697 872
697 913
697 921
698 46
698 60
698 115
698 147
698 361
698 441
698 457
698 508
698 579
698 764
698 836
698 953
699 42
699 81
699 97
699 181
699 209
699 320
699 372
699 426
699 455
699 461
699 529
699 548
699 605
699 783
699 848
700 33
700 69
700 346
700 433
700 648
700 671
701 271
701 287
701 661
701 851
701 855
701 911
702 23
702 138
702 237
702 414
702 709
702 822
703 85
703 233
703 379
703 557
703 583
703 777
703 863
703 963
703 964
703 978
704 144
704 168
704 213
704 263
704 307
704 364
704 477
704 484
704 540
704 618
704 827
704 830
705 84
705 210
705 249
705 326
705 406
705 417
705 573
705 752
705 754
705 762
705 936
705 955
706 276
706 353
706 387
706 557
706 670
706 699
706 724
706 796
706 798
706 817
706 866
706 985
707 111
707 219
707 363
707 522
707 534
707 654
707 980
708 278
708 602
708 696
708 733
708 820
708 834
708 960
709 36
709 125
709 195
709 455
709 508
709 533
709 740
709 967
709 985
710 83
710 200
710 211
710 248
710 281
710 287
710 337
710 387
710 554
710 628
710 864
710 960
710 961
710 973
711 37
711 206
711 273
711 319
711 370
711 403
711 443
711 456
711 459
711 486
711 506
711 570
711 861
711 878
711 882
712 33
712 45
712 113
712 209
712 260
712 340
712 379
712 599
712 612
712 664
712 754
712 768
712 900
713 237
713 258
713 260
713 281
713 533
713 795
713 856
713 888
713 963
713 994
714 12
714 155
714 196
714 281
714 309
714 469
714 562
714 680
714 764
714 877
715 309
715 317
715 375
715 431
715 672
715 813
715 883
716 67
716 179
716 248
716 323
716 324
716 390
716 421
716 495
716 527
716 627
716 694
716 773
716 878
716 896
716 927
716 944
716 978
717 194
717 694
717 916
718 10
718 122
718 172
718 286
718 310
718 586
718 754
718 784
718 998
719 59
719 64
719 80
719 133
719 432
719 434
719 449
719 557
719 640
719 701
719 841
720 170
720 195
720 327
720 406
720 407
720 449
720 465
720 871
721 20
721 59
721 68
721 104
721 318
721 659
721 700
722 175
722 295
722 362
722 522
722 572
722 584
722 793
722 848
722 850
723 41
723 150
723 345
723 366
723 444
723 568
723 607
723 831
723 842
724 99
724 129
724 155
724 161
724 177
724 307
724 375
724 552
724 851
724 916
724 945
725 13
725 181
725 194
725 204
725 208
725 317
725 485
725 520
725 524
725 626
725 641
725 643
725 864
725 917
726 139
726 169
726 274
726 323
726 342
726 407
726 526
726 719
726 884
726 990
727 221
727 485
727 492
727 659
727 720
727 871
727 938
728 136
728 620
728 779
728 878
728 893
728 930
729 41
729 65
729 85
729 338
729 345
729 384
729 399
729 433
729 438
729 458
729 776
729 941
729 957
729 963
730 37
730 295
730 300
730 310
730 338
730 360
730 418
730 518
730 711
730 712
730 782
730 860
731 54
731 57
731 69
731 230
731 264
731 399
731 447
731 528
731 593
731 612
731 624
731 650
731 662
731 886
732 68
732 199
732 277
732 308
732 401
732 466
732 476
732 533
732 636
732 741
732 758
732 909
733 43
733 395
733 462
733 517
733 533
733 741
733 774
733 798
733 897
733 898
733 924
734 67
734 103
734 191
734 300
734 399
734 402
734 543
734 599
734 600
734 607
734 917
734 952
734 955
734 961
735 95
735 222
735 344
735 477
735 811
735 858
735 871
735 892
736 52
736 116
736 278
736 309
736 360
737 78
737 189
737 234
737 253
737 279
737 299
737 468
737 471
737 599
737 645
737 729
737 762
737 764
737 889
738 24
738 96
738 149
738 266
738 279
738 360
738 396
738 557
738 564
738 606
738 644
738 692
738 823
738 828
738 892
739 34
739 108
739 332
739 379
739 392
739 470
739 479
739 512
739 593
739 626
739 910
740 186
740 274
740 285
740 410
740 564
740 761
740 953
740 969
740 983
741 45
741 141
741 220
741 276
741 278
741 322
741 355
741 383
741 482
741 497
741 611
741 675
741 706
741 834
741 874
741 927
742 225
742 268
742 431
742 512
742 571
742 580
742 616
742 685
742 772
742 795
743 54
743 101
743 191
743 242
743 276
743 284
743 288
743 457
743 701
743 914
743 970
744 19
744 134
744 144
744 165
744 174
744 232
744 252
744 316
744 327
744 490
744 501
744 643
744 860
745 7
745 95
745 119
745 224
745 258
745 276
745 305
745 441
745 570
745 698
745 720
745 748
745 789
746 40
746 54
746 139
746 184
746 249
746 257
746 417
746 447
746 604
746 648
746 850
746 927
747 32
747 130
747 233
747 287
747 412
747 543
747 687
747 726
747 817
747 835
747 943
747 960
748 112
748 247
748 444
748 771
748 947
748 961
749 1
749 126
749 194
749 232
749 235
749 322
749 405
749 563
749 680
749 682
749 821
749 870
750 105
750 163
750 178
750 293
750 296
750 412
750 421
750 428
750 589
750 639
750 720
750 761
750 799
750 897
750 937
750 946
751 17
751 477
751 684
751 710
751 730
751 835
752 5
752 104
752 213
752 281
752 412
752 500
752 594
752 605
752 631
752 719
752 900
752 913
752 976
753 13
753 34
753 38
753 229
753 453
753 556
753 648
753 676
753 773
753 960
753 961
754 76
754 133
754 320
754 441
754 558
754 896
754 957
755 54
755 86
755 193
755 235
755 266
755 476
755 479
755 497
755 672
755 684
755 901
755 972
756 50
756 460
756 518
756 544
756 577
756 620
756 677
757 52
757 111
757 112
757 195
757 269
757 363
757 415
757 526
757 612
757 758
758 64
758 110
758 267
758 361
758 403
758 427
758 657
758 710
758 741
758 814
758 847
758 883
758 994
758 999
759 67
759 124
759 205
759 623
759 808
759 945
760 247
760 367
760 400
760 416
760 449
760 464
760 556
760 592
760 610
760 632
760 749
760 868
760 890
760 921
760 927
761 48
761 105
761 271
761 295
761 456
761 552
761 568
761 593
761 778
761 818
761 848
762 345
762 670
762 880
762 912
763 43
763 216
763 354
763 487
763 535
763 574
763 583
763 736
764 10
764 163
764 178
764 205
764 369
764 444
764 908
764 932
764 933
764 966
765 488
765 588
765 620
765 717
765 781
765 921
766 36
766 120
766 282
766 296
766 350
766 369
766 469
766 547
766 614
766 639
766 768
766 791
766 885
767 9
767 34
767 50
767 322
767 389
767 536
767 617
767 717
767 748
767 809
767 835
767 882
767 903
767 920
768 16
768 98
768 287
768 366
768 440
768 451
768 490
768 649
768 671
768 767
768 801
768 866
768 946
769 115
769 264
769 293
769 337
769 343
769 408
769 527
769 569
769 598
769 641
769 828
770 57
770 171
770 248
770 257
770 268
770 603
770 771
770 789
770 793
770 796
770 949
771 16
771 64
771 82
771 120
771 126
771 188
771 223
771 312
771 382
771 427
771 478
771 565
771 634
771 684
771 802
771 804
771 916
772 85
772 655
772 864
772 939
773 106
773 120
773 253
773 370
773 604
773 741
773 777
773 817
773 831
774 23
774 420
774 611
774 621
774 663
774 691
774 754
774 770
774 820
774 852
775 30
775 80
775 100
775 208
775 240
775 321
775 351
775 369
775 801
776 124
776 161
776 231
776 333
776 348
776 566
776 665
776 753
777 159
777 185
777 330
777 397
777 593
777 905
777 920
777 993
778 202
778 374
778 410
778 414
778 711
778 838
778 842
778 893
778 910
778 935
778 950
779 116
779 165
779 167
779 178
779 288
779 359
779 491
779 522
779 537
779 604
779 816
779 826
779 878
779 998
780 10
780 153
780 242
780 264
780 390
780 638
780 692
780 741
781 304
781 313
781 343
781 698
781 703
781 917
781 965
781 978
781 987
781 996
781 997
781 998
782 156
782 293
782 432
782 456
782 754
783 168
783 202
783 333
783 532
783 554
783 667
783 820
783 982
784 100
784 237
784 360
784 515
784 553
784 570
784 779
784 796
784 894
784 953
785 38
785 381
785 403
785 525
785 648
785 724
785 737
785 894
786 8
786 22
786 350
786 363
786 499
786 540
786 624
786 696
786 736
786 800
786 894
786 985
787 28
787 149
787 337
787 499
787 605
787 664
787 849
788 96
788 110
788 159
788 252
788 683
789 22
789 200
789 296
789 332
789 571
789 657
789 760
789 992
790 25
790 57
790 89
790 238
790 307
790 315
790 523
790 528
790 559
790 590
790 610
790 648
790 692
790 731
790 850
790 880
790 889
790 995
791 41
791 42
791 128
791 186
791 192
791 501
791 515
791 679
791 709
791 802
791 844
791 853
791 922
792 866
792 891
793 133
793 215
793 244
793 403
793 430
793 586
793 716
794 10
794 133
794 136
794 453
794 454
794 884
794 918
794 947
794 995
795 159
795 172
795 240
795 259
795 687
795 834
795 841
795 893
796 8
796 87
796 130
796 207
796 267
796 361
796 384
796 543
796 578
796 656
796 687
796 831
796 873
796 898
796 949
797 1
797 25
797 33
797 133
797 204
797 213
797 466
797 525
797 534
797 580
797 735
797 803
797 844
797 981
798 3
798 13
798 34
798 87
798 378
798 409
798 431
798 479
798 726
798 767
799 12
799 478
799 536
799 572
799 616
799 895
799 918
800 258
800 400
800 456
800 558
800 799
800 884
800 924
801 62
801 98
801 231
801 238
801 459
801 531
801 698
801 724
801 830
801 874
801 881
802 61
802 102
802 140
802 203
802 241
802 461
802 501
802 514
802 542
802 659
803 71
803 91
803 103
803 140
803 178
803 688
803 689
803 733
803 757
804 100
804 201
804 452
804 883
805 7
805 27
805 42
805 150
805 316
805 584
805 600
805 624
805 653
806 481
806 548
806 720
806 833
806 837
807 183
807 222
807 371
807 574
807 575
807 590
807 917
807 961
808 11
808 41
808 227
808 589
808 736
808 779
808 836
809 157
809 264
809 435
809 468
809 480
809 563
809 672
809 690
809 788
809 824
809 866
809 910
810 52
810 169
810 312
810 577
810 597
810 694
810 756
810 783
810 839
810 999
811 36
811 53
811 129
811 439
811 807
811 896
811 964
811 969
811 987
812 26
812 72
812 131
812 158
812 263
812 407
812 426
812 557
812 564
812 583
812 606
812 667
812 724
812 881
813 70
813 292
813 293
813 395
813 407
813 799
813 850
813 874
813 915
813 927
814 79
814 213
814 216
814 363
814 474
814 628
814 633
814 696
814 968
815 10
815 61
815 71
815 243
815 249
815 353
815 390
815 510
815 872
816 15
816 62
816 109
816 152
816 313
816 341
816 353
816 622
816 624
816 662
816 788
816 815
816 935
816 972
816 984
817 47
817 99
817 178
817 185
817 326
817 381
817 511
817 560
817 626
817 664
817 710
817 767
817 778
817 901
818 4
818 25
818 153
818 158
818 317
818 350
818 354
818 538
818 648
818 713
818 791
819 30
819 57
819 450
819 475
819 477
819 479
819 482
819 493
819 501
819 506
819 570
819 911
819 989
820 2
820 68
820 310
820 444
820 545
820 755
820 806
820 847
820 896
820 927
821 38
821 51
821 65
821 85
821 204
821 310
821 424
821 725
821 874
821 882
821 892
821 931
822 87
822 136
822 214
822 557
822 686
822 702
822 840
822 951
823 47
823 245
823 493
823 541
823 599
823 802
823 869
823 919
823 963
824 152
824 249
824 300
824 416
824 496
824 711
824 714
824 880
824 940
825 14
825 48
825 127
825 179
825 320
825 346
825 402
825 462
825 723
825 762
825 841
825 854
825 876
825 891
825 960
826 58
826 170
826 214
826 222
826 301
826 314
826 333
826 339
826 418
826 492
826 527
826 721
826 945
827 40
827 181
827 288
827 416
827 475
827 516
827 581
827 606
827 644
827 710
827 734
827 894
827 994
828 104
828 123
828 197
828 588
828 642
828 654
828 694
828 703
828 705
828 709
828 721
828 851
828 985
829 358
829 398
829 551
829 931
830 40
830 120
830 429
830 547
830 793
830 812
830 889
831 50
831 259
831 425
831 517
831 597
831 601
831 665
831 689
831 707
831 779
831 790
831 880
831 890
831 921
831 978
832 152
832 220
832 360
832 400
832 408
832 462
832 557
832 648
832 683
832 699
832 787
832 789
832 877
832 937
833 274
833 471
833 696
833 745
833 751
833 801
833 866
833 960
834 158
834 253
834 347
834 371
834 505
834 608
834 741
834 803
834 816
834 948
835 22
835 211
835 334
835 475
835 609
835 698
835 752
835 904
835 924
836 20
836 76
836 116
836 316
836 340
836 400
836 424
836 545
836 574
836 659
836 761
836 986
837 232
837 280
837 289
837 321
837 416
837 510
837 686
837 726
837 975
838 66
838 96
838 108
838 436
838 696
838 807
838 853
839 142
839 186
839 290
839 294
839 308
839 358
839 589
839 704
839 862
839 906
839 956
839 979
840 37
840 349
840 420
840 553
840 602
840 733
840 874
841 10
841 264
841 561
841 572
841 749
841 762
841 978
842 5
842 99
842 175
842 254
842 285
842 328
842 495
842 573
842 693
842 710
842 778
842 944
843 15
843 243
843 283
843 314
843 362
843 415
843 558
843 626
843 761
843 987
844 97
844 137
844 148
844 313
844 376
844 461
844 466
844 625
844 626
844 725
844 778
844 794
844 813
844 896
845 374
845 377
845 432
845 461
845 600
845 639
845 693
845 830
845 939
846 94
846 221
846 426
846 559
846 617
846 622
846 640
846 776
846 839
846 842
846 885
846 902
847 149
847 334
847 359
847 794
847 976
848 3
848 36
848 64
848 211
848 254
848 269
848 501
848 574
848 578
848 590
848 696
848 829
848 943
849 196
849 468
849 590
849 628
849 714
849 779
849 791
849 802
849 819
849 910
849 931
849 943
849 968
850 47
850 55
850 76
850 122
850 154
850 164
850 295
850 310
850 407
850 540
850 603
850 700
850 798
850 831
850 888
851 29
851 180
851 291
851 300
851 581
851 600
851 745
851 846
851 865
852 226
852 230
852 276
852 333
852 617
852 627
852 722
852 768
852 792
852 927
852 942
853 100
853 144
853 186
853 317
853 464
853 692
853 704
853 718
853 722
853 751
853 900
854 55
854 155
854 209
854 282
854 358
854 393
854 619
854 641
854 696
854 699
854 782
854 826
854 907
854 967
854 981
855 5
855 193
855 360
855 408
855 421
855 476
855 516
855 519
855 637
855 815
855 841
855 844
855 851
856 27
856 69
856 295
856 502
856 608
856 688
856 777
856 792
856 855
856 967
857 290
857 483
857 568
857 677
857 889
858 22
858 69
858 231
858 266
858 418
858 622
858 868
858 893
858 899
859 42
859 506
859 523
859 664
859 779
859 838
860 86
860 133
860 430
860 554
860 564
860 567
860 706
860 750
860 818
860 830
860 869
860 981
860 988
861 200
861 273
861 480
861 504
861 520
861 544
861 557
861 645
861 929
861 966
862 86
862 135
862 263
862 295
862 567
862 590
862 770
862 884
862 893
862 968
863 64
863 262
863 266
863 289
863 396
863 507
863 755
863 850
863 858
863 971
864 123
864 165
864 556
864 759
864 772
864 775
864 822
864 932
865 174
865 177
865 378
865 448
865 549
865 570
865 579
865 611
865 632
865 774
865 864
866 63
866 68
866 144
866 185
866 220
866 367
866 440
866 444
866 448
866 521
866 578
866 610
866 617
866 660
866 821
867 122
867 199
867 272
867 500
867 592
867 675
867 826
867 976
868 53
868 86
868 106
868 117
868 803
868 850
869 76
869 88
869 117
869 235
869 383
869 628
869 849
869 896
869 897
869 946
869 962
870 71
870 159
870 288
870 470
870 583
870 673
870 773
870 868
871 43
871 70
871 235
871 315
871 323
871 513
871 596
871 754
871 829
871 922
871 997
872 47
872 441
872 499
872 734
872 753
872 886
873 105
873 172
873 266
873 409
873 471
873 488
873 528
873 625
873 663
873 788
873 845
873 866
873 898
874 25
874 87
874 133
874 226
874 453
874 598
874 610
874 624
874 690
874 773
874 789
874 806
874 851
874 862
874 877
874 881
874 941
874 958
875 5
875 54
875 169
875 232
875 314
875 523
875 526
875 529
875 530
875 575
875 630
875 790
875 820
875 822
875 826
875 999
876 78
876 177
876 247
876 262
876 344
876 613
876 656
876 883
876 899
877 62
877 266
877 378
877 458
877 543
877 595
877 659
877 933
877 961
878 11
878 51
878 96
878 161
878 476
878 491
878 573
878 735
878 738
878 813
878 893
878 907
878 953
879 100
879 133
879 405
879 449
879 451
879 493
879 593
879 670
880 36
880 46
880 154
880 180
880 234
880 335
880 345
880 512
880 529
880 647
880 663
880 668
880 909
881 1
881 6
881 89
881 173
881 203
881 274
881 485
881 486
881 534
881 598
881 652
881 725
881 770
881 798
881 862
881 868
882 8
882 52
882 65
882 183
882 262
882 426
882 430
882 522
882 573
882 618
882 638
882 689
882 781
882 884
882 994
883 25
883 281
883 291
883 362
883 421
883 604
883 631
883 680
883 696
883 729
883 810
883 865
883 960
884 16
884 170
884 259
884 292
884 302
884 335
884 463
884 531
884 632
884 648
884 715
884 784
884 786
885 3
885 44
885 60
885 137
885 448
885 470
885 539
885 723
885 741
885 834
885 936
885 970
885 990
886 154
886 178
886 200
886 354
886 360
886 453
886 504
886 832
886 865
887 61
887 213
887 312
887 411
887 536
887 622
887 681
887 720
887 742
887 848
887 950
888 90
888 147
888 283
888 289
888 292
888 319
888 434
888 481
888 863
888 969
888 978
888 996
889 121
889 139
889 249
889 359
889 408
889 417
889 528
889 753
889 895
890 10
890 110
890 210
890 242
890 331
890 357
890 430
890 519
890 622
890 643
890 736
890 875
891 496
891 530
891 614
891 773
891 962
892 7
892 112
892 288
892 324
892 400
892 421
892 527
892 621
892 774
892 853
892 881
892 885
892 948
892 963
892 982
893 34
893 86
893 218
893 256
893 471
893 873
893 887
893 973
894 177
894 486
894 644
894 728
894 859
894 947
895 161
895 210
895 258
895 348
895 453
895 480
895 500
895 501
895 740
895 817
895 976
896 150
896 199
896 240
896 252
896 399
896 531
896 711
896 728
896 825
896 846
896 960
897 3
897 141
897 208
897 262
897 576
897 609
897 763
897 863
897 870
897 908
898 584
898 595
898 672
898 736
898 917
899 147
899 154
899 361
899 363
899 496
899 513
899 525
899 579
899 639
899 655
899 700
899 721
899 774
899 856
899 971
900 52
900 153
900 169
900 267
900 311
900 449
900 539
900 619
900 805
900 857
900 866
900 943
901 26
901 46
901 52
901 206
901 252
901 599
901 834
901 866
901 952
902 7
902 109
902 122
902 123
902 127
902 155
902 190
902 326
902 449
902 721
902 750
903 144
903 187
903 246
903 267
903 331
903 469
903 713
903 729
903 873
904 144
904 199
904 393
904 768
904 804
904 946
904 961
904 977
905 156
905 164
905 374
905 458
905 485
905 639
905 723
905 932
906 69
906 112
906 116
906 229
906 370
906 476
906 520
906 593
906 671
906 716
906 727
906 869
907 21
907 111
907 186
907 217
907 407
907 715
907 732
907 885
907 947
908 29
908 206
908 598
908 611
908 638
908 696
908 742
908 803
908 862
909 174
909 185
909 451
909 506
909 560
909 791
909 820
909 956
910 4
910 146
910 636
910 712
911 78
911 136
911 185
911 312
911 444
911 564
911 602
911 608
911 824
911 872
911 897
911 945
911 991
912 8
912 77
912 108
912 272
912 399
912 406
912 454
912 516
912 829
912 871
912 904
912 923
912 953
913 38
913 149
913 221
913 599
913 623
913 674
913 795
913 814
913 865
913 950
913 997
914 103
914 136
914 558
914 615
914 674
915 46
915 135
915 147
915 209
915 211
915 362
915 375
915 559
915 639
915 660
915 862
915 906
915 946
915 949
916 92
916 104
916 109
916 119
916 231
916 308
916 603
916 727
916 774
916 954
917 14
917 38
917 114
917 264
917 456
917 809
917 939
917 940
918 51
918 143
918 149
918 220
918 273
918 312
918 418
918 434
918 531
918 636
918 712
918 733
918 965
919 159
919 196
919 393
919 404
919 421
919 448
919 489
919 549
919 628
919 761
919 885
920 464
920 564
920 775
920 878
920 937
921 308
921 345
921 599
921 688
921 749
921 769
921 891
922 24
922 33
922 34
922 50
922 174
922 492
922 560
922 630
922 727
922 833
922 847
922 933
923 183
923 401
923 501
923 606
923 657
923 682
923 704
923 706
923 931
924 65
924 76
924 77
924 122
924 132
924 136
924 319
924 569
924 621
924 671
924 673
924 692
924 732
924 739
924 776
925 169
925 332
925 369
925 377
925 466
925 480
925 573
925 606
925 715
925 741
926 47
926 142
926 145
926 205
926 335
926 341
926 441
926 539
926 549
926 634
926 780
926 859
927 34
927 246
927 317
927 332
927 394
927 465
927 550
927 642
927 698
927 861
927 971
927 995
928 24
928 377
928 518
928 612
928 684
928 798
928 860
929 72
929 82
929 123
929 182
929 252
929 288
929 301
929 413
929 505
929 567
929 696
929 741
929 856
929 933
930 94
930 229
930 312
930 428
930 872
930 935
931 15
931 62
931 74
931 80
931 103
931 172
931 214
931 266
931 298
931 616
931 636
931 648
931 673
931 698
931 806
931 857
932 52
932 79
932 87
932 386
932 389
932 512
932 647
932 714
932 783
932 926
933 60
933 91
933 95
933 181
933 187
933 467
933 668
933 787
934 29
934 101
934 184
934 225
934 261
934 288
934 329
934 347
934 414
934 613
934 756
934 842
934 900
935 61
935 111
935 247
935 408
935 565
935 586
935 681
935 690
935 813
935 820
935 964
936 116
936 128
936 133
936 378
936 429
936 432
936 472
936 560
936 575
937 104
937 108
937 166
937 276
937 445
937 483
937 624
937 671
937 769
937 813
938 7
938 69
938 70
938 335
938 402
938 513
938 569
938 980
939 113
939 189
939 335
939 421
939 465
939 670
939 954
940 80
940 115
940 118
940 392
940 415
940 736
940 936
941 218
941 269
941 335
941 336
941 358
941 521
941 763
941 929
941 995
941 998
942 17
942 80
942 83
942 141
942 325
942 344
942 369
942 486
942 546
942 769
942 905
942 933
942 968
943 82
943 95
943 627
943 710
943 725
943 760
944 12
944 46
944 111
944 325
944 368
944 410
944 479
944 492
944 502
944 593
944 796
944 887
945 207
945 276
945 281
945 370
945 662
945 727
945 794
945 881
945 898
946 8
946 105
946 297
946 318
946 433
946 482
946 720
946 746
946 826
946 922
946 967
946 993
947 255
947 295
947 427
947 430
947 440
947 508
947 964
947 983
948 108
948 261
948 380
948 396
948 426
948 614
948 626
949 2
949 208
949 273
949 474
949 651
949 661
949 727
950 51
950 151
950 200
950 263
950 322
950 327
950 422
950 423
950 506
950 532
950 538
950 638
950 690
950 691
950 835
950 853
951 49
951 128
951 358
951 368
951 509
951 686
951 696
951 764
951 823
952 365
952 388
952 427
952 496
952 870
952 875
952 904
953 118
953 294
953 321
953 496
953 507
953 545
953 547
953 611
953 684
953 771
953 791
953 803
954 0
954 49
954 153
954 415
954 502
954 582
954 584
954 824
954 874
955 218
955 236
955 396
955 684
955 817
955 847
955 875
955 951
955 952
955 987
956 113
956 133
956 217
956 287
956 296
956 362
956 496
956 626
956 652
956 906
956 942
957 20
957 82
957 147
957 150
957 296
957 510
957 524
957 569
957 674
957 856
957 921
957 991
958 16
958 45
958 166
958 368
958 443
958 457
958 460
958 596
958 749
958 944
959 131
959 380
959 416
959 473
959 609
959 615
959 677
959 833
959 882
959 909
959 937
960 153
960 251
960 341
960 345
960 531
960 543
960 752
960 825
960 846
960 851
960 930
960 963
960 977
961 58
961 69
961 121
961 230
961 344
961 602
961 633
961 657
961 693
961 808
961 929
961 989
962 99
962 173
962 336
962 398
962 657
962 770
962 824
962 918
963 122
963 235
963 264
963 313
963 522
963 536
963 712
963 907
964 16
964 531
964 655
964 786
965 70
965 312
965 421
965 469
965 531
965 592
965 616
965 691
965 749
965 813
965 830
966 8
966 34
966 66
966 72
966 96
966 136
966 436
966 647
966 727
966 760
966 804
966 875
966 948
967 79
967 138
967 363
967 382
967 395
967 434
967 616
967 669
967 673
968 48
968 74
968 150
968 289
968 385
968 510
968 562
968 780
968 788
968 936
969 295
969 305
969 364
969 567
969 570
969 611
969 854
969 874
969 977
970 174
970 373
970 395
970 428
970 984
971 72
971 159
971 416
971 463
971 520
971 523
971 571
971 849
972 144
972 193
972 306
972 317
972 378
972 541
972 673
972 757
972 765
972 780
972 813
972 908
972 973
973 62
973 70
973 98
973 119
973 182
973 219
973 267
973 390
974 24
974 39
974 90
974 245
974 295
974 301
974 340
974 409
974 534
974 558
974 668
974 774
974 858
975 88
975 131
975 133
975 418
975 540
975 566
975 720
976 96
976 132
976 302
976 375
976 604
976 682
976 684
976 940
977 67
977 203
977 468
977 475
977 486
977 697
977 904
978 33
978 45
978 95
978 216
978 273
978 323
978 461
978 530
978 734
978 735
978 803
978 949
978 953
979 84
979 108
979 164
979 198
979 378
979 594
979 804
980 66
980 279
980 285
980 486
980 499
980 544
980 600
980 643
980 685
980 808
981 99
981 115
981 242
981 308
981 500
981 519
981 777
982 17
982 121
982 178
982 394
982 503
982 541
982 569
982 772
982 807
982 906
982 910
982 949
982 951
982 960
983 37
983 250
983 260
983 279
983 370
983 376
983 424
983 448
983 473
983 479
983 500
983 743
983 943
984 180
984 309
984 316
984 418
984 431
984 520
984 731
984 835
984 869
984 906
984 933
984 945
985 99
985 162
985 353
985 364
985 388
985 628
985 713
986 16
986 44
986 66
986 151
986 178
986 313
986 377
986 455
986 490
986 886
986 904
986 943
986 953
987 24
987 27
987 107
987 109
987 449
987 522
987 810
987 876
987 908
987 912
988 20
988 175
988 297
988 676
988 716
988 726
988 879
988 883
988 911
989 26
989 57
989 71
989 72
989 140
989 188
989 261
989 326
989 340
989 540
989 546
989 662
989 739
989 752
989 865
990 3
990 24
990 31
990 429
990 554
990 660
990 749
990 762
990 776
990 814
991 155
991 251
991 424
991 499
991 749
991 757
992 260
992 304
992 348
992 411
992 437
992 578
992 620
992 645
992 692
992 708
992 730
992 769
993 25
993 43
993 59
993 442
993 514
993 560
993 625
993 839
994 73
994 90
994 100
994 244
994 413
994 442
994 548
994 549
994 710
994 775
994 847
995 35
995 205
995 240
995 305
995 343
995 366
995 408
995 414
995 453
995 749
995 904
996 205
996 432
996 433
996 470
996 547
996 601
996 754
997 206
997 422
997 424
997 460
997 496
997 617
997 742
997 817
997 845
997 959
998 124
998 267
998 280
998 338
998 374
998 531
998 953
999 15
999 308
999 423
999 631
999 753
999 854
999 948
999 970
999 982
