0 1
0 2
1 2
0 3
1 3
2 1
4 1
3 2
5 6
0 4
2 4
2 3
7 4
8 9
4 10
4 3
11 4
0 12
13 10
7 1
0 10
1 14
7 3
7 0
2 10
7 2
0 14
11 10
1 10
15 4
0 11
16 5
6 5
7 17
13 4
15 2
11 1
7 10
11 18
15 1
7 11
4 18
14 2
19 1
20 4
2 18
15 21
10 3
11 3
4 21
15 3
15 11
20 0
0 22
15 10
13 1
23 10
20 11
15 0
2 11
17 3
7 24
23 13
13 18
0 18
7 18
1 18
7 21
0 25
15 7
15 18
13 3
16 6
11 25
19 0
2 21
1 21
21 3
23 4
1 22
23 21
10 18
15 17
23 24
11 21
0 26
23 1
20 10
13 11
23 11
2 22
2 12
23 2
23 18
1 12
4 12
3 12
21 24
10 24
3 22
23 3
3 18
17 12
17 4
4 22
7 22
2 0
7 12
3 1
27 4
15 13
4 24
18 22
17 10
7 20
20 22
21 18
3 28
2 28
11 22
1 24
0 24
4 28
13 24
2 24
11 24
15 24
7 28
20 1
20 25
1 28
17 28
15 22
13 2
23 0
0 17
17 1
19 12
11 12
20 18
0 28
0 29
27 1
30 31
13 21
32 5
27 10
4 33
7 27
10 22
15 12
20 3
27 3
26 12
17 18
27 22
27 11
15 27
15 28
2 26
1 25
34 3
34 24
13 22
11 28
20 2
20 27
28 12
3 24
0 13
35 11
7 13
10 12
23 17
17 2
15 26
34 10
34 1
34 4
36 1
37 14
1 26
15 38
2 27
0 19
4 26
4 25
7 26
7 34
17 22
17 11
15 20
32 6
23 34
20 13
10 26
10 25
27 18
7 19
39 37
2 40
11 26
20 41
0 21
0 33
17 26
4 42
34 2
22 25
0 27
12 1
4 43
4 38
4 44
7 38
7 42
21 42
2 42
37 2
4 40
15 45
7 23
7 46
47 5
47 6
3 14
2 38
2 44
27 21
15 34
34 11
18 24
21 48
10 28
2 43
11 44
20 17
1 38
17 19
17 42
0 38
4 41
15 46
34 21
13 43
49 5
10 44
26 1
48 42
17 24
18 12
18 25
13 17
50 5
50 6
3 42
11 43
0 46
18 28
21 12
3 19
1 37
26 0
45 28
15 51
36 2
21 10
19 2
22 12
1 41
1 40
0 52
13 12
13 27
21 28
1 42
15 42
7 45
28 42
13 25
42 40
53 54
53 41
53 10
53 1
53 4
53 13
41 54
41 10
32 55
32 50
10 43
2 25
23 54
23 53
23 41
1 54
1 43
56 37
27 25
4 54
15 23
15 40
7 54
7 53
7 41
7 44
7 48
7 40
13 54
13 41
13 0
51 10
51 2
51 11
51 45
51 4
47 55
32 47
6 57
58 5
58 6
11 38
1 44
26 24
0 34
0 36
0 40
45 44
13 26
21 22
19 4
38 12
38 46
11 40
11 42
17 48
7 43
25 0
53 24
10 54
20 54
20 53
0 59
0 42
15 44
15 48
36 26
13 28
8 14
52 42
20 19
0 45
48 40
17 43
17 44
60 61
21 62
21 40
5 57
16 57
63 1
64 28
20 35
1 0
0 43
0 44
35 25
17 45
7 51
46 12
51 28
53 3
41 3
41 25
2 19
20 24
44 46
4 52
4 0
15 43
13 44
21 61
65 5
65 6
66 5
23 22
23 27
4 67
4 19
15 25
7 64
34 18
36 12
13 34
64 40
64 42
1 33
0 41
45 12
17 38
4 17
68 27
28 40
8 36
40 12
51 3
51 1
51 44
51 12
54 24
54 25
53 2
53 22
53 18
53 25
41 22
41 24
41 18
58 16
3 54
3 40
2 54
2 41
2 67
2 69
22 54
23 25
38 42
1 69
0 54
17 21
70 38
70 4
4 69
15 54
15 53
15 41
7 70
7 25
18 54
36 4
21 68
21 60
51 26
50 55
5 55
6 55
10 46
3 26
11 46
1 19
0 69
48 12
45 38
17 33
4 46
15 71
8 72
8 2
42 12
73 0
10 21
10 40
10 42
43 28
3 38
2 70
23 43
38 40
11 71
26 3
0 20
74 3
17 40
70 3
70 1
70 12
70 28
15 67
15 70
15 19
7 69
34 40
36 3
36 11
30 56
29 2
51 43
51 46
53 11
53 21
41 21
75 25
76 11
3 33
2 46
23 42
38 28
11 54
11 41
77 2
20 23
1 17
67 42
0 78
45 3
45 46
46 40
8 79
21 54
21 25
2 17
23 26
37 3
26 21
27 12
4 48
36 10
36 43
21 27
10 74
76 35
2 74
2 33
23 19
11 74
1 52
1 74
67 40
0 74
0 80
44 12
74 43
74 18
74 28
4 74
7 74
36 18
13 74
8 81
53 27
10 38
82 61
2 48
23 40
38 33
77 1
20 21
12 24
27 54
27 41
34 26
69 3
18 42
13 7
25 24
83 1
51 18
3 25
22 24
23 48
20 12
1 48
0 84
48 61
45 43
45 2
45 4
45 18
15 64
7 36
7 33
69 12
36 28
85 1
13 69
13 51
25 11
21 82
52 1
10 60
43 12
76 80
2 60
64 3
64 2
64 4
23 7
11 52
11 60
11 33
44 28
44 33
48 82
74 12
17 46
4 60
7 67
69 43
36 74
60 42
46 33
8 12
51 38
52 2
32 16
10 59
10 33
76 27
3 48
2 52
23 12
11 69
77 3
1 67
1 46
0 48
12 33
45 40
45 33
45 42
86 1
86 24
27 35
70 10
70 44
70 46
15 33
69 18
69 28
28 33
25 20
21 38
21 44
83 37
75 0
2 71
64 24
64 12
64 21
11 67
11 45
11 87
77 10
77 11
77 0
77 4
12 2
45 10
17 0
17 27
86 10
86 4
7 52
7 77
34 28
34 42
13 87
13 19
21 43
21 17
21 19
51 33
42 24
52 3
52 4
52 40
53 19
50 47
50 16
16 55
10 69
3 46
64 1
23 52
23 28
77 26
48 71
48 67
45 24
17 70
86 52
86 2
86 11
86 48
86 34
86 60
86 21
86 40
86 42
27 24
70 11
70 26
70 33
15 69
15 36
7 71
18 26
36 45
28 46
80 0
40 24
88 22
88 0
88 18
88 29
88 80
83 26
19 24
51 70
51 36
47 16
63 0
64 48
22 59
22 19
77 24
77 28
77 21
20 33
1 78
26 33
48 28
12 0
60 82
46 24
13 45
21 33
21 89
58 57
10 52
43 26
63 3
22 0
90 3
90 12
90 4
90 28
90 21
11 80
0 53
0 37
0 91
44 26
48 24
27 38
4 59
91 59
15 52
7 90
34 12
69 87
85 2
21 52
21 92
21 0
21 4
93 94
88 11
19 3
49 6
52 0
52 44
43 46
2 87
2 80
64 45
22 26
23 44
23 60
90 10
11 59
77 64
77 48
77 17
77 40
77 42
0 71
0 95
0 35
0 51
17 74
17 87
17 36
27 80
4 87
15 74
7 87
87 28
69 26
18 59
18 43
18 38
18 87
13 36
13 46
88 10
51 71
51 48
51 74
51 17
52 43
71 24
10 80
10 96
43 42
76 0
38 22
11 48
0 70
44 43
17 54
27 69
27 28
4 96
18 48
18 96
85 3
13 40
13 42
13 96
88 59
51 34
52 24
71 12
43 87
3 60
2 90
90 52
90 1
90 26
90 60
90 40
90 42
11 90
77 52
77 90
77 12
77 34
77 60
20 26
1 60
26 2
67 38
0 60
48 44
35 22
56 14
17 67
17 60
7 60
34 54
34 52
34 41
34 90
34 60
36 44
36 87
36 69
60 28
46 26
28 26
29 59
13 38
97 66
52 61
71 61
10 82
10 61
10 87
82 24
82 40
82 42
95 12
3 59
3 95
3 98
3 87
2 82
2 95
2 61
2 98
64 67
64 44
22 95
22 98
61 24
38 95
38 44
38 98
11 82
11 61
11 35
11 98
11 19
1 95
1 98
1 87
0 98
0 87
48 52
48 45
45 61
35 59
35 18
74 87
17 95
17 98
17 69
86 71
86 82
86 61
86 45
27 95
70 22
70 98
70 18
98 12
4 82
4 95
4 61
4 98
15 82
15 95
15 61
15 86
15 98
15 60
7 95
7 61
7 98
34 61
69 95
69 38
69 74
18 98
18 40
60 24
60 40
46 95
28 95
28 98
13 59
39 26
80 29
40 61
51 52
51 82
51 61
51 24
51 86
51 60
51 21
51 40
51 42
42 61
99 38
99 1
99 67
99 0
99 48
99 4
99 21
97 5
97 6
66 6
43 96
76 10
76 59
76 95
76 22
76 4
76 91
76 18
76 29
76 88
2 59
2 96
64 71
64 38
38 96
11 0
11 91
11 96
20 59
20 91
20 80
67 44
0 64
44 38
44 96
45 1
45 69
45 96
86 3
86 26
4 91
4 80
15 96
87 26
18 46
46 96
25 35
80 59
88 35
88 4
88 91
51 96
52 71
52 12
53 34
82 52
3 0
23 90
38 71
77 86
20 34
26 14
67 12
0 83
48 43
45 71
74 26
86 90
86 12
86 28
4 71
7 86
34 22
34 45
36 46
60 52
60 48
60 12
28 71
28 24
80 28
21 71
51 87
42 71
100 92
99 3
99 2
99 12
99 17
99 28
99 40
99 42
75 1
43 38
2 101
2 39
64 10
64 11
23 64
38 24
20 95
20 76
20 29
20 88
48 101
35 95
17 52
4 101
87 12
36 22
60 44
21 45
21 101
88 95
83 3
19 20
102 5
102 6
10 67
10 0
3 43
23 45
37 1
77 45
1 59
1 103
26 18
67 24
67 21
0 104
44 3
44 24
48 21
17 71
27 26
34 44
36 33
25 1
39 0
80 104
19 25
10 71
43 3
63 8
3 71
3 44
64 34
105 11
105 87
105 46
105 51
106 3
106 2
106 1
106 48
106 12
106 4
106 28
106 21
106 40
106 42
23 107
23 74
23 46
90 71
90 45
38 26
38 87
77 44
77 46
1 71
1 80
0 106
0 86
44 18
45 11
56 31
17 64
17 90
27 44
15 106
15 90
84 37
7 106
34 71
34 27
34 25
14 1
30 14
8 29
21 108
40 71
43 33
76 109
3 52
3 78
3 96
2 104
2 13
22 96
105 26
38 48
38 101
77 51
20 75
20 96
1 110
1 29
1 96
26 77
67 101
67 46
0 103
44 87
44 69
44 40
104 12
104 39
48 108
45 87
56 39
17 13
17 96
86 44
86 18
27 96
4 110
15 101
15 111
15 87
84 1
7 110
7 111
7 96
111 43
111 2
111 38
111 11
111 44
111 45
111 17
111 4
111 87
111 18
111 46
111 28
111 51
69 46
69 33
36 38
36 29
36 96
85 12
60 43
60 18
46 3
46 2
46 4
46 28
30 112
29 1
13 60
13 33
113 2
113 0
8 83
21 110
114 39
42 101
42 19
49 57
16 49
6 49
6 16
10 19
43 18
76 1
105 69
105 36
23 69
1 115
92 68
26 52
26 40
0 105
0 109
0 114
45 22
45 27
17 25
27 59
27 43
27 70
27 91
27 46
27 33
34 43
69 22
18 33
18 19
36 0
36 85
36 103
36 83
85 104
85 80
28 39
29 10
29 103
13 48
13 91
39 12
113 11
113 35
113 4
113 29
88 109
88 27
83 104
52 28
10 45
10 91
110 3
110 22
82 71
82 12
3 82
3 61
3 104
3 56
3 103
3 39
2 110
2 45
2 83
64 52
64 61
116 59
22 33
105 43
105 3
105 2
105 1
105 44
105 104
105 12
105 56
105 28
105 29
105 103
105 39
105 80
105 83
105 33
105 114
61 12
23 71
23 51
90 82
90 61
90 24
90 44
11 13
77 71
77 82
77 61
77 15
1 82
1 61
1 117
1 45
1 39
26 71
26 82
26 61
26 45
26 60
26 28
26 19
26 42
0 75
0 82
0 61
0 56
0 85
0 39
104 56
104 28
104 103
117 3
56 26
56 12
56 28
56 103
17 82
17 61
17 86
17 101
17 34
101 40
4 118
4 109
4 117
4 45
91 22
15 110
7 82
7 117
7 101
7 15
34 82
87 46
36 104
36 56
36 39
36 80
36 114
85 28
85 39
85 83
85 114
60 71
46 69
46 21
28 61
29 3
29 104
29 12
29 56
29 28
29 39
29 80
29 83
29 114
103 12
103 28
103 39
13 52
13 29
80 12
80 56
80 103
80 25
80 39
113 3
113 105
113 1
113 104
113 12
113 56
113 36
113 28
113 103
113 39
113 80
113 83
113 114
21 119
21 120
88 2
83 12
83 56
83 28
83 103
83 39
83 80
114 12
114 28
114 103
51 64
51 90
51 69
49 16
52 46
75 20
58 49
73 1
10 95
10 116
10 121
10 109
10 104
10 35
10 56
10 98
10 103
10 39
10 114
59 95
59 121
59 109
59 12
59 56
59 98
59 87
59 46
59 28
59 103
59 39
59 33
59 114
59 96
43 59
43 95
43 116
43 22
43 121
43 109
43 24
43 104
43 35
43 56
43 98
43 103
43 39
43 40
43 114
95 109
95 33
95 96
76 43
76 3
76 2
76 116
76 105
76 121
76 38
76 44
76 104
76 12
76 45
76 56
76 74
76 17
76 70
76 98
76 87
76 69
76 36
76 85
76 46
76 28
76 103
76 39
76 83
76 33
76 114
76 51
76 96
3 121
3 109
3 114
2 116
2 121
2 109
2 35
2 56
2 91
2 103
2 114
94 2
64 26
64 69
116 95
116 3
116 22
116 121
116 38
116 109
116 104
116 12
116 35
116 56
116 98
116 87
116 18
116 46
116 28
116 103
116 39
116 33
116 114
116 96
22 121
22 109
22 104
22 56
22 87
22 46
22 28
22 103
22 39
22 114
105 10
105 59
105 95
105 116
105 22
105 121
105 38
105 109
105 45
105 35
105 74
105 17
105 27
105 70
105 98
105 4
105 91
105 18
105 85
105 96
121 95
121 109
121 12
121 56
121 98
121 46
121 28
121 103
121 39
121 33
121 114
121 96
23 86
38 59
38 121
38 109
38 104
38 56
38 103
38 39
38 114
11 95
11 116
11 121
11 109
11 104
11 56
11 17
11 103
11 39
11 83
11 114
120 92
109 33
20 43
20 116
20 121
20 38
20 109
20 44
20 104
20 45
20 56
20 74
20 70
20 98
20 87
20 69
20 46
20 28
20 103
20 39
20 83
20 114
1 116
1 121
1 109
1 104
1 35
1 56
1 91
1 114
67 28
0 116
0 121
0 96
44 59
44 95
44 116
44 22
44 121
44 109
44 104
44 35
44 56
44 74
44 98
44 91
44 103
44 39
44 114
104 59
104 95
104 121
104 109
104 26
104 98
104 87
104 46
104 33
104 114
104 96
12 109
45 59
45 95
45 116
45 121
45 109
45 26
45 104
45 35
45 56
45 74
45 70
45 98
45 91
45 103
45 39
45 80
45 83
45 114
35 3
35 121
35 38
35 109
35 104
35 12
35 56
35 98
35 87
35 46
35 28
35 103
35 39
35 33
35 114
35 96
56 95
56 109
56 98
56 46
56 33
56 114
56 96
74 59
74 95
74 116
74 22
74 121
74 38
74 109
74 104
74 35
74 56
74 98
74 91
74 46
74 103
74 39
74 33
74 114
74 96
17 59
17 116
17 121
17 109
17 104
17 35
17 56
17 91
17 85
17 29
17 103
17 39
17 80
17 83
17 114
86 43
27 116
27 121
27 109
27 104
27 56
27 74
27 98
27 87
27 103
27 39
27 83
27 114
70 59
70 43
70 95
70 116
70 121
70 109
70 67
70 104
70 35
70 56
70 74
70 91
70 87
70 69
70 103
70 39
70 80
70 21
70 83
70 114
70 96
78 2
98 95
98 109
98 46
98 33
98 96
4 116
4 121
4 104
4 35
4 56
4 103
4 39
4 114
91 43
91 95
91 3
91 116
91 121
91 38
91 109
91 104
91 12
91 35
91 56
91 98
91 87
91 18
91 46
91 28
91 103
91 39
91 33
91 114
91 96
15 59
15 76
15 116
15 105
15 121
15 109
15 104
15 35
15 56
15 91
15 85
15 29
15 103
15 39
15 80
15 113
15 88
15 83
15 114
7 59
7 76
7 116
7 105
7 121
7 109
7 104
7 35
7 56
7 91
7 85
7 29
7 103
7 39
7 80
7 88
7 83
7 114
111 10
111 59
111 95
111 76
111 3
111 116
111 22
111 105
111 121
111 109
111 1
111 0
111 104
111 12
111 35
111 56
111 74
111 27
111 70
111 98
111 91
111 69
111 36
111 85
111 29
111 103
111 39
111 80
111 88
111 83
111 33
111 114
111 96
87 95
87 121
87 109
87 56
87 98
87 103
87 39
87 33
87 114
87 96
69 59
69 116
69 121
69 109
69 104
69 35
69 56
69 98
69 91
69 103
69 39
69 114
69 42
69 96
18 10
18 95
18 121
18 109
18 104
18 56
18 103
18 39
18 114
36 59
36 95
36 116
36 121
36 109
36 35
36 27
36 70
36 98
36 91
85 10
85 59
85 43
85 95
85 116
85 22
85 121
85 38
85 11
85 109
85 44
85 45
85 35
85 56
85 74
85 27
85 70
85 98
85 4
85 91
85 87
85 69
85 18
85 46
85 103
85 33
85 96
46 109
46 1
46 42
28 109
28 96
29 43
29 95
29 116
29 22
29 121
29 38
29 11
29 109
29 44
29 45
29 35
29 74
29 27
29 70
29 98
29 4
29 91
29 87
29 69
29 18
29 85
29 46
29 33
29 96
103 95
103 109
103 98
103 46
103 33
103 96
13 95
13 76
13 116
13 105
13 121
13 109
13 20
13 104
13 35
13 56
13 70
13 98
13 111
13 85
13 103
13 39
13 80
13 113
13 88
13 83
13 114
39 95
39 2
39 109
39 98
39 46
39 33
39 96
80 43
80 95
80 3
80 116
80 22
80 121
80 38
80 109
80 44
80 35
80 74
80 98
80 91
80 87
80 69
80 18
80 46
80 33
80 114
80 96
113 10
113 59
113 43
113 95
113 76
113 116
113 22
113 121
113 38
113 109
113 20
113 44
113 45
113 74
113 17
113 27
113 70
113 98
113 91
113 7
113 111
113 87
113 69
113 18
113 85
113 46
113 88
113 33
113 51
113 96
8 122
21 123
21 46
88 43
88 3
88 116
88 105
88 121
88 38
88 1
88 44
88 104
88 12
88 45
88 56
88 74
88 17
88 70
88 98
88 87
88 69
88 36
88 85
88 46
88 28
88 103
88 39
88 83
88 33
88 114
88 51
88 96
83 10
83 59
83 43
83 95
83 116
83 22
83 121
83 38
83 109
83 44
83 35
83 74
83 98
83 4
83 91
83 87
83 69
83 18
83 46
83 33
83 114
83 96
114 95
114 109
114 98
114 46
114 33
114 96
19 118
19 123
51 59
51 95
51 116
51 22
51 121
51 109
51 67
51 104
51 35
51 56
51 27
51 98
51 91
51 85
51 29
51 103
51 39
51 80
51 83
51 114
42 44
42 46
96 109
96 12
96 33
99 70
99 46
47 50
54 19
55 5
55 6
41 19
10 48
110 12
110 19
63 2
2 118
2 123
108 21
23 118
23 87
38 67
11 118
11 123
31 14
37 29
77 43
77 18
48 10
48 46
48 62
17 124
27 19
4 124
7 118
34 48
34 17
36 37
85 26
46 48
28 22
29 26
103 26
13 118
39 14
80 26
113 26
83 14
114 26
59 26
95 26
76 26
3 101
3 4
2 63
2 124
64 90
64 60
116 26
121 26
23 38
90 43
90 48
90 18
107 3
11 2
20 105
20 111
20 36
20 85
20 51
1 118
1 20
1 124
26 123
26 109
0 67
0 117
48 38
48 26
117 22
117 19
35 26
86 36
70 71
70 40
70 42
98 26
91 26
34 46
111 26
18 44
36 34
30 39
28 38
28 101
39 1
8 84
21 118
21 125
21 117
21 7
88 26
96 26
99 71
99 64
99 11
75 19
73 25
10 123
10 124
82 44
82 46
76 25
2 115
23 123
23 124
23 36
38 52
38 82
38 61
11 101
77 74
1 123
24 123
67 82
67 3
67 61
67 60
0 115
0 126
124 24
124 18
44 61
48 2
48 11
48 4
48 34
48 60
45 82
45 60
56 2
86 67
86 46
27 110
27 68
4 123
15 118
15 124
7 123
7 124
18 101
60 46
46 64
46 61
46 101
13 124
80 76
126 3
126 1
126 4
127 128
127 129
127 76
127 27
127 130
52 33
128 76
128 27
129 128
129 76
129 27
129 130
131 127
131 128
131 129
131 76
131 27
131 130
132 127
132 128
132 129
132 131
132 76
132 27
132 130
10 118
2 126
64 17
118 24
23 15
109 0
1 133
26 10
26 11
26 37
26 13
0 94
0 101
124 118
35 58
17 53
17 41
17 118
27 76
27 92
84 2
34 67
18 118
36 40
46 11
46 17
28 19
13 123
80 127
80 128
80 129
80 131
80 132
80 2
80 27
80 130
8 134
21 67
21 34
126 38
42 33
130 128
130 76
130 27
49 58
43 44
63 4
2 107
2 117
119 61
64 86
64 46
118 123
106 71
106 18
23 135
23 77
90 74
107 43
107 48
107 18
107 60
107 28
107 40
107 42
11 110
11 124
11 29
115 22
115 38
115 67
115 48
115 101
115 28
115 21
37 78
77 38
77 107
77 36
1 136
1 101
26 118
26 23
26 7
133 3
133 22
133 117
67 52
67 71
67 69
0 123
0 90
0 107
44 71
48 19
117 12
117 17
45 52
56 1
74 48
74 60
74 42
136 25
4 2
4 115
4 20
4 133
15 123
15 115
15 117
15 126
7 107
7 115
7 133
7 126
34 107
34 74
18 123
36 52
36 24
36 48
36 60
36 21
36 42
46 71
30 137
28 48
13 90
13 107
25 138
8 1
8 139
8 140
21 124
21 74
126 22
126 17
52 45
66 57
73 22
82 43
43 61
2 29
141 142
64 43
64 18
64 13
22 42
23 82
23 61
23 67
23 101
38 43
38 3
20 138
20 124
26 46
27 13
4 75
34 38
34 13
18 82
18 61
46 43
46 67
46 44
46 18
46 13
13 82
13 61
13 67
25 19
62 108
62 68
8 141
8 142
126 67
126 48
126 28
126 21
126 40
126 42
54 118
54 123
54 12
54 136
53 118
53 123
53 124
53 12
53 136
41 118
41 123
41 124
41 12
41 136
71 21
73 20
10 136
63 28
3 124
2 136
2 84
143 1
23 136
38 18
11 136
77 67
77 70
20 118
20 123
20 136
1 144
26 54
26 53
26 41
26 20
26 124
26 17
26 136
26 4
26 25
0 145
124 54
124 123
124 136
124 25
45 67
35 138
17 123
17 136
136 118
136 123
136 24
101 12
4 136
68 108
15 136
7 136
18 136
46 38
30 2
13 136
25 118
25 123
8 77
21 136
19 41
146 21
71 67
71 4
71 18
71 40
71 42
43 71
63 67
3 108
3 67
2 108
2 133
2 147
64 63
64 33
22 10
22 108
22 67
22 101
22 40
108 12
106 22
106 108
106 38
106 115
106 133
106 67
106 147
106 117
106 17
106 101
106 126
106 19
23 148
23 149
90 38
90 67
38 108
38 19
107 52
107 12
115 3
115 108
115 133
115 12
115 117
115 17
115 40
115 19
115 42
1 108
1 77
133 108
133 38
133 67
133 48
133 12
133 17
133 101
133 28
133 40
133 19
133 42
24 3
67 108
67 33
67 19
0 118
0 108
0 77
0 133
0 147
0 68
0 144
48 3
48 22
147 3
147 22
147 108
147 38
147 115
147 1
147 133
147 67
147 48
147 12
147 117
147 17
147 101
147 4
147 28
147 21
147 126
147 40
147 19
147 42
117 108
117 67
117 48
117 101
117 28
117 40
117 42
35 80
17 108
17 51
86 107
86 74
27 58
101 108
101 19
4 108
68 12
68 101
68 40
68 19
68 42
15 108
15 133
15 147
15 68
15 99
7 108
7 147
7 68
7 99
34 0
69 44
18 52
18 71
36 90
36 107
150 120
46 63
28 108
28 67
13 71
151 84
21 133
126 108
126 115
126 133
126 12
126 117
126 101
126 19
93 2
40 108
19 108
19 40
42 108
99 22
99 108
99 106
99 115
99 133
99 147
99 117
99 101
99 68
99 126
99 19
52 17
52 7
52 18
152 5
152 6
152 57
71 101
71 33
73 41
10 144
110 123
110 24
63 38
63 12
2 153
2 144
154 23
108 27
23 155
90 0
153 101
153 40
153 42
38 153
38 144
11 138
138 11
77 144
77 33
26 38
26 67
26 44
26 144
67 43
67 144
44 144
44 42
48 153
48 92
48 68
48 144
48 33
45 13
45 21
17 144
27 123
70 24
70 144
156 157
4 153
4 144
15 153
84 14
7 144
34 33
85 0
46 10
46 34
46 144
28 44
144 24
80 94
21 153
21 144
40 33
19 10
19 21
99 10
99 77
99 26
99 24
99 44
99 7
99 144
72 9
63 48
63 78
63 21
63 40
22 1
22 29
38 10
38 11
38 13
11 75
138 35
67 18
0 110
0 158
27 120
27 0
15 63
84 3
7 63
34 69
14 3
28 52
29 14
62 92
62 125
19 54
19 22
19 27
19 18
52 64
52 48
52 144
52 19
66 16
53 17
159 22
159 1
41 17
6 66
58 25
110 118
110 18
82 144
82 33
63 69
63 42
76 58
3 123
3 144
2 14
119 108
119 62
64 82
64 0
64 70
64 101
64 144
22 123
22 80
61 33
154 21
23 110
90 64
90 107
90 46
90 144
90 33
38 34
38 69
11 64
11 117
11 144
160 84
109 10
37 77
26 110
24 10
24 1
24 4
24 18
24 21
67 0
67 45
0 136
161 8
48 90
48 1
48 0
48 70
45 144
35 0
86 38
86 0
86 70
86 144
86 33
27 118
27 117
27 17
70 52
70 82
70 61
70 90
70 0
70 45
70 60
15 144
34 70
34 144
69 21
69 40
18 3
18 29
36 71
36 82
36 61
60 38
60 68
60 144
60 33
46 87
28 82
28 144
13 110
144 71
144 61
144 12
144 40
144 33
39 3
39 8
62 61
21 13
21 162
33 24
51 0
51 144
42 144
99 52
99 82
99 61
99 90
99 45
99 86
99 15
99 34
99 60
99 33
99 51
52 20
52 101
159 25
75 33
58 11
110 48
110 28
110 42
43 101
2 155
2 78
119 68
163 138
22 4
108 68
23 164
38 17
11 155
160 26
155 43
155 44
155 101
155 4
155 18
155 21
1 84
26 22
26 48
124 22
124 19
44 101
48 125
86 13
4 164
68 21
91 10
18 45
18 80
60 108
13 155
13 77
13 164
13 101
13 15
39 31
21 97
21 165
126 18
93 0
40 3
19 26
19 124
42 4
99 110
166 21
53 110
53 0
41 110
41 0
167 25
58 152
10 17
10 13
110 54
110 10
110 0
110 124
110 136
110 25
63 22
63 17
3 118
3 136
2 86
2 36
119 125
119 48
118 12
163 168
22 73
22 118
22 136
22 169
22 13
38 68
38 62
38 21
11 68
11 34
138 25
37 0
37 84
37 83
77 69
20 110
1 62
170 58
170 76
170 11
170 35
170 27
170 25
26 27
67 62
0 63
0 124
0 62
124 12
104 2
12 123
35 20
17 110
171 61
27 108
27 67
27 124
27 136
136 12
136 19
137 31
4 7
4 62
84 29
7 62
87 44
69 48
69 17
36 13
25 22
25 12
25 29
62 120
151 26
21 87
21 100
21 172
19 110
19 11
19 136
19 33
54 26
52 135
52 87
53 26
53 173
55 49
159 20
41 26
41 173
10 64
10 107
10 174
10 29
110 108
110 67
110 117
110 17
110 101
110 40
82 64
82 174
82 45
82 28
43 64
43 135
43 45
63 115
63 26
63 101
3 64
3 135
3 174
3 45
2 64
2 135
2 174
2 164
2 173
119 92
64 135
64 115
64 87
64 19
163 68
22 91
175 21
61 68
148 3
108 61
106 52
106 10
106 110
106 82
106 43
106 64
106 61
106 90
106 107
106 11
106 26
106 24
106 174
106 45
106 74
106 60
23 106
23 176
23 174
23 173
90 135
90 174
90 87
38 2
38 45
38 4
38 51
107 71
107 82
107 64
107 61
107 24
107 174
107 45
11 135
11 107
11 115
11 174
115 110
115 18
109 22
109 18
109 29
109 13
109 80
77 106
77 174
20 177
20 173
1 64
1 107
1 174
1 173
1 149
92 61
26 43
26 64
26 107
26 174
26 74
133 110
133 18
178 8
24 17
67 68
0 174
0 177
0 169
0 173
174 52
174 71
174 43
174 64
174 61
174 24
174 12
174 45
174 28
174 40
174 42
44 135
48 64
48 135
48 174
147 110
56 112
56 8
74 52
74 71
74 82
74 64
74 61
74 107
74 24
74 174
74 45
74 40
17 135
17 106
17 107
17 174
86 64
86 106
86 174
27 133
27 62
4 64
4 135
4 107
4 174
4 173
68 92
15 107
15 174
7 135
7 179
7 174
7 173
34 64
34 106
34 174
34 87
34 19
87 135
69 101
69 19
18 64
18 135
18 67
18 174
18 17
36 64
36 106
36 174
14 29
60 64
60 174
60 45
46 52
46 135
46 90
46 115
46 68
46 19
169 25
28 135
29 79
13 64
13 135
13 106
13 176
13 174
13 86
13 173
25 59
39 29
8 26
21 64
21 135
21 107
21 26
21 174
173 54
173 10
173 3
173 22
173 26
173 17
126 110
83 2
51 106
51 107
51 174
149 3
52 34
52 60
52 21
72 37
72 29
50 32
159 0
180 5
75 4
73 145
10 164
10 101
63 95
63 14
63 126
3 62
2 179
2 181
2 62
119 60
64 22
64 27
64 126
22 62
182 8
23 181
23 183
23 96
179 115
11 181
11 164
11 62
11 126
31 2
160 2
109 59
109 88
155 10
155 67
155 164
155 60
155 40
155 42
37 26
37 103
77 23
77 87
77 13
1 184
1 158
170 168
26 84
185 92
104 29
181 43
181 155
181 67
181 44
181 164
181 101
181 4
181 18
181 13
181 21
45 155
45 181
45 164
45 101
186 38
186 1
186 67
186 0
186 48
186 70
186 4
186 7
186 62
186 21
35 4
164 43
164 67
164 44
164 101
164 96
27 48
27 40
27 42
70 48
70 62
101 96
68 48
91 13
15 155
15 181
15 164
15 62
7 158
187 10
188 1
34 101
60 101
46 22
46 23
46 45
46 27
46 126
28 62
13 23
39 84
62 42
80 93
8 189
8 0
21 138
21 96
126 71
126 69
40 43
40 26
40 44
40 69
40 18
40 28
40 21
40 42
19 75
51 101
42 190
42 26
42 34
99 27
99 62
97 92
72 14
55 50
5 50
71 3
71 1
71 48
71 17
71 28
6 50
58 80
57 5
110 38
110 62
43 34
63 84
76 13
2 34
2 169
163 92
191 11
154 24
154 13
192 92
90 69
160 78
109 11
170 163
170 92
170 68
170 80
26 78
67 34
0 159
44 34
125 61
48 193
12 78
17 190
86 25
4 78
68 67
68 69
84 78
84 36
194 8
7 190
25 10
62 27
80 11
80 13
8 104
8 195
8 196
8 197
21 58
21 23
21 171
21 69
21 198
83 0
83 84
47 102
54 158
52 199
52 190
52 63
52 38
52 26
52 74
52 149
102 55
200 27
53 117
53 158
50 102
41 117
41 158
180 16
180 6
180 57
190 0
190 4
152 180
152 16
32 102
71 10
71 43
71 2
71 22
71 108
71 201
71 38
71 115
71 133
71 44
71 117
71 45
71 98
71 68
71 34
71 46
71 13
71 62
71 19
73 159
73 10
73 2
73 86
73 177
73 169
10 148
10 135
10 1
10 176
10 86
10 169
10 158
10 149
82 108
63 43
63 108
63 179
63 153
63 160
63 37
63 133
63 44
63 147
63 117
63 27
63 18
63 202
63 19
95 108
95 40
95 19
3 199
3 153
3 201
3 77
3 68
3 69
3 158
2 203
2 204
2 148
2 201
2 68
2 202
2 205
2 149
143 0
119 82
64 95
64 148
64 108
64 106
64 23
64 179
64 153
64 107
64 133
64 147
64 117
64 74
64 68
64 202
64 149
22 41
22 153
22 201
22 38
22 68
22 69
148 43
148 135
148 26
148 44
148 48
148 74
148 17
148 87
148 18
148 60
148 28
148 21
148 42
148 149
135 26
191 35
154 10
154 176
154 0
106 63
106 95
106 179
106 153
106 201
106 27
106 70
106 98
106 68
106 69
106 202
106 62
23 63
23 20
23 117
23 206
23 158
179 95
179 3
179 22
179 108
179 153
179 38
179 1
179 133
179 67
179 48
179 12
179 117
179 17
179 101
179 4
179 69
179 202
179 28
179 21
179 40
179 19
179 42
207 34
207 46
207 13
90 148
90 17
90 149
153 95
153 108
153 67
153 12
153 69
153 19
201 108
201 12
201 40
38 201
38 117
38 171
107 10
107 148
107 135
107 11
107 1
107 26
107 44
107 74
107 17
107 4
107 87
107 69
107 21
107 149
11 167
11 148
11 108
11 106
11 201
11 133
11 147
11 70
11 149
160 37
120 61
120 68
115 95
115 153
115 201
115 98
115 68
115 69
115 62
77 148
77 135
77 14
77 149
20 145
20 206
20 187
1 148
1 135
1 153
1 201
1 68
1 169
92 108
133 95
133 153
133 201
133 98
133 68
133 69
133 62
24 52
24 43
24 2
24 148
24 135
24 23
24 90
24 107
24 11
24 26
24 44
24 48
24 74
24 87
24 69
24 60
24 28
24 40
24 42
24 149
67 95
67 201
67 48
67 98
0 208
0 148
0 135
0 23
0 179
0 153
0 201
0 176
0 209
0 210
0 202
0 149
0 211
0 212
125 108
48 95
48 201
48 98
48 87
48 69
147 71
147 95
147 179
147 153
147 201
147 98
147 68
147 69
147 18
147 202
147 62
117 54
117 10
117 95
117 153
117 201
117 38
117 98
117 68
117 69
117 62
45 63
186 71
186 3
186 2
186 22
186 108
186 106
186 201
186 11
186 115
186 133
186 147
186 12
186 117
186 17
186 209
186 101
186 98
186 68
186 210
186 18
186 28
186 126
186 40
186 19
186 42
186 99
35 75
35 10
35 29
35 13
56 3
56 0
74 135
74 44
74 17
17 153
17 201
17 68
17 62
86 22
86 169
27 179
27 153
27 115
27 147
27 101
27 202
27 158
27 126
168 68
70 108
70 201
70 115
70 133
70 147
70 117
70 17
70 101
70 68
70 126
70 19
209 71
209 3
209 2
209 22
209 108
209 106
209 201
209 38
209 11
209 115
209 1
209 133
209 67
209 48
209 147
209 12
209 117
209 17
209 70
209 101
209 98
209 4
209 68
209 18
209 28
209 62
209 21
209 126
209 40
209 19
209 42
101 95
101 201
78 59
98 108
98 201
98 101
98 40
98 19
98 42
4 199
4 148
4 201
4 68
4 158
4 13
4 149
68 63
68 95
68 3
68 2
68 22
68 106
68 179
68 153
68 201
68 38
68 115
68 1
68 133
68 147
68 117
68 17
68 98
68 4
68 202
68 28
68 126
15 179
15 201
15 186
15 209
15 210
15 202
206 54
206 53
206 41
206 10
206 3
206 22
206 1
206 24
206 4
206 13
206 19
177 41
7 148
7 153
7 201
7 209
7 206
7 210
7 202
7 149
187 4
34 148
34 135
34 23
34 173
34 149
87 42
69 148
69 135
69 108
69 60
69 149
210 71
210 3
210 2
210 22
210 108
210 106
210 201
210 38
210 11
210 115
210 1
210 133
210 67
210 48
210 147
210 12
210 117
210 17
210 70
210 209
210 101
210 98
210 4
210 68
210 18
210 28
210 62
210 21
210 126
210 40
210 19
210 42
18 108
18 201
18 117
18 68
18 62
36 149
14 0
60 135
60 92
60 26
60 87
46 148
46 108
46 106
46 179
46 153
46 107
46 133
46 147
46 117
46 74
46 60
46 202
46 149
202 95
202 3
202 22
202 108
202 153
202 38
202 115
202 1
202 133
202 67
202 48
202 12
202 117
202 17
202 101
202 4
202 69
202 28
202 21
202 40
202 19
202 42
158 1
28 153
28 201
28 68
28 69
29 25
13 148
13 117
13 158
13 149
62 119
62 201
62 12
62 101
62 98
62 40
62 19
21 95
21 201
21 176
21 98
21 158
21 213
21 149
21 214
173 24
173 19
126 95
126 179
126 153
126 201
126 98
126 68
126 202
126 62
40 148
40 135
40 48
40 74
40 17
40 87
40 60
40 149
19 201
42 95
42 135
42 201
42 0
149 43
149 135
149 26
149 44
149 48
149 74
149 17
149 87
149 18
149 60
149 28
149 42
99 63
99 95
99 179
99 153
99 201
99 209
99 98
99 69
99 210
99 18
99 202
52 10
52 153
52 155
52 67
52 13
52 96
200 215
159 208
159 73
159 86
159 169
16 152
16 58
190 1
71 52
71 82
71 204
71 153
71 155
71 181
71 164
71 7
71 60
71 205
71 96
73 115
73 216
73 158
73 149
10 204
10 153
10 7
10 34
10 205
82 153
82 101
82 7
82 34
82 96
43 7
63 203
95 10
95 59
95 22
95 11
95 0
95 4
95 91
95 18
95 29
95 13
95 25
95 80
204 82
204 43
204 61
204 153
204 1
204 24
204 44
204 101
204 7
204 34
204 46
204 40
204 42
204 96
2 199
2 183
2 7
64 110
64 183
217 8
191 138
23 204
23 153
23 120
23 205
153 43
153 61
153 24
153 44
153 7
153 34
153 46
153 96
215 27
38 204
38 155
38 181
38 164
38 86
38 7
38 60
38 205
11 204
11 153
11 20
11 7
11 205
218 8
138 168
115 25
109 95
109 20
109 35
109 4
109 91
109 25
155 82
155 204
155 61
155 153
155 24
155 7
155 34
155 46
155 205
155 96
37 39
219 25
20 190
220 8
1 199
92 125
92 100
67 204
67 153
67 7
67 205
67 96
0 199
0 167
0 73
0 221
44 7
104 1
104 0
125 68
48 204
48 155
48 181
48 164
48 7
48 18
48 205
48 13
48 96
181 10
181 82
181 204
181 61
181 153
181 24
181 7
181 34
181 60
181 46
181 205
181 40
181 42
181 96
12 29
183 43
183 3
183 44
183 18
183 28
45 204
45 153
45 7
45 34
45 205
186 110
35 91
164 82
164 204
164 61
164 153
164 24
164 7
164 34
164 18
164 60
164 46
164 205
164 21
164 40
164 42
86 204
86 153
86 155
86 181
86 164
86 101
86 7
86 205
86 96
27 222
27 193
70 110
101 61
101 24
101 7
137 56
4 204
4 183
4 34
4 205
4 29
68 125
91 29
91 25
91 80
15 204
15 205
84 26
7 183
187 0
34 7
34 96
18 204
18 153
18 0
18 4
18 91
18 7
18 34
18 13
36 23
36 78
36 14
36 25
60 204
60 153
60 125
60 7
60 34
60 96
46 110
46 118
46 183
46 7
216 115
216 25
158 115
158 216
158 25
28 43
205 82
205 43
205 204
205 61
205 153
205 24
205 44
205 101
205 7
205 34
205 18
205 60
205 46
205 40
205 42
205 96
29 13
13 204
13 153
13 183
13 205
25 223
39 112
62 224
80 1
8 225
8 226
21 204
21 205
21 227
21 228
40 7
88 13
88 25
83 29
114 1
19 190
51 204
51 153
51 155
51 181
51 164
51 7
51 205
51 13
42 7
42 96
96 61
96 24
96 7
96 40
149 115
149 25
52 11
52 78
72 79
159 145
5 229
75 22
167 29
190 52
230 5
6 230
73 75
73 4
73 36
73 33
10 159
203 59
203 43
203 44
203 28
63 13
3 36
204 14
2 159
143 12
119 120
64 203
163 231
108 4
23 203
23 207
207 43
207 11
207 67
207 44
207 69
38 207
11 223
11 51
138 92
138 0
138 68
20 232
20 42
1 211
170 138
170 231
26 29
185 120
0 233
124 1
124 14
45 203
45 48
35 223
17 203
171 119
171 108
171 234
27 187
78 199
78 1
137 39
4 190
4 203
4 235
15 203
84 80
177 232
7 203
231 92
231 68
188 114
18 203
46 203
158 22
29 0
13 203
13 154
13 187
39 36
62 82
62 192
62 48
62 171
151 2
8 236
21 222
21 11
21 237
238 19
19 52
149 22
239 240
47 32
241 27
145 208
145 1
52 118
52 183
52 69
72 195
184 2
242 243
53 244
245 239
245 240
41 244
41 33
246 97
246 66
5 129
75 52
75 159
75 247
71 110
73 248
10 244
110 95
110 153
110 201
110 98
110 68
110 69
249 61
249 92
43 67
43 171
63 71
63 10
63 110
63 118
63 183
63 171
63 36
3 10
3 171
3 244
3 250
204 52
2 171
2 244
143 14
119 249
64 118
64 155
64 171
64 36
118 71
22 158
61 227
148 52
148 12
135 12
154 7
108 193
23 154
23 235
23 171
23 244
23 250
179 110
207 10
207 63
207 3
207 2
207 64
207 1
207 48
207 45
207 171
207 4
207 68
207 18
207 28
207 40
207 42
9 14
90 155
90 183
90 101
38 110
38 118
38 123
38 235
107 90
251 11
11 183
11 235
11 244
11 173
31 1
120 125
120 252
120 227
109 76
155 52
155 3
155 135
155 48
155 183
155 87
155 28
219 11
219 29
77 27
20 117
20 244
20 158
1 154
1 235
1 171
1 244
253 14
24 54
24 41
24 22
24 12
24 27
24 101
24 158
24 13
67 123
67 26
67 171
0 248
0 203
0 143
0 219
0 244
0 206
44 123
44 67
44 171
254 224
254 62
181 52
12 63
12 84
12 79
183 135
183 48
183 101
183 87
117 24
117 158
45 118
45 171
35 251
35 100
164 52
17 154
17 164
17 244
17 158
86 148
86 135
86 23
86 17
86 87
86 69
86 149
171 249
171 120
171 92
171 252
171 28
171 40
171 42
171 227
27 97
27 61
27 150
244 54
244 22
244 26
244 24
244 12
244 19
168 92
255 247
209 110
101 135
78 12
137 14
4 171
4 244
68 110
91 0
15 171
15 158
15 173
206 2
206 11
206 26
206 12
206 117
206 17
206 244
206 34
206 173
84 12
7 155
7 164
7 244
187 22
187 91
187 25
256 10
256 59
256 95
256 76
256 22
256 11
256 109
256 20
256 0
256 35
256 4
256 91
256 18
256 29
256 13
256 25
256 80
256 88
188 29
34 63
34 117
34 235
34 171
34 244
34 158
87 43
87 101
69 52
69 24
69 171
210 110
18 110
18 164
18 171
18 158
36 148
36 135
36 77
36 17
85 84
60 62
252 61
252 227
150 185
150 62
46 155
46 86
46 171
46 36
46 51
202 110
30 1
205 52
257 8
13 235
13 171
13 244
25 191
25 251
25 26
25 158
62 150
8 258
21 164
21 235
21 252
21 259
21 260
21 261
173 12
173 244
173 18
173 25
40 52
223 11
223 35
114 2
19 37
42 43
42 38
149 12
145 248
145 0
262 5
262 6
52 59
52 181
52 164
263 264
66 242
66 32
66 243
66 163
66 138
66 170
66 168
66 130
265 43
184 20
242 5
242 32
242 57
242 163
242 138
242 170
242 168
199 59
41 232
5 65
5 168
208 20
32 243
32 57
32 138
32 170
32 168
6 65
243 5
243 168
266 184
58 180
73 232
73 19
10 183
57 16
57 243
57 168
203 10
59 10
82 48
82 68
43 11
63 52
2 219
143 38
267 268
267 218
267 269
267 270
267 150
267 271
267 8
272 94
119 13
268 218
268 269
268 270
268 150
268 271
268 8
118 38
118 1
273 105
273 26
163 5
163 32
163 243
163 57
163 170
191 25
108 48
108 19
23 126
207 61
207 154
207 38
207 60
9 195
9 29
9 8
38 203
38 124
38 234
11 203
11 63
218 150
160 0
138 5
138 243
138 57
138 170
138 223
109 274
20 167
269 218
269 150
269 8
1 75
1 73
1 11
1 183
1 216
170 5
170 243
170 57
92 82
92 48
270 218
270 269
270 150
270 8
67 118
67 11
0 190
0 232
0 272
0 275
0 253
0 235
0 216
0 276
0 277
44 118
44 11
44 48
48 119
48 118
48 150
12 52
12 26
12 69
12 19
183 203
183 67
183 17
183 69
183 42
45 183
35 167
35 1
17 115
27 82
122 9
78 14
15 183
177 33
187 13
188 2
188 0
34 183
69 11
14 26
60 120
46 123
158 24
28 1
28 0
271 218
271 269
271 270
271 150
271 8
278 267
278 268
278 218
278 269
278 270
278 150
278 271
278 8
25 169
139 122
39 83
62 60
80 272
8 274
8 109
8 150
8 103
21 203
21 154
21 35
21 51
21 234
21 279
21 280
21 281
126 10
282 223
33 1
223 25
114 0
114 14
19 232
19 17
42 10
42 11
42 234
100 58
221 10
149 1
149 0
149 216
149 158
130 242
130 5
130 32
130 243
130 57
130 163
130 138
130 170
130 168
283 284
283 285
283 286
283 287
283 58
283 288
289 1
290 262
290 5
290 16
145 25
52 75
52 203
52 235
72 2
72 84
72 8
291 145
291 292
291 248
291 0
284 286
284 287
284 58
284 288
293 0
285 284
285 286
285 287
285 58
285 288
294 295
222 68
286 288
296 66
5 262
5 16
297 298
75 190
75 11
16 229
16 262
167 75
167 11
167 1
167 0
292 145
292 248
190 2
230 229
230 16
299 1
71 97
6 290
6 229
6 262
287 286
287 288
58 286
58 287
58 288
73 291
73 292
73 95
10 110
10 203
10 141
10 154
10 235
10 171
10 62
10 234
232 33
110 141
110 44
203 71
203 24
203 171
203 40
203 42
203 234
59 2
43 2
43 123
43 234
63 24
63 124
63 164
63 256
63 93
63 83
63 234
76 20
3 203
3 234
2 51
2 234
143 3
143 28
189 225
267 83
94 37
94 236
141 123
141 24
141 44
141 62
272 2
119 240
119 27
64 124
64 234
118 143
273 154
273 11
273 68
273 87
273 46
273 13
273 51
22 159
22 115
22 256
22 216
105 154
105 68
105 13
61 108
191 300
301 0
154 26
154 68
154 87
154 51
108 3
192 68
23 240
23 68
23 234
179 24
207 71
207 203
207 24
207 124
207 17
207 21
207 126
207 234
9 79
90 2
90 13
38 63
38 141
38 64
38 273
38 105
38 154
38 302
38 1
38 303
38 15
38 36
11 143
11 219
11 171
11 78
11 221
112 14
160 77
160 1
160 14
138 231
219 167
77 110
77 141
77 22
77 123
77 62
77 19
77 221
20 208
1 203
1 141
1 304
1 305
1 221
1 234
92 97
92 21
26 34
185 100
67 110
67 203
67 141
67 124
67 17
67 87
67 51
67 234
0 306
0 292
0 141
0 183
0 305
0 307
124 203
124 43
124 2
124 44
124 171
124 28
124 40
124 42
124 234
44 78
44 62
44 308
44 234
254 82
254 119
254 61
254 108
254 171
254 27
254 21
104 80
125 82
125 48
125 60
48 171
48 27
48 100
45 124
45 17
45 234
164 20
164 4
309 8
17 171
17 234
235 24
310 0
311 312
171 82
171 24
171 27
171 224
171 21
27 141
27 119
27 313
27 221
122 195
122 8
314 283
314 284
314 285
314 286
314 287
314 58
314 288
255 75
101 3
101 1
101 26
4 141
4 177
4 234
68 61
68 87
224 82
224 119
224 61
224 108
224 27
224 21
15 207
15 77
15 235
15 234
84 123
84 0
84 83
177 20
7 141
7 207
7 235
7 171
7 221
7 234
188 14
34 203
34 124
34 234
69 203
69 124
69 13
69 234
18 234
36 154
36 115
36 67
36 101
36 68
36 169
36 216
36 19
36 51
315 312
315 311
14 84
14 79
46 124
46 234
216 22
216 1
158 36
316 29
30 0
30 83
28 2
28 234
29 123
13 234
25 145
25 41
25 3
25 4
317 1
318 0
62 123
62 11
62 24
62 21
80 10
80 123
80 31
80 14
151 1
151 0
21 141
21 163
21 179
21 1
21 185
21 319
21 320
21 321
21 322
93 104
93 14
308 26
308 46
33 3
33 7
19 145
19 208
19 56
19 177
19 36
19 14
276 25
42 235
221 123
221 24
234 24
234 40
323 0
324 22
325 21
239 326
239 327
145 75
145 177
229 294
229 295
54 10
54 3
54 328
54 235
54 96
329 43
52 97
52 143
52 148
52 23
52 207
52 90
52 107
52 115
52 92
52 176
52 171
52 304
52 36
52 250
52 51
330 331
72 1
332 294
332 295
291 75
333 330
333 331
265 52
265 75
265 20
265 1
265 19
334 27
184 1
184 14
335 167
335 0
53 275
53 328
53 133
53 164
53 235
53 101
53 126
53 276
53 96
55 16
50 262
306 29
306 80
245 326
245 327
336 330
336 331
159 36
159 19
41 75
41 275
41 328
41 133
41 164
41 235
41 276
41 96
296 246
5 92
240 326
240 327
337 92
337 27
326 239
326 245
326 240
326 327
75 145
75 248
75 232
75 338
75 177
167 10
292 75
339 6
190 43
230 65
340 341
342 343
342 330
342 344
342 345
342 331
342 346
243 347
345 344
345 331
266 1
58 264
73 348
73 208
73 3
73 26
10 328
10 36
10 250
349 330
349 344
349 331
193 49
193 5
193 16
193 6
203 97
203 118
203 135
203 38
203 67
203 48
203 101
203 78
203 91
203 87
203 51
203 221
82 92
82 125
82 60
82 62
249 108
249 68
249 227
43 97
43 118
43 273
43 105
43 154
43 23
43 48
43 68
43 69
43 36
43 250
43 13
43 19
43 51
63 97
63 73
63 143
63 135
63 9
63 155
63 92
63 176
63 104
63 181
63 235
63 87
63 29
63 51
350 12
3 41
3 75
3 350
3 328
3 164
3 235
3 84
3 304
204 2
204 0
2 97
2 72
2 306
2 167
2 143
2 92
2 176
2 235
2 304
2 250
2 8
2 88
143 71
143 43
143 44
143 48
143 235
143 171
143 18
143 21
143 40
143 42
267 1
267 26
267 12
267 14
94 84
94 29
119 207
119 171
119 252
119 351
119 227
64 97
64 143
64 92
64 176
64 181
64 164
64 235
64 250
64 51
118 97
118 43
118 3
118 67
118 44
118 48
118 235
118 171
118 69
118 18
118 14
118 28
118 21
118 40
118 42
273 207
273 34
273 352
22 306
22 75
105 207
105 34
105 352
61 100
148 101
148 250
148 19
135 97
135 71
135 118
135 250
353 20
353 164
353 4
217 72
217 12
191 20
123 26
275 54
275 10
275 3
275 22
275 17
275 18
275 158
275 25
275 21
328 24
328 158
328 19
154 11
154 77
154 34
108 241
108 10
108 20
108 7
192 58
23 97
23 143
23 275
23 328
23 115
23 92
23 133
23 111
23 33
23 276
207 249
207 143
207 118
207 108
207 92
207 26
207 235
207 87
207 352
207 51
9 2
9 134
90 97
90 203
90 63
90 118
90 11
90 115
90 92
90 176
90 181
90 164
90 250
90 19
90 51
38 97
38 135
38 352
107 155
107 183
107 101
107 250
107 19
11 97
11 306
11 328
11 92
11 176
11 86
11 250
11 247
11 158
218 79
31 0
120 249
120 108
120 354
120 234
115 97
115 71
115 203
115 43
115 118
115 135
115 44
115 183
115 164
115 87
115 51
109 167
155 97
155 71
155 203
155 118
155 148
155 38
155 115
155 1
155 92
155 26
155 176
155 74
155 17
155 69
155 250
155 51
155 149
37 267
37 19
219 1
77 155
77 183
77 101
77 250
20 184
20 275
20 133
20 164
20 101
20 247
20 126
20 276
1 190
1 143
1 275
1 328
1 219
1 164
1 4
1 250
1 276
1 51
92 339
92 71
92 6
92 203
92 43
92 118
92 135
92 38
92 115
92 176
92 67
92 44
92 183
92 164
92 101
92 87
92 18
92 28
92 51
92 227
26 154
26 68
26 87
26 250
26 103
26 51
26 221
133 54
133 10
133 164
133 158
133 21
133 96
178 79
355 21
24 275
24 155
24 133
24 183
24 117
24 164
24 250
24 25
24 19
24 276
24 96
176 97
176 71
176 203
176 43
176 118
176 135
176 38
176 115
176 67
176 44
176 48
176 183
176 164
176 101
176 87
176 18
176 28
176 21
176 51
67 97
67 143
67 273
67 105
67 135
67 154
67 23
67 235
67 36
67 13
67 352
0 356
0 58
0 350
0 328
0 31
0 155
0 357
0 338
0 250
0 358
0 93
0 352
0 359
0 360
0 361
44 97
44 273
44 105
44 154
44 23
44 68
44 36
44 250
44 13
44 19
44 51
48 97
48 120
48 235
48 250
181 97
181 71
181 203
181 118
181 135
181 38
181 115
181 92
181 176
181 48
181 183
181 87
181 28
181 51
12 10
12 104
12 14
183 97
183 71
183 118
183 148
183 38
183 26
183 164
183 74
183 250
183 60
183 21
183 51
183 149
117 328
117 26
117 164
117 235
117 244
117 18
117 25
117 96
45 97
45 143
45 135
45 115
45 92
45 176
45 235
45 51
346 330
346 331
35 21
56 188
164 97
164 54
164 71
164 203
164 118
164 22
164 135
164 38
164 48
164 87
164 158
164 28
164 51
309 9
362 21
74 101
74 250
74 19
17 97
17 75
17 63
17 155
17 92
17 133
17 176
17 181
17 183
17 117
17 338
17 206
17 250
235 71
235 43
235 3
235 328
235 171
235 158
235 28
235 25
235 40
235 33
235 19
235 42
86 306
86 29
86 80
86 19
310 10
310 203
310 59
310 91
310 221
134 2
195 2
195 9
171 71
171 207
171 68
171 60
171 354
171 351
27 363
27 275
27 328
27 192
27 164
27 235
27 173
27 276
122 72
122 2
168 138
364 0
101 97
101 54
101 41
101 71
101 10
101 118
101 22
101 133
101 117
101 164
101 27
101 4
101 18
101 250
101 158
101 13
101 21
78 350
78 3
365 331
338 33
366 367
4 97
4 232
4 143
4 275
4 328
4 11
4 92
4 176
4 338
4 304
4 250
4 276
4 51
68 58
15 97
15 135
15 275
15 328
15 92
15 176
15 276
206 133
206 164
206 27
206 101
206 18
206 158
206 21
206 96
84 350
84 77
84 195
84 158
177 75
7 97
7 275
7 328
7 92
7 176
7 181
7 250
7 276
304 33
231 168
188 72
34 53
34 143
34 118
34 275
34 328
34 155
34 68
34 250
34 29
34 276
111 97
111 52
111 71
111 203
111 63
111 64
111 118
111 135
111 90
111 115
111 155
111 92
111 176
111 67
111 48
111 181
111 183
111 164
111 101
111 13
111 21
87 97
87 71
87 3
87 118
87 38
87 67
87 48
87 250
87 19
69 71
69 10
69 143
69 123
69 235
69 68
69 250
69 352
69 51
18 97
18 306
18 235
18 250
18 51
36 297
36 350
36 204
36 273
36 105
36 207
36 153
36 155
36 181
36 164
36 84
36 7
36 158
36 205
36 352
14 63
14 12
14 78
14 36
14 8
85 350
85 78
85 36
85 158
60 249
60 3
60 119
60 250
60 21
60 19
252 249
252 92
252 354
46 97
46 143
46 154
46 92
46 176
46 181
46 164
46 235
46 250
216 149
247 2
247 1
247 0
247 25
158 350
158 3
158 12
158 78
158 19
158 96
158 149
316 80
30 103
28 97
28 118
28 250
29 51
13 97
13 143
13 275
13 328
13 115
13 92
13 133
13 68
13 250
13 276
354 61
354 227
25 248
25 328
25 219
139 8
39 94
39 22
39 253
39 78
62 249
62 252
62 227
80 368
151 14
8 78
21 5
21 190
21 249
21 328
21 192
21 20
21 183
21 250
21 354
21 221
21 369
21 370
21 371
21 372
21 373
21 374
173 117
126 54
126 41
126 2
126 26
126 27
126 34
126 13
126 25
126 173
351 249
351 61
351 108
351 207
351 92
351 68
351 60
93 272
308 43
308 273
308 105
308 154
308 23
308 38
308 11
308 67
308 68
308 87
308 69
308 36
308 13
308 51
375 203
375 59
375 0
375 78
40 183
40 101
40 250
40 19
88 306
88 167
88 86
33 2
33 20
352 41
352 232
352 20
352 26
352 177
352 87
352 46
352 51
223 191
140 2
114 104
114 29
114 80
19 143
19 135
19 133
19 117
19 164
19 101
19 84
19 158
19 13
19 96
276 54
276 10
276 3
276 22
276 275
276 17
276 18
276 158
276 21
51 97
51 118
51 135
51 68
42 63
42 3
42 2
42 143
42 64
42 118
42 207
42 1
42 67
42 48
42 45
42 171
42 69
42 18
42 250
42 28
42 13
42 21
221 59
221 91
149 101
149 250
149 19
234 61
234 252
234 354
234 227
376 0
377 0
378 21
379 0
380 21
381 0
382 383
384 330
384 331
385 52
385 0
343 384
343 330
343 333
343 336
343 344
343 386
343 345
343 331
343 349
343 346
343 27
241 334
241 302
387 388
387 344
387 345
387 331
387 365
387 389
145 159
145 41
145 20
145 169
390 391
229 332
392 52
392 393
394 395
394 19
329 3
329 1
329 0
396 330
396 397
396 331
396 365
396 398
396 389
52 385
52 399
52 400
52 82
52 204
52 302
52 303
52 27
52 401
52 15
52 14
52 205
52 25
52 126
330 389
72 103
263 383
263 58
263 402
65 403
404 49
404 5
404 57
333 396
333 405
333 336
333 397
333 406
333 365
333 398
333 389
293 356
293 52
293 104
66 97
66 407
265 394
265 329
265 2
265 0
265 4
184 75
184 408
184 29
409 1
405 396
405 330
405 336
405 397
405 331
405 406
405 365
405 398
405 389
348 95
335 1
335 78
335 25
55 32
410 20
222 82
222 288
336 384
336 397
336 386
336 365
336 389
159 124
159 177
41 248
246 296
298 184
5 403
5 100
411 124
412 229
412 332
412 294
412 295
399 385
399 75
399 400
413 0
414 1
415 388
415 344
415 345
415 331
415 365
415 389
416 417
416 418
397 330
397 331
397 389
75 385
75 35
75 136
419 392
419 52
419 393
419 0
420 20
16 404
167 358
167 80
421 27
299 26
299 0
400 385
400 75
422 97
248 75
423 335
423 1
423 0
423 78
344 384
344 330
344 333
344 336
344 388
344 386
344 331
386 384
386 330
386 331
424 384
424 343
424 330
424 333
424 336
424 344
424 386
424 342
424 345
424 331
424 349
424 346
424 27
342 384
342 387
342 333
342 336
342 388
342 415
342 386
342 349
342 27
342 365
342 389
367 425
367 184
367 20
367 1
426 27
32 180
6 404
243 21
427 138
428 27
429 222
430 299
430 1
430 0
393 52
393 184
345 384
345 330
345 333
345 336
345 388
345 386
345 349
345 365
431 0
266 20
58 1
432 343
432 387
432 330
432 388
432 415
432 344
432 342
432 345
432 331
432 346
432 365
432 389
10 145
10 11
10 78
10 224
10 221
10 227
232 0
349 384
349 396
349 333
349 336
349 388
349 397
349 386
349 346
349 365
349 398
349 389
406 330
406 397
406 331
406 365
406 389
110 43
110 11
110 26
110 78
110 224
110 46
110 144
110 221
110 227
59 167
59 1
59 29
59 80
82 100
43 10
43 207
43 78
43 224
43 15
43 62
43 352
43 221
63 302
63 11
63 20
63 303
63 15
63 247
63 33
350 2
350 433
95 20
95 35
95 27
95 187
95 88
76 187
3 63
3 302
3 11
3 303
3 27
3 401
3 224
3 15
3 177
3 221
2 145
2 141
2 434
2 154
2 302
2 207
2 9
2 303
2 195
2 236
2 401
2 224
2 15
2 221
143 10
143 302
143 164
143 303
143 17
143 78
143 15
143 305
143 33
141 43
141 3
141 118
141 22
141 11
141 26
141 0
141 48
141 78
141 224
141 18
141 46
141 28
141 144
141 42
141 221
141 227
119 5
435 82
435 61
435 207
435 125
435 48
435 68
435 60
435 62
64 141
64 123
64 302
64 303
64 78
64 224
64 15
64 62
64 221
118 10
118 2
118 302
118 303
118 15
118 33
436 138
436 35
273 123
273 23
273 69
273 36
163 437
22 167
22 248
22 43
22 11
22 20
22 124
22 44
22 78
22 224
22 177
22 18
22 221
434 34
105 123
105 23
105 20
438 439
438 315
217 189
217 104
182 81
191 97
123 0
275 34
275 29
301 2
301 1
301 104
301 188
301 80
301 114
154 115
154 69
154 36
154 126
108 334
108 92
108 125
108 62
108 100
302 71
302 10
302 43
302 138
302 20
302 171
302 15
302 28
302 40
302 33
302 42
440 8
23 239
23 245
23 326
23 141
23 119
23 273
23 105
23 302
23 303
23 78
23 224
23 62
23 221
179 154
179 126
207 82
207 302
207 23
207 179
207 115
207 183
207 303
207 15
207 33
9 72
9 189
9 225
441 92
442 1
442 188
442 29
38 23
38 183
38 78
38 224
38 221
38 227
251 138
251 92
251 100
11 141
11 302
11 303
11 27
11 255
11 224
11 15
11 234
218 72
218 29
31 368
31 30
31 103
112 2
160 12
138 100
138 443
444 10
444 110
444 141
444 118
444 123
444 38
444 26
444 24
444 67
444 44
444 48
444 27
444 70
444 4
444 46
444 144
444 62
444 21
444 445
444 221
444 227
446 5
120 100
115 126
109 2
109 27
109 187
109 316
37 59
37 63
37 447
37 358
448 11
77 59
77 95
77 76
77 118
77 116
77 105
77 121
77 444
77 109
77 20
77 104
77 35
77 56
77 78
77 98
77 224
77 91
77 111
77 85
77 158
77 29
77 103
77 39
77 80
77 88
77 83
77 445
77 114
77 96
77 227
20 394
20 395
20 58
20 73
20 408
20 219
20 255
20 169
220 12
220 134
1 248
1 302
1 179
1 207
1 444
1 303
1 27
1 70
1 401
1 224
1 15
1 449
1 126
1 445
1 227
253 31
253 26
253 0
253 30
92 450
92 138
26 184
26 95
26 141
26 225
26 447
26 62
26 8
26 227
178 189
178 226
185 68
67 10
67 22
67 302
67 207
67 303
67 78
67 224
67 15
67 221
67 227
0 392
0 293
0 348
0 451
0 452
0 299
0 393
0 267
0 154
0 302
0 207
0 444
0 453
0 303
0 454
0 171
0 224
0 15
0 7
0 304
0 187
0 316
0 30
0 449
0 8
0 88
0 445
0 79
0 227
0 455
0 456
0 457
0 458
0 459
124 73
124 48
124 84
44 10
44 2
44 302
44 207
44 1
44 0
44 303
44 235
44 224
44 15
44 352
44 221
460 52
254 244
254 60
254 461
254 234
104 14
125 119
125 207
125 62
48 5
48 203
48 123
48 302
48 303
48 15
48 234
48 227
181 0
462 0
418 417
12 77
12 236
12 4
12 93
183 24
183 124
183 171
183 40
183 234
117 2
117 434
117 34
357 104
463 313
45 110
45 141
45 123
45 302
45 303
45 78
45 224
45 15
45 62
45 126
45 221
186 10
186 141
186 118
186 123
186 444
186 77
186 26
186 24
186 44
186 27
186 46
186 158
186 144
186 445
186 221
186 227
346 384
346 333
346 336
346 388
346 415
346 344
346 386
346 345
346 365
346 389
35 76
35 2
35 191
35 27
56 464
56 77
56 17
56 84
465 466
164 1
164 14
467 21
303 71
303 10
303 43
303 302
303 235
303 171
303 15
303 28
303 40
303 33
303 42
433 2
468 231
17 179
17 207
17 20
17 449
17 126
235 10
235 302
235 15
86 298
134 79
454 3
171 10
171 33
27 384
27 330
27 333
27 347
27 336
27 469
27 344
27 386
27 243
27 470
27 345
27 331
27 349
27 138
27 346
27 288
27 78
27 224
27 304
27 36
27 29
27 144
27 100
27 227
122 1
122 84
122 14
244 60
244 234
70 141
70 118
70 123
70 221
70 227
255 0
255 25
364 471
78 63
78 123
78 26
78 24
78 29
137 112
137 138
137 1
137 21
365 343
365 330
365 344
366 425
366 20
4 302
4 303
4 224
4 15
4 169
4 221
4 227
68 193
68 82
68 207
68 138
68 168
68 60
68 100
224 123
224 11
224 26
224 24
224 244
224 78
224 60
224 42
224 221
224 234
15 141
15 78
15 224
15 221
84 275
84 9
84 34
84 8
84 19
447 14
194 83
177 0
7 444
7 78
7 224
7 445
7 227
437 138
437 168
437 68
187 75
187 59
187 63
187 11
187 1
187 35
187 27
187 136
187 18
187 29
187 80
187 21
187 88
188 104
188 39
188 80
34 302
34 303
34 15
34 126
111 20
69 110
69 141
69 273
69 105
69 154
69 302
69 23
69 207
69 0
69 303
69 78
69 224
69 15
69 34
69 62
69 221
472 14
18 167
18 302
18 11
18 303
18 78
18 224
18 15
18 221
36 72
36 73
36 9
36 20
36 304
315 439
14 77
14 253
14 30
14 80
14 81
85 20
60 473
60 27
60 4
60 234
46 141
46 302
46 303
46 78
46 224
46 15
46 62
46 221
169 75
169 22
461 244
461 224
461 60
461 234
471 0
158 10
158 110
158 141
158 118
158 123
158 38
158 444
158 26
158 67
158 44
158 48
158 27
158 70
158 4
158 46
158 144
158 62
158 21
158 445
158 221
158 227
316 167
316 10
316 59
316 22
316 0
316 88
28 10
28 123
28 11
28 104
28 78
28 224
28 18
28 316
28 29
28 449
28 474
28 221
29 9
29 20
29 225
29 78
358 84
358 83
103 14
257 9
13 63
13 141
13 302
13 303
13 78
13 224
13 62
13 126
13 221
144 118
144 123
144 154
144 179
144 207
144 115
144 126
475 385
475 52
475 399
475 75
475 400
25 159
25 167
25 73
25 453
476 0
317 0
139 9
139 1
139 140
39 30
39 93
62 403
62 118
62 207
62 26
62 35
62 244
62 78
62 18
62 46
62 461
62 144
62 25
62 223
62 221
62 234
449 12
477 2
474 316
474 29
80 275
80 440
80 34
80 316
113 77
113 25
113 93
151 39
8 63
21 263
21 264
21 478
21 479
21 302
21 288
21 303
21 480
21 78
21 224
21 15
21 36
21 481
21 482
21 483
21 484
21 485
21 486
21 487
21 488
21 489
21 490
21 491
21 492
21 493
21 494
21 495
21 496
21 497
21 498
21 499
21 500
21 501
21 502
21 503
21 504
21 505
21 506
126 43
126 143
126 118
126 302
126 44
126 303
126 235
126 171
126 15
126 33
93 12
308 123
308 207
308 34
308 352
375 2
40 10
40 110
40 141
40 22
40 123
40 38
40 11
40 67
40 78
40 224
40 62
40 221
88 20
83 253
83 133
83 447
83 36
83 8
83 79
445 10
445 110
445 141
445 118
445 123
445 38
445 26
445 24
445 67
445 44
445 48
445 27
445 70
445 4
445 46
445 144
445 62
445 21
445 221
445 227
398 330
398 397
398 331
398 365
398 389
33 4
352 154
352 23
352 11
352 68
352 34
352 13
223 138
140 1
114 72
19 329
19 265
19 28
276 1
276 12
51 20
42 123
42 302
42 303
42 78
42 15
42 126
42 221
389 331
100 97
100 347
100 450
100 138
221 110
221 141
221 118
221 38
221 26
221 67
221 44
221 48
221 78
221 4
221 46
221 144
221 62
221 21
221 227
227 118
227 123
227 24
227 44
227 46
227 144
227 62
99 141
99 118
99 123
99 444
99 186
99 158
99 445
99 221
99 227
507 0
508 0
509 21
510 0
511 21
512 0
324 0
324 124
513 0
514 0
515 21
516 21
517 21
382 263
382 264
382 402
443 100
97 518
97 519
97 58
97 450
97 138
97 125
97 68
97 100
520 521
403 6
403 108
403 125
403 48
403 60
356 3
356 305
522 10
523 524
523 525
523 526
47 120
47 68
384 333
384 527
384 528
384 397
384 529
384 530
384 365
384 389
385 190
385 1
385 33
343 387
343 396
343 405
343 527
343 388
343 531
343 528
343 415
343 397
343 529
343 530
343 406
343 532
343 533
343 534
343 365
343 398
343 389
241 244
387 384
387 343
387 396
387 330
387 333
387 405
387 336
387 415
387 397
387 386
387 530
387 349
387 406
387 346
387 27
387 398
535 536
537 73
538 240
538 539
145 184
145 367
145 86
145 36
145 33
540 523
540 524
540 541
540 525
540 66
540 542
540 543
540 544
540 545
540 546
540 547
540 526
540 548
540 549
540 550
541 523
541 524
541 525
541 526
541 548
229 47
229 120
229 68
229 60
551 523
551 524
551 540
551 541
551 525
551 66
551 542
551 543
551 544
551 545
551 546
551 547
551 526
551 548
551 549
551 550
525 524
552 184
552 0
553 554
555 20
556 557
556 558
394 329
394 265
394 184
394 75
394 559
394 3
394 4
329 2
396 384
396 343
396 387
396 336
396 388
396 415
396 344
396 386
396 342
396 345
396 432
396 530
396 406
396 346
52 394
52 329
52 293
52 184
52 124
52 234
560 12
330 343
330 387
330 527
330 388
330 528
330 415
330 344
330 345
330 530
330 365
561 125
395 265
395 184
395 75
395 3
395 19
383 263
383 58
383 192
383 402
72 218
72 164
72 81
562 563
562 564
562 565
562 566
263 478
263 192
263 21
332 229
567 11
567 0
567 35
567 4
567 25
568 92
569 570
571 75
571 0
571 17
571 338
571 4
571 33
65 572
573 184
264 383
264 574
264 58
264 478
264 575
264 402
576 26
577 108
291 41
333 384
333 343
333 387
333 527
333 388
333 528
333 415
333 344
333 386
333 342
333 345
333 432
333 530
333 349
333 346
293 385
293 312
293 184
66 523
66 524
66 541
66 525
66 542
66 543
66 545
66 546
66 547
66 526
66 548
66 549
66 450
66 550
578 579
265 385
265 395
265 399
265 400
265 3
265 475
564 563
564 565
564 566
580 1
581 582
581 27
347 68
347 21
583 569
583 570
583 584
585 80
184 356
184 385
184 145
184 52
184 586
184 265
184 306
184 587
184 420
184 400
184 367
184 588
184 3
184 177
184 7
589 184
405 384
405 343
405 387
405 590
405 388
405 415
405 344
405 386
405 342
405 345
405 432
405 530
405 349
405 346
335 11
591 58
592 119
592 185
592 48
592 62
593 523
593 524
593 540
593 541
593 551
593 525
593 66
593 542
593 543
593 544
593 545
593 546
593 547
593 526
593 548
593 549
593 550
55 594
595 2
595 14
451 10
417 0
596 597
596 4
542 523
542 524
542 541
542 525
542 546
542 526
542 548
542 549
542 550
598 599
410 425
410 75
410 367
410 11
410 366
410 247
410 25
222 403
222 65
222 5
222 6
600 1
600 0
336 343
336 387
336 396
336 333
336 527
336 388
336 528
336 415
336 344
336 342
336 345
336 432
336 529
336 530
336 349
336 406
336 346
336 398
159 184
159 10
159 2
601 108
602 92
603 1
452 1
604 10
604 3
604 0
604 454
605 73
298 297
298 606
298 36
607 185
607 27
5 569
5 102
5 594
5 583
5 570
5 584
5 62
608 73
608 63
608 95
608 26
388 384
388 343
388 396
388 330
388 333
388 405
388 336
388 397
388 386
388 530
388 331
388 406
388 365
388 398
388 389
609 66
531 384
531 330
531 333
531 527
531 336
531 528
531 386
531 529
531 331
531 532
531 346
531 533
610 289
610 0
240 539
611 612
613 223
614 5
614 615
616 0
617 57
618 619
399 184
620 621
620 100
622 623
337 68
297 0
297 36
624 75
624 11
624 1
624 25
528 527
341 625
341 340
415 384
415 343
415 387
415 396
415 330
415 333
415 405
415 336
415 397
415 386
415 530
415 349
415 406
415 398
407 97
416 0
416 626
416 627
416 628
397 343
397 387
397 388
397 415
397 344
397 342
397 345
397 432
397 530
397 346
397 365
75 293
75 265
75 629
75 431
75 73
75 3
75 219
75 305
419 1
565 563
16 403
16 65
16 594
16 222
630 631
630 26
632 192
167 59
167 219
167 633
167 20
167 4
167 14
167 169
292 41
634 635
636 1
190 235
190 68
190 33
637 431
606 184
543 523
543 524
543 541
543 525
543 542
543 545
543 546
543 526
543 548
543 549
543 550
638 639
638 311
299 2
640 637
640 431
641 192
642 222
584 569
584 570
643 184
643 367
643 20
643 0
544 523
544 524
544 541
544 525
544 66
544 542
544 543
544 545
544 546
544 547
544 526
544 548
544 549
544 550
340 625
248 41
423 52
423 73
423 22
344 343
344 396
344 405
344 527
344 531
344 528
344 397
344 529
344 530
344 406
344 532
344 346
344 533
344 365
344 398
344 389
258 72
386 333
386 527
386 528
386 397
386 529
386 530
386 365
386 389
644 645
644 0
646 356
646 2
545 523
545 524
545 541
545 525
545 542
545 546
545 526
545 548
545 549
545 550
647 648
647 100
424 387
424 396
424 405
424 527
424 388
424 531
424 528
424 415
424 397
424 529
424 530
424 406
424 532
424 533
424 534
424 365
424 398
424 389
424 649
208 145
342 396
342 405
342 527
342 531
342 528
342 397
342 529
342 530
342 406
342 532
342 533
342 534
342 398
342 649
367 75
367 219
367 0
650 651
652 653
654 289
546 523
546 524
546 541
546 525
546 526
546 548
71 203
71 63
71 11
71 124
71 171
71 69
71 234
655 621
655 620
655 100
656 657
6 403
6 594
243 68
287 68
658 62
428 62
429 659
429 82
429 27
660 384
660 343
660 330
660 333
660 527
660 336
660 531
660 528
660 344
660 386
660 424
660 342
660 345
660 529
660 331
660 349
660 532
660 346
660 533
660 27
660 534
660 365
660 649
661 97
661 662
661 92
430 26
393 420
393 3
393 20
393 7
663 0
663 247
345 343
345 396
345 405
345 527
345 531
345 528
345 397
345 529
345 530
345 406
345 532
345 346
345 533
345 398
345 389
431 637
431 73
431 59
431 91
266 394
266 395
266 265
266 367
266 0
266 181
664 665
566 563
566 565
58 263
58 478
58 402
58 21
432 384
432 396
432 333
432 405
432 336
432 397
432 386
432 424
432 530
432 349
432 406
432 27
432 398
547 523
547 524
547 541
547 525
547 542
547 543
547 545
547 546
547 526
547 548
547 549
547 550
558 557
526 524
526 525
666 667
529 330
529 333
529 527
529 528
529 331
668 523
668 524
668 540
668 541
668 551
668 525
668 66
668 593
668 542
668 543
668 544
668 545
668 546
668 547
668 526
668 548
668 549
668 669
668 550
73 184
73 670
73 352
10 2
10 143
10 358
10 8
57 49
57 66
57 671
57 6
521 520
521 672
673 1
674 634
674 635
530 331
530 389
548 523
548 524
548 525
548 526
478 383
478 264
478 58
675 676
675 184
675 1
232 41
232 75
232 4
232 177
331 343
331 527
331 388
331 528
331 344
349 343
349 387
349 405
349 527
349 531
349 528
349 415
349 342
349 345
349 432
349 529
349 530
349 406
349 532
349 533
406 384
406 343
406 387
406 396
406 336
406 388
406 415
406 344
406 386
406 342
406 345
406 432
406 530
406 349
406 346
406 398
549 523
549 524
549 541
549 525
549 546
549 526
549 548
549 550
677 678
677 679
677 680
677 681
677 682
677 63
677 3
677 2
677 189
677 683
677 273
677 105
677 217
677 182
677 684
677 685
677 31
677 112
677 686
677 687
677 225
677 1
677 26
677 178
677 226
677 688
677 0
677 161
677 104
677 689
677 12
677 357
677 56
677 309
677 690
677 134
677 195
677 122
677 101
677 78
677 691
677 194
677 197
677 188
677 36
677 14
677 692
677 693
677 694
677 28
677 29
677 103
677 257
677 695
677 39
677 80
677 696
677 93
677 697
677 40
677 83
677 698
677 699
677 140
677 700
677 81
677 114
677 701
677 79
678 695
702 672
702 521
679 678
679 680
679 63
679 3
679 2
679 189
679 217
679 182
679 684
679 685
679 31
679 112
679 686
679 225
679 1
679 26
679 226
679 161
679 104
679 689
679 12
679 357
679 56
679 309
679 690
679 134
679 195
679 122
679 691
679 194
679 197
679 188
679 14
679 692
679 693
679 694
679 28
679 103
679 257
679 695
679 39
679 80
679 93
679 697
679 40
679 83
679 698
679 699
679 140
679 700
679 81
679 114
679 701
680 678
680 3
680 2
680 189
680 217
680 684
680 31
680 225
680 1
680 26
680 226
680 161
680 104
680 689
680 12
680 56
680 690
680 194
680 188
680 14
680 692
680 693
680 694
680 28
680 103
680 257
680 695
680 39
680 80
680 40
680 699
680 140
680 700
680 81
681 678
681 679
681 680
681 63
681 3
681 2
681 189
681 217
681 182
681 684
681 685
681 31
681 112
681 686
681 225
681 1
681 26
681 226
681 161
681 104
681 689
681 12
681 357
681 56
681 309
681 690
681 134
681 195
681 122
681 78
681 691
681 194
681 197
681 188
681 14
681 692
681 693
681 694
681 28
681 29
681 103
681 257
681 695
681 39
681 80
681 93
681 697
681 40
681 83
681 698
681 699
681 140
681 700
681 81
681 114
681 701
681 79
682 678
682 679
682 680
682 681
682 63
682 3
682 2
682 189
682 683
682 273
682 105
682 217
682 182
682 684
682 685
682 31
682 112
682 686
682 687
682 225
682 1
682 26
682 178
682 226
682 688
682 0
682 161
682 104
682 689
682 12
682 357
682 56
682 309
682 690
682 134
682 195
682 122
682 101
682 78
682 691
682 194
682 197
682 188
682 36
682 14
682 692
682 693
682 694
682 28
682 29
682 103
682 257
682 695
682 39
682 80
682 696
682 93
682 697
682 40
682 83
682 698
682 699
682 140
682 700
682 81
682 114
682 701
682 79
203 235
203 13
59 203
59 78
59 13
59 221
479 193
703 21
82 21
43 308
63 678
63 680
63 59
63 189
63 94
63 217
63 684
63 685
63 31
63 112
63 686
63 225
63 253
63 226
63 704
63 161
63 689
63 357
63 56
63 309
63 690
63 134
63 195
63 194
63 197
63 188
63 705
63 692
63 693
63 694
63 103
63 257
63 695
63 25
63 39
63 80
63 697
63 698
63 699
63 140
63 700
63 81
350 348
350 164
3 184
3 420
3 706
3 393
3 678
3 189
3 217
3 684
3 408
3 31
3 20
3 225
3 226
3 161
3 689
3 690
3 454
3 194
3 188
3 692
3 693
3 694
3 257
3 695
3 80
3 699
3 140
3 81
204 37
204 26
2 678
2 217
2 31
2 77
2 253
2 226
2 161
2 689
2 188
2 693
2 316
2 358
2 695
2 305
2 449
2 79
143 52
143 72
143 203
143 37
143 219
143 24
143 124
143 84
143 304
143 707
143 36
143 708
143 29
143 25
143 449
143 234
189 678
189 2
189 105
189 217
189 9
189 31
189 26
189 226
189 161
189 689
189 12
189 188
189 693
189 695
189 39
189 40
267 37
267 133
267 0
267 124
267 164
267 29
267 79
94 272
94 0
94 14
94 93
141 10
141 203
141 25
274 202
274 221
300 192
300 120
300 92
119 263
119 264
119 245
119 58
119 478
683 678
683 679
683 680
683 681
683 63
683 3
683 2
683 189
683 273
683 105
683 217
683 182
683 684
683 685
683 31
683 112
683 686
683 687
683 225
683 1
683 26
683 178
683 226
683 688
683 0
683 161
683 104
683 689
683 12
683 357
683 56
683 309
683 690
683 134
683 195
683 122
683 101
683 78
683 691
683 194
683 197
683 188
683 36
683 14
683 692
683 693
683 694
683 28
683 29
683 103
683 257
683 695
683 39
683 80
683 696
683 93
683 697
683 40
683 83
683 698
683 699
683 140
683 700
683 81
683 114
683 701
683 79
118 203
118 26
118 0
118 124
118 17
118 78
118 84
118 85
118 234
450 66
273 678
273 679
273 680
273 681
273 43
273 63
273 3
273 2
273 189
273 217
273 182
273 684
273 685
273 31
273 112
273 686
273 687
273 225
273 1
273 178
273 226
273 688
273 67
273 161
273 44
273 104
273 689
273 12
273 357
273 56
273 309
273 690
273 134
273 195
273 122
273 101
273 78
273 691
273 194
273 197
273 188
273 14
273 692
273 693
273 694
273 28
273 29
273 103
273 257
273 695
273 39
273 80
273 696
273 93
273 308
273 697
273 40
273 83
273 698
273 33
273 699
273 140
273 700
273 81
273 114
273 701
273 79
116 0
116 91
116 221
22 2
22 36
434 29
434 358
105 678
105 679
105 680
105 681
105 63
105 189
105 217
105 182
105 684
105 685
105 31
105 112
105 686
105 687
105 225
105 178
105 226
105 688
105 67
105 161
105 689
105 357
105 309
105 690
105 134
105 195
105 122
105 101
105 78
105 691
105 194
105 197
105 188
105 14
105 692
105 693
105 694
105 257
105 695
105 696
105 93
105 308
105 697
105 40
105 698
105 699
105 140
105 700
105 81
105 701
105 79
709 60
61 120
61 710
148 59
148 68
135 4
135 33
639 311
217 678
217 9
217 689
217 134
217 188
217 14
217 693
217 29
217 695
182 678
182 680
182 63
182 3
182 2
182 189
182 217
182 684
182 685
182 9
182 31
182 112
182 686
182 225
182 1
182 26
182 226
182 161
182 104
182 689
182 12
182 357
182 56
182 309
182 690
182 134
182 195
182 194
182 197
182 188
182 14
182 692
182 693
182 694
182 28
182 103
182 257
182 695
182 39
182 80
182 93
182 697
182 40
182 83
182 698
182 699
182 140
182 700
191 192
191 185
191 223
123 154
123 11
123 68
123 87
123 69
123 36
123 46
123 13
123 33
123 51
301 167
301 10
301 677
301 678
301 679
301 680
301 681
301 682
301 59
301 63
301 3
301 189
301 683
301 273
301 105
301 217
301 182
301 684
301 685
301 31
301 112
301 109
301 686
301 20
301 687
301 225
301 26
301 178
301 711
301 226
301 688
301 161
301 689
301 12
301 357
301 56
301 309
301 690
301 134
301 195
301 122
301 101
301 78
301 691
301 84
301 194
301 197
301 177
301 18
301 36
301 14
301 85
301 692
301 693
301 694
301 28
301 29
301 358
301 103
301 257
301 695
301 39
301 113
301 696
301 93
301 697
301 40
301 88
301 83
301 698
301 699
301 140
301 700
301 81
301 712
301 701
301 79
713 25
714 0
154 43
154 123
154 67
154 44
154 187
154 46
154 308
154 33
154 352
108 97
108 577
108 66
108 601
108 300
108 191
108 123
108 192
108 17
108 51
302 244
684 678
684 2
684 189
684 217
684 31
684 1
684 26
684 226
684 161
684 689
684 12
684 56
684 188
684 693
684 694
684 28
684 103
684 257
684 695
684 39
684 40
192 65
192 715
23 308
23 352
207 123
207 308
716 363
685 678
685 680
685 3
685 2
685 189
685 217
685 684
685 31
685 112
685 686
685 225
685 1
685 26
685 226
685 161
685 104
685 689
685 12
685 357
685 56
685 309
685 690
685 134
685 195
685 194
685 197
685 188
685 14
685 692
685 693
685 694
685 28
685 103
685 257
685 695
685 39
685 80
685 93
685 697
685 40
685 83
685 698
685 699
685 140
685 700
685 81
717 0
717 718
9 105
9 37
9 236
9 81
90 80
532 384
532 330
532 333
532 527
532 336
532 528
532 386
532 529
532 331
532 346
669 523
669 524
669 540
669 541
669 551
669 525
669 66
669 593
669 542
669 543
669 544
669 545
669 546
669 547
669 526
669 548
669 549
669 550
215 200
408 20
408 1
408 124
441 719
38 143
38 308
251 35
251 25
251 223
11 58
11 191
11 154
11 251
11 633
11 36
11 708
11 169
11 358
11 308
11 352
218 14
31 678
31 59
31 217
31 464
31 689
31 12
31 188
31 693
31 695
31 40
31 83
112 678
112 680
112 3
112 189
112 217
112 684
112 31
112 686
112 225
112 1
112 26
112 226
112 161
112 104
112 689
112 12
112 357
112 56
112 309
112 690
112 134
112 195
112 194
112 197
112 188
112 692
112 693
112 694
112 28
112 103
112 257
112 695
112 39
112 80
112 93
112 697
112 40
112 698
112 699
112 140
112 700
112 81
464 14
138 251
138 4
120 66
120 138
120 48
115 0
109 451
109 115
109 1
109 36
109 358
686 678
686 680
686 3
686 2
686 189
686 217
686 684
686 31
686 225
686 1
686 26
686 226
686 161
686 104
686 689
686 12
686 357
686 56
686 309
686 690
686 134
686 195
686 194
686 197
686 188
686 14
686 692
686 693
686 694
686 28
686 103
686 257
686 695
686 39
686 80
686 93
686 697
686 40
686 698
686 699
686 140
686 700
686 81
155 63
155 2
155 705
37 253
37 133
37 164
37 36
37 85
37 720
219 4
219 708
219 358
633 29
448 21
77 63
77 253
77 164
77 84
20 425
20 265
20 721
20 159
20 420
20 367
20 393
20 670
20 185
20 235
20 7
20 8
220 9
220 104
220 122
687 678
687 679
687 680
687 681
687 63
687 3
687 2
687 189
687 217
687 182
687 684
687 685
687 31
687 112
687 686
687 225
687 1
687 26
687 178
687 226
687 688
687 161
687 104
687 689
687 12
687 357
687 56
687 309
687 690
687 134
687 195
687 122
687 101
687 78
687 691
687 194
687 197
687 188
687 36
687 14
687 692
687 693
687 694
687 28
687 29
687 103
687 257
687 695
687 39
687 80
687 696
687 93
687 697
687 40
687 83
687 698
687 699
687 140
687 700
687 81
687 114
687 701
687 79
722 723
225 678
225 2
225 189
225 217
225 684
225 31
225 1
225 26
225 226
225 161
225 689
225 12
225 56
225 690
225 194
225 188
225 693
225 694
225 28
225 103
225 257
225 695
225 39
225 40
225 699
1 356
1 145
1 329
1 724
1 725
1 678
1 189
1 217
1 726
1 31
1 633
1 226
1 161
1 689
1 727
1 177
1 188
1 707
1 85
1 693
1 368
1 358
1 695
1 79
253 3
253 12
253 164
253 84
253 36
253 29
670 177
670 33
26 356
26 293
26 595
26 299
26 678
26 217
26 723
26 31
26 104
26 689
26 188
26 69
26 85
26 693
26 695
26 39
26 83
26 720
133 37
133 1
728 0
178 678
178 679
178 680
178 681
178 63
178 3
178 2
178 217
178 182
178 684
178 685
178 31
178 112
178 686
178 225
178 1
178 26
178 688
178 161
178 104
178 689
178 12
178 357
178 56
178 309
178 690
178 134
178 195
178 122
178 78
178 691
178 194
178 197
178 188
178 14
178 692
178 693
178 694
178 28
178 29
178 103
178 257
178 695
178 39
178 80
178 93
178 697
178 40
178 83
178 698
178 699
178 140
178 700
178 81
178 114
178 701
185 66
185 5
185 193
185 11
185 125
185 35
185 27
185 25
711 677
711 678
711 679
711 680
711 681
711 682
711 63
711 3
711 2
711 189
711 683
711 273
711 105
711 217
711 182
711 684
711 685
711 31
711 112
711 686
711 687
711 225
711 1
711 26
711 178
711 226
711 688
711 0
711 161
711 104
711 689
711 12
711 357
711 56
711 309
711 690
711 134
711 195
711 122
711 101
711 78
711 691
711 194
711 197
711 188
711 36
711 14
711 692
711 693
711 694
711 28
711 29
711 103
711 257
711 695
711 39
711 80
711 696
711 93
711 697
711 40
711 83
711 698
711 699
711 140
711 700
711 81
711 114
711 701
711 79
729 21
226 678
226 189
226 217
226 31
226 26
226 161
226 689
226 12
226 188
226 693
226 29
226 695
226 40
704 12
704 78
688 678
688 679
688 680
688 681
688 63
688 3
688 2
688 189
688 217
688 182
688 684
688 685
688 31
688 112
688 686
688 225
688 1
688 26
688 226
688 161
688 104
688 689
688 12
688 357
688 56
688 309
688 690
688 134
688 195
688 122
688 78
688 691
688 194
688 197
688 188
688 14
688 692
688 693
688 694
688 28
688 29
688 103
688 257
688 695
688 39
688 80
688 93
688 697
688 40
688 83
688 698
688 699
688 140
688 700
688 81
688 114
688 701
688 79
67 4
67 308
0 289
0 730
0 522
0 731
0 732
0 329
0 72
0 425
0 721
0 733
0 624
0 420
0 645
0 643
0 725
0 367
0 734
0 663
0 673
0 678
0 679
0 680
0 681
0 204
0 189
0 273
0 434
0 217
0 182
0 684
0 685
0 112
0 686
0 633
0 687
0 735
0 225
0 178
0 226
0 736
0 688
0 161
0 460
0 737
0 689
0 309
0 690
0 134
0 195
0 122
0 255
0 236
0 401
0 691
0 194
0 738
0 197
0 231
0 188
0 739
0 707
0 247
0 692
0 693
0 694
0 368
0 205
0 257
0 695
0 740
0 741
0 696
0 697
0 698
0 742
0 699
0 140
0 700
0 81
0 701
0 743
0 744
0 745
0 746
0 747
0 748
0 749
0 750
0 751
0 752
0 753
0 754
0 755
0 756
0 757
0 758
0 759
0 760
124 71
124 408
124 37
124 26
124 235
124 4
124 177
124 36
124 83
161 258
161 678
161 217
161 31
161 26
161 689
161 12
161 236
161 188
161 36
161 693
161 695
161 40
761 66
761 57
44 119
44 84
44 21
460 1
460 4
460 7
737 2
737 124
104 312
104 678
104 63
104 189
104 217
104 684
104 31
104 225
104 226
104 161
104 689
104 183
104 690
104 196
104 194
104 188
104 692
104 693
104 694
104 368
104 257
104 695
104 93
104 40
104 699
104 79
689 678
689 695
125 27
48 185
48 499
718 124
718 740
181 184
181 2
181 739
462 22
418 0
762 416
12 763
12 764
12 678
12 59
12 143
12 105
12 253
12 689
12 7
12 695
12 13
12 765
12 317
117 0
117 29
117 358
357 678
357 680
357 3
357 2
357 189
357 217
357 684
357 31
357 225
357 1
357 26
357 226
357 161
357 689
357 12
357 56
357 309
357 690
357 195
357 194
357 197
357 188
357 14
357 692
357 693
357 694
357 28
357 103
357 257
357 695
357 39
357 80
357 93
357 40
357 699
357 140
357 700
357 81
346 343
346 387
346 396
346 405
346 527
346 528
346 397
346 529
346 530
346 349
346 406
346 398
766 767
768 21
35 335
35 119
35 169
56 72
56 678
56 59
56 63
56 189
56 217
56 9
56 226
56 161
56 689
56 122
56 78
56 4
56 36
56 693
56 29
56 695
56 139
56 40
56 19
164 348
164 26
164 133
164 12
164 36
164 708
164 476
164 83
309 678
309 680
309 3
309 2
309 189
309 217
309 684
309 31
309 225
309 1
309 26
309 226
309 161
309 104
309 689
309 12
309 56
309 690
309 194
309 188
309 14
309 692
309 693
309 694
309 28
309 103
309 257
309 695
309 39
309 80
309 93
309 40
309 699
309 140
309 700
309 81
769 35
769 25
572 403
572 5
572 6
770 22
770 0
771 267
771 37
771 1
771 133
771 164
771 83
772 58
17 37
17 235
17 7
17 304
235 44
235 234
533 384
533 330
533 333
533 527
533 336
533 528
533 386
533 529
533 331
533 532
533 346
86 145
86 274
86 202
86 221
310 20
310 7
310 33
690 678
690 2
690 189
690 217
690 684
690 31
690 1
690 26
690 226
690 161
690 689
690 12
690 56
690 188
690 693
690 694
690 28
690 103
690 257
690 695
690 39
690 40
134 678
134 680
134 3
134 189
134 217
134 684
134 31
134 225
134 1
134 26
134 226
134 161
134 104
134 689
134 12
134 357
134 56
134 309
134 690
134 195
134 194
134 197
134 188
134 14
134 692
134 693
134 694
134 28
134 103
134 257
134 695
134 39
134 80
134 93
134 40
134 698
134 699
134 140
134 700
134 81
454 10
454 177
195 678
195 680
195 3
195 189
195 217
195 684
195 31
195 225
195 1
195 26
195 226
195 161
195 104
195 689
195 12
195 56
195 309
195 690
195 194
195 197
195 188
195 14
195 692
195 693
195 694
195 28
195 29
195 103
195 257
195 695
195 39
195 80
195 93
195 40
195 699
195 140
195 700
195 81
27 145
27 773
27 396
27 65
27 334
27 405
27 527
27 774
27 388
27 531
27 528
27 415
27 397
27 16
27 6
27 529
27 775
27 530
27 406
27 532
27 185
27 776
27 533
27 534
27 365
27 398
27 389
136 773
136 363
122 678
122 680
122 63
122 3
122 189
122 217
122 182
122 684
122 685
122 31
122 112
122 686
122 225
122 26
122 226
122 161
122 104
122 689
122 12
122 357
122 56
122 309
122 690
122 134
122 194
122 197
122 188
122 692
122 693
122 694
122 28
122 103
122 257
122 695
122 39
122 80
122 93
122 697
122 40
122 83
122 698
122 699
122 140
122 700
122 81
402 264
255 4
777 12
101 678
101 679
101 680
101 681
101 63
101 2
101 189
101 217
101 182
101 684
101 685
101 31
101 112
101 686
101 225
101 178
101 226
101 688
101 161
101 104
101 689
101 357
101 56
101 309
101 690
101 134
101 195
101 122
101 78
101 691
101 194
101 197
101 188
101 14
101 692
101 693
101 694
101 28
101 29
101 103
101 257
101 695
101 39
101 80
101 93
101 697
101 83
101 698
101 699
101 140
101 700
101 81
101 114
101 701
101 79
78 10
78 678
78 679
78 680
78 189
78 217
78 182
78 684
78 685
78 31
78 112
78 686
78 77
78 225
78 253
78 226
78 124
78 161
78 104
78 689
78 357
78 56
78 164
78 309
78 690
78 134
78 195
78 122
78 691
78 84
78 194
78 197
78 188
78 36
78 692
78 693
78 694
78 28
78 103
78 257
78 695
78 39
78 80
78 93
78 697
78 40
78 83
78 698
78 699
78 140
78 700
78 81
78 114
78 701
78 79
236 2
236 94
236 104
236 29
236 80
137 35
137 168
137 708
137 83
534 384
534 330
534 333
534 527
534 336
534 531
534 528
534 344
534 386
534 345
534 529
534 331
534 349
534 532
534 346
534 533
778 97
401 33
779 634
779 674
779 635
365 384
365 333
365 527
365 336
365 388
365 531
365 528
365 397
365 386
365 424
365 342
365 345
365 529
365 530
365 349
365 532
365 346
365 533
365 27
365 534
365 389
365 649
780 781
366 420
366 219
366 1
366 0
366 19
4 329
4 721
4 167
4 597
4 219
4 247
4 8
4 352
68 66
68 347
68 5
68 243
68 59
68 43
68 123
68 26
68 44
68 46
68 13
68 308
68 352
68 51
91 221
15 143
15 84
206 313
691 678
691 680
691 63
691 3
691 2
691 189
691 217
691 182
691 684
691 685
691 31
691 112
691 686
691 225
691 1
691 26
691 226
691 161
691 104
691 689
691 12
691 357
691 56
691 309
691 690
691 134
691 195
691 122
691 194
691 197
691 188
691 14
691 692
691 693
691 694
691 28
691 103
691 257
691 695
691 39
691 80
691 93
691 697
691 40
691 83
691 698
691 699
691 140
691 700
691 81
691 114
84 10
84 677
84 678
84 679
84 680
84 681
84 682
84 63
84 189
84 683
84 273
84 105
84 217
84 182
84 684
84 685
84 408
84 11
84 31
84 112
84 686
84 687
84 225
84 253
84 178
84 711
84 226
84 688
84 124
84 161
84 104
84 689
84 357
84 56
84 164
84 309
84 690
84 134
84 122
84 101
84 691
84 194
84 738
84 197
84 188
84 692
84 693
84 694
84 28
84 103
84 257
84 695
84 13
84 25
84 39
84 113
84 696
84 93
84 697
84 40
84 698
84 699
84 140
84 700
84 81
84 114
84 712
84 701
84 79
194 678
194 2
194 189
194 217
194 684
194 31
194 1
194 26
194 226
194 161
194 689
194 12
194 56
194 690
194 122
194 188
194 693
194 694
194 28
194 103
194 257
194 695
194 39
194 40
194 699
194 81
197 678
197 680
197 3
197 2
197 189
197 217
197 684
197 31
197 225
197 1
197 26
197 226
197 161
197 104
197 689
197 12
197 56
197 309
197 690
197 194
197 188
197 14
197 692
197 693
197 694
197 28
197 103
197 257
197 695
197 39
197 80
197 93
197 40
197 699
197 140
197 700
197 81
177 73
177 22
7 75
7 420
7 597
7 143
7 449
304 52
304 12
187 706
187 3
187 2
187 77
187 26
187 104
187 357
187 68
187 36
188 678
188 143
188 689
188 12
188 164
188 85
188 693
188 695
34 123
34 308
34 352
34 51
87 123
87 308
69 308
739 52
739 190
739 20
739 235
739 4
739 33
739 19
739 42
472 94
472 0
472 104
472 93
705 2
707 305
18 75
18 141
18 358
36 145
36 782
36 184
36 298
36 678
36 679
36 680
36 681
36 63
36 189
36 217
36 182
36 123
36 684
36 685
36 408
36 31
36 112
36 686
36 225
36 178
36 226
36 688
36 161
36 689
36 357
36 309
36 86
36 690
36 134
36 195
36 122
36 691
36 194
36 197
36 188
36 692
36 693
36 694
36 257
36 695
36 8
36 93
36 308
36 697
36 698
36 699
36 140
36 700
36 81
36 701
36 79
708 29
708 25
783 784
14 184
14 678
14 59
14 189
14 217
14 684
14 11
14 31
14 37
14 225
14 226
14 161
14 104
14 689
14 56
14 690
14 194
14 188
14 692
14 693
14 694
14 28
14 103
14 257
14 695
14 39
14 40
14 699
14 140
14 700
85 368
60 47
60 785
60 710
60 221
169 73
169 10
169 1
169 0
169 86
216 36
216 96
786 787
715 65
202 221
158 204
158 0
158 14
692 678
692 2
692 189
692 217
692 684
692 31
692 225
692 1
692 26
692 226
692 161
692 689
692 12
692 56
692 690
692 194
692 188
692 693
692 694
692 28
692 103
692 257
692 695
692 39
692 40
692 699
693 678
693 689
693 12
693 695
694 678
694 2
694 189
694 217
694 31
694 1
694 26
694 226
694 161
694 689
694 12
694 56
694 188
694 693
694 28
694 103
694 695
694 39
694 40
316 11
316 1
316 18
316 14
30 59
30 464
28 678
28 143
28 189
28 217
28 31
28 226
28 161
28 689
28 164
28 4
28 84
28 304
28 188
28 472
28 693
28 368
28 695
28 25
28 80
28 8
28 93
205 1
205 14
205 316
205 80
29 678
29 679
29 680
29 63
29 189
29 105
29 217
29 182
29 684
29 685
29 31
29 112
29 686
29 226
29 161
29 689
29 183
29 357
29 309
29 690
29 134
29 195
29 122
29 236
29 691
29 84
29 194
29 197
29 188
29 692
29 693
29 694
29 257
29 695
29 93
29 697
29 40
29 698
29 699
29 140
29 700
29 81
29 701
358 59
358 26
358 34
358 14
271 2
271 143
271 164
271 28
103 678
103 2
103 189
103 217
103 31
103 77
103 226
103 161
103 689
103 188
103 693
103 29
103 695
103 40
257 72
257 678
257 2
257 189
257 217
257 31
257 1
257 26
257 226
257 161
257 689
257 12
257 56
257 84
257 188
257 693
257 694
257 28
257 103
257 695
257 39
257 40
257 140
13 8
13 308
13 352
144 10
144 11
144 18
144 29
144 25
475 184
25 522
25 184
25 643
25 63
25 141
25 408
25 124
25 177
25 18
25 742
25 33
476 41
476 167
476 73
476 11
476 633
476 1
476 708
476 29
741 522
741 10
741 25
317 52
317 77
317 12
139 79
39 678
39 59
39 217
39 77
39 226
39 161
39 689
39 188
39 85
39 693
39 695
39 40
39 720
39 140
39 19
62 47
62 788
62 5
62 470
62 191
62 251
710 313
449 52
449 4
449 304
477 28
474 0
80 167
80 73
80 678
80 189
80 217
80 301
80 684
80 225
80 226
80 161
80 689
80 690
80 194
80 188
80 472
80 692
80 693
80 694
80 257
80 695
80 474
80 40
80 699
80 140
113 567
113 677
113 678
113 679
113 680
113 681
113 682
113 63
113 189
113 94
113 272
113 683
113 273
113 434
113 217
113 182
113 684
113 685
113 31
113 112
113 138
113 686
113 687
113 225
113 178
113 711
113 226
113 688
113 161
113 689
113 117
113 357
113 309
113 690
113 134
113 195
113 122
113 101
113 78
113 691
113 194
113 197
113 188
113 34
113 14
113 692
113 693
113 694
113 257
113 695
113 696
113 697
113 40
113 698
113 699
113 140
113 700
113 81
113 712
113 701
113 79
151 63
8 679
8 105
8 160
8 37
8 56
8 695
21 789
21 383
21 347
21 240
21 790
21 300
21 791
21 273
21 105
21 191
21 792
21 793
21 794
21 795
21 796
21 797
21 798
21 308
21 799
21 800
21 801
21 802
21 803
21 804
21 805
21 806
21 807
21 808
21 809
21 810
21 811
21 212
21 812
21 813
21 814
21 815
21 816
21 817
21 818
21 819
21 820
21 821
21 360
21 822
21 823
21 824
21 825
21 826
21 827
21 828
21 829
21 830
21 831
21 832
21 833
21 834
21 835
21 836
21 837
21 838
21 839
21 840
21 841
21 842
21 843
21 844
21 845
21 846
21 847
21 848
21 849
21 850
21 851
21 852
21 853
21 854
21 855
21 856
21 857
21 858
21 859
21 860
21 861
173 138
173 35
696 678
696 679
696 680
696 681
696 63
696 3
696 2
696 189
696 217
696 182
696 684
696 685
696 31
696 112
696 686
696 225
696 1
696 26
696 178
696 226
696 688
696 161
696 104
696 689
696 12
696 357
696 56
696 309
696 690
696 134
696 195
696 122
696 101
696 78
696 691
696 194
696 197
696 188
696 36
696 14
696 692
696 693
696 694
696 28
696 29
696 103
696 257
696 695
696 39
696 80
696 93
696 697
696 40
696 83
696 698
696 699
696 140
696 700
696 81
696 114
696 701
696 79
93 678
93 680
93 3
93 189
93 217
93 684
93 31
93 225
93 1
93 26
93 226
93 161
93 689
93 56
93 690
93 194
93 188
93 692
93 693
93 694
93 28
93 29
93 103
93 257
93 695
93 39
93 80
93 40
93 699
93 140
93 700
93 81
862 204
862 37
862 1
308 4
308 33
375 63
697 678
697 680
697 3
697 2
697 189
697 217
697 684
697 31
697 225
697 1
697 26
697 226
697 161
697 104
697 689
697 12
697 357
697 56
697 309
697 690
697 134
697 195
697 194
697 197
697 188
697 14
697 692
697 693
697 694
697 28
697 103
697 257
697 695
697 39
697 80
697 93
697 40
697 698
697 699
697 140
697 700
697 81
282 613
282 863
864 27
40 678
40 217
40 1
40 689
40 4
40 188
40 693
40 695
40 449
88 124
88 737
88 358
88 21
83 678
83 680
83 189
83 217
83 684
83 9
83 31
83 112
83 686
83 225
83 226
83 161
83 689
83 357
83 309
83 690
83 134
83 195
83 194
83 197
83 188
83 85
83 692
83 693
83 694
83 257
83 695
83 93
83 697
83 40
83 698
83 699
83 140
83 700
83 81
720 14
720 29
398 384
398 343
398 387
398 336
398 388
398 415
398 344
398 386
398 342
398 345
398 432
398 530
398 406
398 346
698 678
698 680
698 3
698 2
698 189
698 217
698 684
698 31
698 225
698 1
698 26
698 226
698 161
698 104
698 689
698 12
698 357
698 56
698 309
698 690
698 195
698 194
698 197
698 188
698 14
698 692
698 693
698 694
698 28
698 103
698 257
698 695
698 39
698 80
698 93
698 40
698 699
698 140
698 700
698 81
742 251
742 138
742 96
33 52
33 43
33 124
33 17
33 68
33 177
33 87
33 865
352 43
352 123
352 44
352 17
352 308
699 678
699 2
699 189
699 217
699 684
699 31
699 1
699 26
699 226
699 161
699 689
699 12
699 56
699 690
699 188
699 693
699 694
699 28
699 103
699 257
699 695
699 39
699 40
140 72
140 678
140 189
140 217
140 684
140 31
140 225
140 26
140 226
140 0
140 161
140 104
140 689
140 12
140 56
140 690
140 196
140 194
140 188
140 692
140 693
140 694
140 28
140 103
140 257
140 695
140 39
140 8
140 40
140 699
140 81
140 79
700 678
700 3
700 2
700 189
700 217
700 684
700 31
700 225
700 1
700 26
700 226
700 161
700 104
700 689
700 12
700 56
700 690
700 194
700 188
700 692
700 693
700 694
700 28
700 103
700 257
700 695
700 39
700 80
700 40
700 699
700 140
700 81
81 678
81 2
81 189
81 217
81 684
81 31
81 225
81 1
81 26
81 226
81 161
81 104
81 689
81 12
81 56
81 690
81 194
81 188
81 692
81 693
81 694
81 28
81 103
81 257
81 695
81 39
81 80
81 40
81 699
81 140
866 239
866 245
866 240
866 326
114 678
114 680
114 63
114 3
114 143
114 189
114 217
114 182
114 684
114 685
114 31
114 112
114 686
114 225
114 226
114 161
114 689
114 357
114 56
114 164
114 309
114 690
114 134
114 195
114 122
114 194
114 197
114 188
114 692
114 693
114 694
114 257
114 695
114 93
114 697
114 40
114 83
114 698
114 699
114 140
114 700
114 81
19 72
19 420
19 43
19 9
19 235
19 78
19 305
19 317
19 449
19 8
19 83
19 352
276 20
712 677
712 678
712 679
712 680
712 681
712 682
712 63
712 3
712 2
712 189
712 683
712 273
712 105
712 217
712 182
712 684
712 685
712 31
712 112
712 686
712 687
712 225
712 1
712 26
712 178
712 711
712 226
712 688
712 0
712 161
712 104
712 689
712 12
712 357
712 56
712 309
712 690
712 134
712 195
712 122
712 101
712 78
712 691
712 194
712 197
712 188
712 36
712 14
712 692
712 693
712 694
712 28
712 29
712 103
712 257
712 695
712 39
712 80
712 696
712 93
712 697
712 40
712 83
712 698
712 699
712 140
712 700
712 81
712 114
712 701
712 79
701 678
701 680
701 63
701 3
701 2
701 189
701 217
701 182
701 684
701 685
701 31
701 112
701 686
701 225
701 1
701 26
701 226
701 161
701 104
701 689
701 12
701 357
701 56
701 309
701 690
701 134
701 195
701 122
701 691
701 194
701 197
701 188
701 14
701 692
701 693
701 694
701 28
701 103
701 257
701 695
701 39
701 80
701 93
701 697
701 40
701 83
701 698
701 699
701 140
701 700
701 81
701 114
51 123
51 308
79 678
79 679
79 680
79 63
79 3
79 2
79 189
79 217
79 182
79 684
79 685
79 31
79 112
79 686
79 225
79 1
79 26
79 226
79 161
79 104
79 689
79 12
79 357
79 56
79 309
79 690
79 134
79 195
79 122
79 691
79 194
79 197
79 188
79 14
79 692
79 693
79 694
79 28
79 103
79 257
79 695
79 39
79 80
79 93
79 697
79 40
79 83
79 698
79 699
79 140
79 700
79 81
79 114
79 701
867 0
867 12
42 52
42 203
42 20
42 124
42 17
389 343
389 388
389 344
389 345
389 365
313 6
313 120
649 384
649 343
649 330
649 333
649 527
649 336
649 531
649 528
649 344
649 386
649 345
649 529
649 331
649 349
649 532
649 346
649 533
649 27
649 534
96 22
96 251
96 138
96 1
96 36
100 621
100 363
100 68
100 21
868 65
868 66
868 192
868 715
221 82
149 36
234 71
130 21
869 384
869 343
869 330
869 333
869 527
869 336
869 531
869 528
869 344
869 386
869 424
869 342
869 660
869 345
869 529
869 331
869 349
869 532
869 346
869 533
869 27
869 534
869 365
869 649
550 523
550 524
550 541
550 525
550 546
550 526
550 548
870 0
871 0
872 0
873 0
874 0
875 21
876 0
877 21
878 21
879 0
880 0
881 21
882 21
508 22
508 124
883 21
884 21
885 21
886 21
887 0
888 0
889 0
890 21
891 0
892 0
893 21
894 21
895 21
324 508
324 896
897 0
898 0
899 0
896 22
896 124
900 21
901 0
902 21
903 21
382 58
627 626
904 726
904 1
905 416
905 762
905 628
628 416
628 762
628 626
628 627
