0 1
0 2
0 3
0 4
0 5
0 6
7 8
7 9
10 8
10 11
10 12
13 14
13 15
13 16
13 17
13 18
13 19
13 20
13 21
13 22
13 23
24 25
24 11
24 26
24 27
24 28
29 8
29 30
29 31
29 32
33 34
35 36
35 37
35 38
35 39
35 40
41 42
41 8
41 43
41 44
41 45
41 46
41 47
48 49
48 50
48 51
48 52
48 53
54 55
54 56
54 57
54 58
54 59
54 60
54 50
54 31
54 61
54 62
54 63
54 64
54 26
54 8
54 65
54 66
54 67
54 68
54 69
54 70
54 71
54 9
54 72
54 73
54 74
54 75
54 76
54 77
78 79
78 80
81 82
81 83
81 84
81 85
81 86
81 87
88 89
88 90
88 91
92 17
93 84
93 94
65 8
65 95
65 66
65 75
65 96
65 97
65 98
65 99
65 69
100 101
100 102
100 103
100 104
100 105
100 106
100 107
100 108
100 109
100 110
100 111
100 112
113 22
113 14
113 18
113 20
113 21
114 8
115 8
115 116
115 117
115 118
115 119
120 121
120 122
120 123
120 124
120 125
120 126
127 101
127 128
127 129
127 105
130 131
130 132
130 133
130 130
130 134
73 50
73 2
73 135
73 136
73 56
73 137
73 11
73 66
73 138
73 25
73 139
73 140
73 75
141 142
141 143
141 144
141 145
141 146
141 147
148 149
150 143
151 152
153 154
153 143
153 155
156 157
158 159
160 161
160 152
160 162
160 163
160 164
160 165
160 166
160 167
160 168
160 169
160 170
160 171
160 172
160 173
160 174
160 175
160 40
160 176
160 177
160 178
160 179
160 180
160 181
160 182
160 183
184 64
184 8
184 185
184 9
184 186
184 117
184 187
184 188
163 162
163 189
163 190
163 191
163 179
163 165
163 192
163 193
163 194
163 195
163 196
163 197
163 181
163 173
163 198
163 174
163 40
163 199
163 200
163 166
163 201
163 202
163 170
163 203
163 204
205 206
205 95
205 207
205 208
205 209
205 210
205 17
205 211
205 212
205 213
205 214
205 215
205 149
205 216
205 217
205 77
205 218
207 208
207 215
207 212
207 213
219 64
219 220
219 31
219 8
219 221
219 222
45 214
45 223
45 58
45 224
45 62
45 225
45 226
45 218
45 64
45 26
45 8
45 227
45 69
45 2
45 9
45 228
45 229
45 216
45 230
45 90
45 231
232 233
234 224
235 40
236 177
16 237
16 238
16 17
16 239
16 19
16 240
169 50
169 8
169 241
169 242
169 243
169 74
169 182
169 244
169 9
169 245
169 246
169 247
248 249
98 250
98 251
98 8
98 252
98 253
98 254
98 66
98 68
98 255
98 97
98 75
256 8
257 258
257 259
257 260
257 261
262 263
262 61
262 264
262 55
262 265
262 266
262 75
267 268
267 269
267 165
173 40
173 179
173 192
157 42
157 270
157 271
157 272
157 273
274 275
274 95
274 276
274 277
274 62
274 58
274 11
274 66
274 185
274 278
274 265
274 224
274 75
274 279
280 281
280 282
283 284
140 8
140 285
140 64
140 214
286 287
286 288
286 289
286 290
286 291
286 292
286 293
286 294
69 295
69 223
69 296
69 95
69 225
69 97
69 224
69 297
69 298
69 135
69 228
69 299
69 62
69 300
69 226
69 301
69 218
69 64
69 26
69 8
69 227
69 11
69 66
69 302
69 4
69 68
69 230
69 251
69 12
69 58
69 9
69 303
69 213
69 253
69 304
69 74
69 124
69 216
69 305
69 306
69 307
69 76
69 75
69 27
308 84
308 309
2 64
2 26
2 8
2 227
2 50
2 310
2 304
2 4
2 9
2 305
2 311
2 218
312 8
312 296
303 8
303 304
303 228
303 224
303 230
313 307
243 314
243 161
243 8
243 172
243 167
243 177
243 178
243 182
243 9
243 247
170 315
170 198
170 201
170 40
170 189
170 316
170 203
170 192
317 77
21 14
21 238
21 18
21 20
21 22
21 240
318 319
75 320
75 220
75 55
75 295
75 95
75 321
75 59
75 97
75 72
75 224
75 60
75 250
75 50
75 322
75 61
75 62
75 323
75 324
75 230
75 64
75 26
75 208
75 8
75 56
75 226
75 325
75 66
75 185
75 4
75 67
75 326
75 68
75 31
75 327
75 70
75 71
75 251
75 58
75 9
75 17
75 253
75 328
75 74
75 265
75 329
75 330
75 76
75 331
75 77
295 8
295 56
295 95
295 66
295 4
295 97
295 230
295 125
332 250
332 333
332 77
95 55
95 223
95 334
95 56
95 59
95 335
95 97
95 72
95 60
95 50
95 322
95 214
95 61
95 228
95 336
95 337
95 296
95 119
95 64
95 26
95 208
95 8
95 227
95 178
95 215
95 66
95 67
95 338
95 68
95 285
95 70
95 251
95 9
95 213
95 253
95 74
95 71
95 31
95 305
95 77
95 307
271 8
271 339
335 178
335 240
220 70
220 64
220 31
220 8
220 340
220 135
220 56
220 74
220 139
83 341
83 82
83 342
83 84
83 343
83 86
83 87
83 344
83 85
112 101
112 102
112 103
112 105
112 106
112 108
112 109
112 110
112 112
345 346
292 259
292 287
292 289
292 290
292 291
292 294
292 293
292 288
197 175
197 40
197 164
197 168
197 347
197 348
197 166
349 350
351 352
351 353
354 355
354 301
354 356
354 276
354 357
354 224
255 64
255 31
255 55
255 8
255 56
255 74
358 107
358 104
358 129
348 40
348 199
348 164
348 359
264 265
218 58
218 224
218 297
218 136
218 62
218 225
218 226
218 360
218 64
218 26
218 300
218 8
218 227
218 11
218 66
218 302
218 25
218 68
218 9
218 361
218 304
218 228
218 305
218 362
218 230
218 27
363 50
363 61
363 364
363 8
363 365
363 77
64 320
64 55
64 340
64 56
64 225
64 97
64 99
64 31
64 121
64 135
64 188
64 139
64 366
64 296
64 63
64 26
64 209
64 227
64 367
64 11
64 66
64 67
64 368
64 285
64 70
64 301
64 300
64 304
64 74
64 76
64 27
26 55
26 337
26 296
26 57
26 122
26 138
26 97
26 224
26 297
26 50
26 121
26 61
26 299
26 62
26 301
26 222
26 225
26 8
26 227
26 325
26 11
26 66
26 4
26 25
26 338
26 68
26 285
26 230
26 58
26 9
26 300
26 304
26 228
26 221
26 124
26 369
26 216
26 305
26 362
26 76
26 125
26 27
370 250
370 353
371 372
373 327
373 374
373 375
373 376
373 377
376 374
378 379
378 380
381 310
381 346
381 382
383 8
52 384
52 385
52 386
52 387
52 388
52 389
388 176
388 390
388 391
392 40
393 394
393 104
393 395
393 107
393 387
393 129
393 396
397 327
397 250
397 353
397 398
397 77
152 192
152 399
152 400
152 40
152 401
152 190
152 166
133 250
133 352
133 353
133 132
133 330
402 89
402 403
404 43
404 47
404 46
72 66
72 61
72 223
72 8
72 55
72 321
72 97
72 331
72 77
391 154
391 142
391 143
391 155
244 208
244 167
244 405
266 265
406 8
406 224
406 357
406 68
407 8
407 77
281 408
281 409
281 282
281 1
281 410
281 411
281 412
281 5
281 6
413 414
413 350
413 415
413 118
413 242
413 398
413 416
413 224
342 343
296 214
296 60
296 50
296 417
296 63
296 209
296 8
296 325
296 11
296 67
296 338
296 285
296 9
296 305
296 230
296 231
296 27
36 37
36 418
36 419
36 420
36 421
36 39
190 40
190 164
422 8
422 302
246 25
246 423
246 424
246 8
425 179
425 174
425 40
425 426
425 166
425 359
394 107
394 104
394 110
427 428
427 429
427 430
431 432
431 250
431 365
194 40
194 426
194 179
135 63
135 70
135 31
135 221
135 8
135 361
135 62
135 58
135 74
135 433
135 222
135 434
299 300
299 27
299 56
299 122
299 66
299 225
299 366
299 99
62 284
62 138
62 56
62 225
62 97
62 435
62 300
62 139
62 8
62 227
62 11
62 66
62 67
62 326
62 68
62 124
62 76
62 27
3 230
436 242
436 437
398 118
398 353
398 416
398 438
398 439
434 63
434 275
434 55
434 252
434 304
434 440
434 441
434 25
434 245
434 442
434 298
366 443
366 222
366 214
366 209
366 8
366 340
366 361
366 228
366 9
366 444
366 224
366 68
445 305
350 116
222 63
222 227
222 56
222 66
222 446
222 139
447 8
447 117
319 448
319 449
319 450
319 451
176 192
176 40
176 166
176 196
176 179
118 437
118 8
118 242
118 11
118 416
118 452
118 438
118 362
118 117
118 27
453 454
453 395
453 107
453 104
453 128
343 341
343 84
343 85
343 344
327 250
327 455
327 182
327 97
327 375
327 77
154 146
154 142
154 143
154 144
154 456
154 159
154 155
154 457
154 147
309 8
309 250
309 353
309 77
458 282
458 1
458 410
458 412
458 6
454 104
454 395
454 107
454 110
454 129
307 459
307 17
307 213
307 212
307 460
396 104
396 461
396 395
396 128
396 462
396 107
396 129
463 432
289 259
289 287
289 288
289 464
289 290
289 291
289 294
289 293
289 465
289 466
340 70
340 31
340 8
340 361
340 42
467 277
138 468
138 56
138 136
138 58
138 4
138 469
138 435
288 287
288 290
288 291
288 293
288 294
288 465
187 8
187 252
187 242
187 302
187 440
187 99
126 223
470 8
471 472
471 322
471 77
37 418
37 473
37 38
37 39
192 162
192 164
192 165
192 400
192 179
192 168
192 171
192 474
192 181
192 174
192 175
192 40
192 475
192 200
192 166
192 180
192 183
193 193
193 174
193 40
193 196
193 179
476 8
476 11
476 116
476 185
476 9
477 227
478 20
167 208
167 8
167 242
167 9
167 247
336 223
336 66
276 479
276 480
276 481
452 8
452 9
452 117
452 119
482 53
86 82
86 84
86 483
86 87
86 85
474 419
474 420
474 421
474 484
474 485
474 39
474 387
486 304
486 435
486 224
487 339
487 488
174 166
174 40
174 426
174 196
174 389
174 179
174 359
208 17
208 149
208 213
208 206
208 489
208 66
208 405
208 80
208 67
11 490
11 55
11 337
11 58
11 224
11 304
11 188
11 8
11 491
11 302
11 4
11 438
11 68
11 12
11 9
11 228
11 216
11 230
11 357
185 481
185 8
185 480
416 242
416 438
416 439
22 15
22 238
22 239
22 492
22 240
22 99
372 480
372 481
372 347
132 134
132 131
132 300
132 493
71 66
71 56
494 79
495 40
495 179
495 203
324 66
324 68
324 496
324 361
497 408
497 498
182 423
182 161
182 177
182 499
182 247
500 501
500 502
500 5
216 300
216 136
216 304
216 66
216 225
216 25
216 360
216 224
216 27
230 320
230 55
230 122
230 97
230 99
230 225
230 300
230 209
230 8
230 227
230 325
230 66
230 4
230 68
230 251
230 253
230 304
230 124
230 362
503 40
503 504
503 505
480 506
480 56
480 66
480 139
480 6
507 508
507 12
509 510
509 511
57 337
512 325
315 40
260 513
287 291
287 290
287 293
287 465
275 433
82 84
82 85
82 87
514 144
294 515
294 465
294 466
511 510
511 49
511 516
387 90
387 517
300 320
300 55
300 337
300 468
300 58
300 518
300 435
300 225
300 8
300 227
300 433
300 4
300 68
300 251
300 9
300 361
300 253
300 304
300 228
300 369
300 306
300 362
519 403
419 418
419 40
419 128
419 421
419 39
367 8
411 520
411 282
411 412
465 291
465 521
465 293
212 522
212 80
212 17
212 213
212 206
212 149
212 523
212 67
212 524
212 217
212 525
212 368
526 250
526 527
526 301
526 352
526 353
526 330
526 77
502 390
502 498
25 528
25 8
25 529
25 17
25 253
25 530
25 531
25 251
23 314
68 55
68 58
68 225
68 97
68 224
68 532
68 528
68 533
68 534
68 535
68 323
68 536
68 63
68 8
68 66
68 361
68 27
143 142
143 146
143 144
143 456
143 145
143 457
143 155
143 147
537 538
251 536
539 8
540 90
213 459
213 17
213 455
213 206
213 149
213 265
213 80
213 460
541 247
106 101
106 102
106 103
106 104
106 105
106 108
106 107
106 109
106 110
124 61
124 8
124 177
124 58
124 4
124 9
124 305
124 326
462 108
462 395
462 128
462 129
240 14
240 15
240 18
240 19
240 20
240 353
344 84
125 50
125 322
125 9
125 67
125 8
125 77
231 8
231 403
27 12
27 8
27 224
27 58
27 9
27 302
27 4
27 225
27 362
27 227
320 60
320 532
320 542
320 66
320 337
320 8
320 321
320 9
320 305
320 362
320 331
490 8
543 227
531 225
60 322
60 209
60 361
60 56
60 66
60 225
60 97
60 139
60 285
59 66
59 56
496 254
496 323
439 438
439 544
291 290
291 293
250 455
250 353
250 97
250 330
250 322
250 77
31 70
31 209
31 8
31 56
31 74
31 66
31 97
545 40
400 40
136 8
136 305
80 149
80 215
80 489
87 84
546 107
546 104
355 8
355 242
355 528
355 357
522 525
522 459
547 395
547 110
84 341
84 483
84 85
8 55
8 489
8 405
8 297
8 542
8 121
8 548
8 360
8 226
8 66
8 549
8 550
8 12
8 551
8 433
8 552
8 304
8 76
8 97
8 245
8 252
8 535
8 186
8 139
8 325
8 302
8 228
8 329
8 223
8 553
8 441
8 435
8 533
8 242
8 440
8 209
8 8
8 368
8 285
8 70
8 137
8 17
8 361
8 265
8 301
8 56
8 506
8 554
8 99
8 423
8 528
8 241
8 188
8 225
8 311
8 63
8 119
8 227
8 177
8 67
8 96
8 438
8 555
8 9
8 556
8 74
8 229
8 305
557 89
558 438
558 491
178 119
178 328
178 67
178 97
131 134
548 559
548 4
560 20
109 101
109 102
109 103
109 104
109 105
109 108
109 107
109 110
109 111
285 9
285 50
285 301
1 1
1 561
1 501
1 282
1 5
1 562
1 6
536 357
536 224
536 253
364 563
364 564
364 565
364 333
364 77
442 433
247 314
247 161
247 177
247 549
247 186
566 304
567 441
567 568
567 99
567 440
569 570
569 459
30 571
56 214
56 58
56 50
56 61
56 66
56 67
56 446
56 338
56 322
56 70
56 481
56 9
56 361
56 572
56 304
56 74
56 55
56 305
56 76
58 55
58 284
58 225
58 97
58 435
58 139
58 227
58 66
58 67
58 326
58 76
352 353
352 330
352 77
321 67
359 573
359 199
359 574
359 40
359 575
359 200
42 70
576 40
576 198
577 441
577 252
577 224
20 15
20 578
20 239
20 253
20 20
20 492
188 571
188 579
188 9
188 117
311 214
571 32
580 53
43 44
43 47
145 142
200 40
200 199
200 179
429 6
90 79
90 386
550 224
202 40
202 179
202 180
581 63
183 40
183 179
504 40
55 61
55 301
55 97
55 50
55 121
55 63
55 325
55 66
55 4
55 139
55 9
55 17
55 361
55 304
55 433
55 306
483 582
410 408
410 282
410 501
410 412
410 5
410 520
535 61
535 361
535 4
535 9
535 305
245 433
245 224
322 50
322 61
322 66
322 472
322 77
121 443
121 325
121 9
121 305
326 97
171 40
171 399
575 165
575 40
575 179
575 196
575 166
129 583
129 104
129 461
129 395
129 128
129 107
279 528
584 282
70 66
70 97
70 139
199 40
199 347
475 77
186 252
186 242
186 440
186 99
44 47
44 46
66 337
66 122
66 97
66 338
66 50
66 61
66 323
66 139
66 63
66 227
66 4
66 67
66 444
66 481
66 76
66 254
66 74
66 9
66 305
66 117
66 77
338 325
338 225
338 139
338 76
139 214
139 50
139 209
139 325
139 67
139 481
139 9
139 74
139 305
139 61
223 530
223 9
237 15
12 585
12 508
12 357
12 329
12 362
551 119
426 180
426 40
426 162
426 179
401 40
304 224
304 50
304 63
304 491
304 433
304 4
304 9
304 369
578 528
586 107
586 395
586 128
586 104
455 77
122 61
122 4
122 305
492 15
409 249
409 282
409 6
298 433
252 297
252 433
252 444
252 224
420 39
149 587
149 217
149 459
226 97
226 588
520 5
520 412
520 6
589 488
53 51
203 40
203 448
203 179
325 61
325 74
325 4
325 9
325 305
325 224
107 461
107 102
107 108
107 128
107 101
107 103
107 395
107 105
107 583
107 110
302 433
302 99
15 14
15 239
15 18
15 353
590 67
461 104
333 564
333 565
333 17
333 77
441 433
441 440
441 99
591 538
591 592
591 593
224 99
224 440
224 63
224 357
224 96
224 329
195 40
195 165
195 179
242 594
242 117
5 412
5 562
5 6
595 596
595 225
103 101
103 102
103 104
103 105
103 108
103 110
103 111
433 63
433 440
516 510
360 361
360 9
597 201
328 97
254 532
254 361
254 4
369 225
347 40
598 79
331 67
263 265
116 323
116 599
573 175
573 40
573 179
573 168
573 166
430 6
374 375
506 481
506 9
421 39
421 418
600 179
108 101
108 102
108 104
108 105
108 110
108 111
191 40
99 297
99 9
99 96
50 97
50 301
50 225
50 17
528 9
528 329
528 601
290 403
290 293
456 155
602 469
128 104
128 395
530 464
524 603
604 277
63 209
63 301
63 4
63 9
63 305
63 97
582 605
198 201
198 40
198 468
198 316
198 606
177 14
177 18
177 9
177 424
18 239
67 570
67 61
67 97
67 119
67 9
67 17
67 77
607 40
607 179
440 297
440 9
481 6
457 146
448 451
74 97
111 101
111 102
111 105
111 110
249 282
249 6
608 570
330 353
330 77
330 97
525 17
525 525
525 459
365 77
365 61
489 459
609 403
39 418
39 38
39 485
399 40
606 40
233 513
166 165
166 505
166 574
166 610
166 181
282 412
282 562
282 6
339 488
77 97
77 564
77 565
77 17
77 592
77 353
77 611
269 612
146 142
146 144
146 159
146 155
146 389
144 142
144 144
144 159
34 395
189 40
97 613
97 61
97 119
97 9
164 175
165 40
181 40
181 574
101 105
101 102
101 104
101 110
40 162
40 468
40 168
40 196
40 175
40 316
40 179
40 505
40 201
40 614
40 574
40 204
40 610
210 301
412 408
412 501
412 562
412 6
380 389
179 615
179 616
179 162
179 617
179 196
179 180
179 505
179 610
485 418
102 104
102 105
102 110
155 142
459 17
214 209
239 14
104 395
104 105
104 583
104 110
618 89
175 175
175 168
142 147
89 619
6 428
6 501
6 562
209 4
209 305
105 110
565 564
201 201
17 305
361 301
361 227
361 4
265 61
265 554
301 61
301 4
301 9
180 196
518 227
147 389
619 619
229 9
225 227
225 4
225 9
227 4
227 305
4 305
395 110
